48# Number of electrodes
# x z
0.000     0.000
1.000     0.000
2.000     0.000
3.000     0.000
4.000     0.000
5.000     0.000
6.000     0.000
7.000     0.000
8.000     0.000
9.000     0.000
10.000     0.000
11.000     0.000
12.000     0.000
13.000     0.000
14.000     0.000
15.000     0.000
16.000     0.000
17.000     0.000
18.000     0.000
19.000     0.000
20.000     0.000
21.000     0.000
22.000     0.000
23.000     0.000
24.000     0.000
25.000     0.000
26.000     0.000
27.000     0.000
28.000     0.000
29.000     0.000
30.000     0.000
31.000     0.000
32.000     0.000
33.000     0.000
34.000     0.000
35.000     0.000
36.000     0.000
37.000     0.000
38.000     0.000
39.000     0.000
40.000     0.000
41.000     0.000
42.000     0.000
43.000     0.000
44.000     0.000
45.000     0.000
46.000     0.000
47.000     0.000
909# Number of data
# a   b   m   n      rhoa      x      z
     1      4      2      3   4233.389      1.500     -0.330
     2      5      3      4   5530.940      2.500     -0.330
     3      6      4      5   6817.495      3.500     -0.330
     4      7      5      6   4548.653      4.500     -0.330
     5      8      6      7   5855.107      5.500     -0.330
     6      9      7      8   5184.455      6.500     -0.330
     7     10      8      9   7916.605      7.500     -0.330
     8     11      9     10   7845.655      8.500     -0.330
     9     12     10     11  10484.824      9.500     -0.330
    10     13     11     12   9200.821     10.500     -0.330
    11     14     12     13   7216.151     11.500     -0.330
    12     15     13     14  10181.882     12.500     -0.330
    13     16     14     15   8045.315     13.500     -0.330
    14     17     15     16  10075.281     14.500     -0.330
    15     18     16     17   9715.398     15.500     -0.330
    16     19     17     18  10380.743     16.500     -0.330
    17     20     18     19  11498.940     17.500     -0.330
    18     21     19     20   9779.884     18.500     -0.330
    19     22     20     21  10715.929     19.500     -0.330
    20     23     21     22   7412.981     20.500     -0.330
    21     24     22     23   6184.903     21.500     -0.330
    22     25     23     24   5240.381     22.500     -0.330
    23     26     24     25   4761.137     23.500     -0.330
    24     27     25     26   4936.577     24.500     -0.330
    25     28     26     27   5076.744     25.500     -0.330
    26     29     27     28   6088.045     26.500     -0.330
    27     30     28     29   5454.607     27.500     -0.330
    28     31     29     30   6908.102     28.500     -0.330
    29     32     30     31   6779.494     29.500     -0.330
    30     33     31     32   6420.774     30.500     -0.330
    31     34     32     33   6186.612     31.500     -0.330
    32     35     33     34   6739.912     32.500     -0.330
    33     36     34     35   4203.752     33.500     -0.330
    34     37     35     36   7079.325     34.500     -0.330
    35     38     36     37   2800.359     35.500     -0.330
    36     39     37     38   5168.537     36.500     -0.330
    37     40     38     39   1937.644     37.500     -0.330
    38     41     39     40   3643.504     38.500     -0.330
    39     42     40     41   1886.885     39.500     -0.330
    40     43     41     42   4104.952     40.500     -0.330
    41     44     42     43   3590.679     41.500     -0.330
    42     45     43     44   3934.482     42.500     -0.330
    43     46     44     45   4981.344     43.500     -0.330
    44     47     45     46   5553.038     44.500     -0.330
    45     48     46     47   6695.133     45.500     -0.330
     1      7      3      5   2331.553      3.000     -0.660
     2      8      4      6   2933.419      4.000     -0.660
     3      9      5      7   3460.383      5.000     -0.660
     4     10      6      8   3910.511      6.000     -0.660
     5     11      7      9   4452.059      7.000     -0.660
     6     12      8     10   5249.843      8.000     -0.660
     7     13      9     11   5800.951      9.000     -0.660
     8     14     10     12   5701.274     10.000     -0.660
     9     15     11     13   5172.386     11.000     -0.660
    10     16     12     14   7054.821     12.000     -0.660
    11     17     13     15   7781.616     13.000     -0.660
    12     18     14     16   7394.117     14.000     -0.660
    13     19     15     17   6522.327     15.000     -0.660
    14     20     16     18   7176.543     16.000     -0.660
    15     21     17     19   6650.961     17.000     -0.660
    16     22     18     20   6856.759     18.000     -0.660
    17     23     19     21   6230.639     19.000     -0.660
    18     24     20     22   5599.814     20.000     -0.660
    19     25     21     23   4233.419     21.000     -0.660
    20     26     22     24   3965.826     22.000     -0.660
    21     27     23     25   3892.400     23.000     -0.660
    22     28     24     26   3952.222     24.000     -0.660
    23     29     25     27   4189.284     25.000     -0.660
    24     30     26     28   4480.845     26.000     -0.660
    25     31     27     29   4832.836     27.000     -0.660
    26     32     28     30   5536.913     28.000     -0.660
    27     33     29     31   6461.034     29.000     -0.660
    28     34     30     32   5951.148     30.000     -0.660
    29     35     31     33   5349.785     31.000     -0.660
    30     36     32     34   5186.610     32.000     -0.660
    31     37     33     35   5275.609     33.000     -0.660
    32     38     34     36   4735.206     34.000     -0.660
    33     39     35     37   4025.490     35.000     -0.660
    34     40     36     38   2996.092     36.000     -0.660
    35     41     37     39   2538.945     37.000     -0.660
    36     42     38     40   2283.362     38.000     -0.660
    37     43     39     41   2116.825     39.000     -0.660
    38     44     40     42   2989.398     40.000     -0.660
    39     45     41     43   2729.270     41.000     -0.660
    40     46     42     44   2840.025     42.000     -0.660
    41     47     43     45   3144.155     43.000     -0.660
    42     48     44     46   4333.509     44.000     -0.660
     1     10      4      7   1809.545      4.500     -0.990
     2     11      5      8   1994.642      5.500     -0.990
     3     12      6      9   2490.917      6.500     -0.990
     4     13      7     10   3061.547      7.500     -0.990
     5     14      8     11   3732.201      8.500     -0.990
     6     15      9     12   3646.539      9.500     -0.990
     7     16     10     13   3515.495     10.500     -0.990
     8     17     11     14   3941.968     11.500     -0.990
     9     18     12     15   4623.413     12.500     -0.990
    10     19     13     16   5089.955     13.500     -0.990
    11     20     14     17   4717.173     14.500     -0.990
    12     21     15     18   3850.259     15.500     -0.990
    13     22     16     19   3355.000     16.500     -0.990
    14     23     17     20   3880.662     17.500     -0.990
    15     24     18     21   4263.204     18.500     -0.990
    16     25     19     22   4033.971     19.500     -0.990
    17     26     20     23   3550.429     20.500     -0.990
    18     27     21     24   2812.972     21.500     -0.990
    19     28     22     25   2825.618     22.500     -0.990
    20     29     23     26   3004.219     23.500     -0.990
    21     30     24     27   3005.643     24.500     -0.990
    22     31     25     28   3065.017     25.500     -0.990
    23     32     26     29   3160.545     26.500     -0.990
    24     33     27     30   3629.360     27.500     -0.990
    25     34     28     31   3818.652     28.500     -0.990
    26     35     29     32   3878.820     29.500     -0.990
    27     36     30     33   2974.143     30.500     -0.990
    28     37     31     34   3170.041     31.500     -0.990
    29     38     32     35   2731.453     32.500     -0.990
    30     39     33     36   3321.086     33.500     -0.990
    31     40     34     37   3075.537     34.500     -0.990
    32     41     35     38   3074.068     35.500     -0.990
    33     42     36     39   1755.463     36.500     -0.990
    34     43     37     40   1960.849     37.500     -0.990
    35     44     38     41   1494.628     38.500     -0.990
    36     45     39     42   1983.824     39.500     -0.990
    37     46     40     43   1855.073     40.500     -0.990
    38     47     41     44   2228.308     41.500     -0.990
    39     48     42     45   1859.639     42.500     -0.990
     1     13      5      9   1335.332      6.000     -1.320
     2     14      6     10   1459.499      7.000     -1.320
     3     15      7     11   2076.264      8.000     -1.320
     4     16      8     12   2186.774      9.000     -1.320
     5     17      9     13   2305.038     10.000     -1.320
     6     18     10     14   2605.650     11.000     -1.320
     7     19     11     15   2500.156     12.000     -1.320
     8     20     12     16   2506.827     13.000     -1.320
     9     21     13     17   2459.452     14.000     -1.320
    10     22     14     18   2245.066     15.000     -1.320
    11     23     15     19   2474.658     16.000     -1.320
    12     24     16     20   2329.754     17.000     -1.320
    13     25     17     21   2616.372     18.000     -1.320
    14     26     18     22   2501.802     19.000     -1.320
    15     27     19     23   2493.987     20.000     -1.320
    16     28     20     24   2383.257     21.000     -1.320
    17     29     21     25   1924.766     22.000     -1.320
    18     30     22     26   1970.693     23.000     -1.320
    19     31     23     27   1869.341     24.000     -1.320
    20     32     24     28   2099.787     25.000     -1.320
    21     33     25     29   2151.051     26.000     -1.320
    22     34     26     30   2118.401     27.000     -1.320
    23     35     27     31   2237.436     28.000     -1.320
    24     36     28     32   1696.239     29.000     -1.320
    25     37     29     33   1805.221     30.000     -1.320
    26     38     30     34   1655.153     31.000     -1.320
    27     39     31     35   1472.997     32.000     -1.320
    28     40     32     36   1790.159     33.000     -1.320
    29     41     33     37   1820.963     34.000     -1.320
    30     42     34     38   1791.937     35.000     -1.320
    31     43     35     39   1767.177     36.000     -1.320
    32     44     36     40   1331.114     37.000     -1.320
    33     45     37     41   1193.689     38.000     -1.320
    34     46     38     42   1253.880     39.000     -1.320
    35     47     39     43   1235.101     40.000     -1.320
    36     48     40     44   1294.115     41.000     -1.320
     1     16      6     11    973.471      7.500     -1.650
     2     17      7     12   1212.829      8.500     -1.650
     3     18      8     13   1292.167      9.500     -1.650
     4     19      9     14   1416.538     10.500     -1.650
     5     20     10     15   1576.428     11.500     -1.650
     6     21     11     16   1269.577     12.500     -1.650
     7     22     12     17   1144.924     13.500     -1.650
     8     23     13     18   1105.111     14.500     -1.650
     9     24     14     19   1259.990     15.500     -1.650
    10     25     15     20   1460.895     16.500     -1.650
    11     26     16     21   1858.714     17.500     -1.650
    12     27     17     22   1564.398     18.500     -1.650
    13     28     18     23   1419.532     19.500     -1.650
    14     29     19     24   1516.538     20.500     -1.650
    15     30     20     25   1557.680     21.500     -1.650
    16     31     21     26   1037.162     22.500     -1.650
    17     32     22     27   1260.593     23.500     -1.650
    18     33     23     28   1318.752     24.500     -1.650
    19     34     24     29   1252.299     25.500     -1.650
    20     35     25     30   1318.363     26.500     -1.650
    21     36     26     31   1136.383     27.500     -1.650
    22     37     27     32   1084.871     28.500     -1.650
    23     38     28     33    877.112     29.500     -1.650
    24     39     29     34    929.722     30.500     -1.650
    25     40     30     35    998.993     31.500     -1.650
    26     41     31     36    963.039     32.500     -1.650
    27     42     32     37    911.782     33.500     -1.650
    28     43     33     38   1040.882     34.500     -1.650
    29     44     34     39    952.452     35.500     -1.650
    30     45     35     40   1008.448     36.500     -1.650
    31     46     36     41    850.128     37.500     -1.650
    32     47     37     42    932.294     38.500     -1.650
    33     48     38     43    757.577     39.500     -1.650
     1     19      7     13    584.803      9.000     -1.980
     2     20      8     14    760.186     10.000     -1.980
     3     21      9     15    657.985     11.000     -1.980
     4     22     10     16    711.870     12.000     -1.980
     5     23     11     17    766.420     13.000     -1.980
     6     24     12     18    380.346     14.000     -1.980
     7     25     13     19    455.899     15.000     -1.980
     8     26     14     20    761.965     16.000     -1.980
     9     27     15     21   1046.038     17.000     -1.980
    10     28     16     22    931.485     18.000     -1.980
    11     29     17     23   1027.599     19.000     -1.980
    12     30     18     24    992.357     20.000     -1.980
    13     31     19     25    783.632     21.000     -1.980
    14     32     20     26    910.773     22.000     -1.980
    15     33     21     27    627.485     23.000     -1.980
    16     34     22     28    837.571     24.000     -1.980
    17     35     23     29    777.980     25.000     -1.980
    18     36     24     30    719.026     26.000     -1.980
    19     37     25     31    729.917     27.000     -1.980
    20     38     26     32    643.546     28.000     -1.980
    21     39     27     33    665.913     29.000     -1.980
    22     40     28     34    616.773     30.000     -1.980
    23     41     29     35    605.826     31.000     -1.980
    24     42     30     36    557.353     32.000     -1.980
    25     43     31     37    507.304     33.000     -1.980
    26     44     32     38    575.502     34.000     -1.980
    27     45     33     39    566.609     35.000     -1.980
    28     46     34     40    604.776     36.000     -1.980
    29     47     35     41    590.063     37.000     -1.980
    30     48     36     42    475.604     38.000     -1.980
     1     22      8     15    383.791     10.500     -2.310
     2     23      9     16    449.275     11.500     -2.310
     3     24     10     17    423.166     12.500     -2.310
     4     25     11     18    351.375     13.500     -2.310
     5     26     12     19    496.903     14.500     -2.310
     6     27     13     20   -606.441     15.500     -2.310
     7     28     14     21   1082.017     16.500     -2.310
     8     29     15     22    505.572     17.500     -2.310
     9     30     16     23    514.377     18.500     -2.310
    10     31     17     24    539.098     19.500     -2.310
    11     32     18     25    661.435     20.500     -2.310
    12     33     19     26    613.549     21.500     -2.310
    13     34     20     27    616.246     22.500     -2.310
    14     35     21     28    219.561     23.500     -2.310
    15     36     22     29    458.323     24.500     -2.310
    16     37     23     30    471.237     25.500     -2.310
    17     38     24     31    474.047     26.500     -2.310
    18     39     25     32    453.846     27.500     -2.310
    19     40     26     33    450.384     28.500     -2.310
    20     41     27     34    495.293     29.500     -2.310
    21     42     28     35    434.840     30.500     -2.310
    22     43     29     36    500.050     31.500     -2.310
    23     44     30     37    357.013     32.500     -2.310
    24     45     31     38    340.653     33.500     -2.310
    25     46     32     39    362.688     34.500     -2.310
    26     47     33     40    358.774     35.500     -2.310
    27     48     34     41    321.658     36.500     -2.310
     1     25      9     17    290.582     12.000     -2.640
     2     26     10     18    227.008     13.000     -2.640
     3     27     11     19    317.971     14.000     -2.640
     4     28     12     20    207.209     15.000     -2.640
     5     29     13     21    572.665     16.000     -2.640
     6     30     14     22     31.074     17.000     -2.640
     7     31     15     23    189.578     18.000     -2.640
     8     32     16     24    276.416     19.000     -2.640
     9     33     17     25    328.710     20.000     -2.640
    10     34     18     26    401.761     21.000     -2.640
    11     35     19     27    412.719     22.000     -2.640
    12     36     20     28    378.057     23.000     -2.640
    13     37     21     29   -526.458     24.000     -2.640
    14     38     22     30    298.858     25.000     -2.640
    15     39     23     31    340.472     26.000     -2.640
    16     40     24     32    368.602     27.000     -2.640
    17     41     25     33    353.325     28.000     -2.640
    18     42     26     34    320.581     29.000     -2.640
    19     43     27     35    344.098     30.000     -2.640
    20     44     28     36    350.919     31.000     -2.640
    21     45     29     37    311.978     32.000     -2.640
    22     46     30     38    228.215     33.000     -2.640
    23     47     31     39    233.213     34.000     -2.640
    24     48     32     40    179.363     35.000     -2.640
     1     28     10     19    205.029     13.500     -2.970
     2     29     11     20    177.399     14.500     -2.970
     3     30     12     21    477.616     15.500     -2.970
     4     31     13     22   -293.118     16.500     -2.970
     5     32     14     23    195.846     17.500     -2.970
     6     33     15     24   -305.951     18.500     -2.970
     7     34     16     25    -29.363     19.500     -2.970
     8     35     17     26    212.761     20.500     -2.970
     9     36     18     27    241.192     21.500     -2.970
    10     37     19     28    241.421     22.500     -2.970
    11     38     20     29    267.837     23.500     -2.970
    12     39     21     30   -111.362     24.500     -2.970
    13     40     22     31    277.589     25.500     -2.970
    14     41     23     32    275.014     26.500     -2.970
    15     42     24     33    289.045     27.500     -2.970
    16     43     25     34    279.083     28.500     -2.970
    17     44     26     35    260.249     29.500     -2.970
    18     45     27     36    273.192     30.500     -2.970
    19     46     28     37    270.194     31.500     -2.970
    20     47     29     38    254.551     32.500     -2.970
    21     48     30     39    132.612     33.500     -2.970
     1     31     11     21    416.229     15.000     -3.300
     2     32     12     22     83.988     16.000     -3.300
     3     33     13     23     62.047     17.000     -3.300
     4     34     14     24    -55.201     18.000     -3.300
     5     35     15     25    147.751     19.000     -3.300
     6     36     16     26     17.216     20.000     -3.300
     7     37     17     27     98.409     21.000     -3.300
     8     38     18     28    175.302     22.000     -3.300
     9     39     19     29    180.976     23.000     -3.300
    10     40     20     30    236.296     24.000     -3.300
    11     41     21     31   -218.578     25.000     -3.300
    12     42     22     32    234.668     26.000     -3.300
    13     43     23     33    269.126     27.000     -3.300
    14     44     24     34    245.188     28.000     -3.300
    15     45     25     35    225.274     29.000     -3.300
    16     46     26     36    230.361     30.000     -3.300
    17     47     27     37    217.516     31.000     -3.300
    18     48     28     38    145.363     32.000     -3.300
     1     34     12     23     79.718     16.500     -3.630
     2     35     13     24    -75.341     17.500     -3.630
     3     36     14     25     97.681     18.500     -3.630
     4     37     15     26     38.510     19.500     -3.630
     5     38     16     27    106.136     20.500     -3.630
     6     39     17     28   -221.804     21.500     -3.630
     7     40     18     29    125.834     22.500     -3.630
     8     41     19     30    187.721     23.500     -3.630
     9     42     20     31    243.639     24.500     -3.630
    10     43     21     32   -671.733     25.500     -3.630
    11     44     22     33    187.430     26.500     -3.630
    12     45     23     34    226.412     27.500     -3.630
    13     46     24     35    262.291     28.500     -3.630
    14     47     25     36    197.115     29.500     -3.630
    15     48     26     37     73.342     30.500     -3.630
     1     37     13     25     30.472     18.000     -3.960
     2     38     14     26     65.348     19.000     -3.960
     3     39     15     27    102.465     20.000     -3.960
     4     40     16     28    -64.871     21.000     -3.960
     5     41     17     29     93.346     22.000     -3.960
     6     42     18     30    482.677     23.000     -3.960
     7     43     19     31    178.796     24.000     -3.960
     8     44     20     32    177.096     25.000     -3.960
     9     45     21     33   -124.904     26.000     -3.960
    10     46     22     34    159.301     27.000     -3.960
    11     47     23     35    197.218     28.000     -3.960
    12     48     24     36    220.597     29.000     -3.960
     1     40     14     27     94.705     19.500     -4.290
     2     41     15     28     87.990     20.500     -4.290
     3     42     16     29     21.558     21.500     -4.290
     4     43     17     30    142.490     22.500     -4.290
     5     44     18     31    219.937     23.500     -4.290
     6     45     19     32    577.414     24.500     -4.290
     7     46     20     33    162.217     25.500     -4.290
     8     47     21     34   -129.172     26.500     -4.290
     9     48     22     35    192.451     27.500     -4.290
     1     43     15     29    -15.908     21.000     -4.620
     2     44     16     30    152.805     22.000     -4.620
     3     45     17     31    166.930     23.000     -4.620
     4     46     18     32    273.718     24.000     -4.620
     5     47     19     33    206.159     25.000     -4.620
     6     48     20     34    765.591     26.000     -4.620
     1     46     16     31    152.626     22.500     -4.950
     2     47     17     32    132.252     23.500     -4.950
     3     48     18     33    260.462     24.500     -4.950
     1      2      4      3   8523.183      1.500     -0.585
     2      3      5      4   7216.042      2.500     -0.585
     3      4      6      5   5968.684      3.500     -0.585
     4      5      7      6   9608.895      4.500     -0.585
     5      6      8      7   4214.740      5.500     -0.585
     6      7      9      8   4498.160      6.500     -0.585
     7      8     10      9   6592.334      7.500     -0.585
     8      9     11     10  14276.582      8.500     -0.585
     9     10     12     11  10925.827      9.500     -0.585
    10     11     13     12   9749.315     10.500     -0.585
    11     12     14     13  10840.338     11.500     -0.585
    12     13     15     14   5737.247     12.500     -0.585
    13     14     16     15  11216.614     13.500     -0.585
    14     15     17     16  10898.717     14.500     -0.585
    15     16     18     17  11338.070     15.500     -0.585
    16     17     19     18  10361.635     16.500     -0.585
    17     18     20     19  11588.547     17.500     -0.585
    18     19     21     20  16296.173     18.500     -0.585
    19     20     22     21  10683.557     19.500     -0.585
    20     21     23     22   9049.713     20.500     -0.585
    21     22     24     23   6855.249     21.500     -0.585
    22     23     25     24   5111.856     22.500     -0.585
    23     24     26     25   5048.063     23.500     -0.585
    24     25     27     26   5131.985     24.500     -0.585
    25     26     28     27   5536.109     25.500     -0.585
    26     27     29     28   5670.761     26.500     -0.585
    27     28     30     29   7423.553     27.500     -0.585
    28     29     31     30   5540.674     28.500     -0.585
    29     30     32     31   6696.608     29.500     -0.585
    30     31     33     32   7547.187     30.500     -0.585
    31     32     34     33   6517.590     31.500     -0.585
    32     33     35     34   4887.503     32.500     -0.585
    33     34     36     35   7423.853     33.500     -0.585
    34     35     37     36   2880.135     34.500     -0.585
    35     36     38     37   8539.635     35.500     -0.585
    36     37     39     38   2481.074     36.500     -0.585
    37     38     40     39   3832.709     37.500     -0.585
    38     39     41     40   1103.444     38.500     -0.585
    39     40     42     41   4711.583     39.500     -0.585
    40     41     43     42   2515.013     40.500     -0.585
    41     42     44     43   4016.843     41.500     -0.585
    42     43     45     44   5435.331     42.500     -0.585
    43     44     46     45   4678.987     43.500     -0.585
    44     45     47     46   4987.430     44.500     -0.585
    45     46     48     47   7440.142     45.500     -0.585
     1      2      5      4   4391.560      2.000     -0.780
     2      3      6      5   5493.698      3.000     -0.780
     3      4      7      6   4345.673      4.000     -0.780
     4      5      8      7   5580.443      5.000     -0.780
     5      6      9      8   3700.191      6.000     -0.780
     6      7     10      9   4437.050      7.000     -0.780
     7      8     11     10   8855.365      8.000     -0.780
     8      9     12     11   8565.534      9.000     -0.780
     9     10     13     12  10521.123     10.000     -0.780
    10     11     14     13  10672.613     11.000     -0.780
    11     12     15     14   6696.910     12.000     -0.780
    12     13     16     15   5758.479     13.000     -0.780
    13     14     17     16  10732.193     14.000     -0.780
    14     15     18     17  10717.408     15.000     -0.780
    15     16     19     18  12583.170     16.000     -0.780
    16     17     20     19  10926.236     17.000     -0.780
    17     18     21     20  12256.076     18.000     -0.780
    18     19     22     21   8266.898     19.000     -0.780
    19     20     23     22   7083.908     20.000     -0.780
    20     21     24     23   5150.838     21.000     -0.780
    21     22     25     24   4165.127     22.000     -0.780
    22     23     26     25   4260.880     23.000     -0.780
    23     24     27     26   4177.999     24.000     -0.780
    24     25     28     27   5440.015     25.000     -0.780
    25     26     29     28   5924.227     26.000     -0.780
    26     27     30     29   6965.382     27.000     -0.780
    27     28     31     30   7709.923     28.000     -0.780
    28     29     32     31   7150.158     29.000     -0.780
    29     30     33     32   8950.186     30.000     -0.780
    30     31     34     33  10610.997     31.000     -0.780
    31     32     35     34   7773.445     32.000     -0.780
    32     33     36     35   7967.980     33.000     -0.780
    33     34     37     36   5162.564     34.000     -0.780
    34     35     38     37   4174.150     35.000     -0.780
    35     36     39     38   4022.478     36.000     -0.780
    36     37     40     39   2640.868     37.000     -0.780
    37     38     41     40   2284.709     38.000     -0.780
    38     39     42     41   2216.974     39.000     -0.780
    39     40     43     42   2806.199     40.000     -0.780
    40     41     44     43   2471.920     41.000     -0.780
    41     42     45     44   6632.832     42.000     -0.780
    42     43     46     45   4361.900     43.000     -0.780
    43     44     47     46   5188.629     44.000     -0.780
    44     45     48     47   6093.494     45.000     -0.780
     1      2      6      5   4483.228      2.500     -0.975
     2      3      7      6   4458.842      3.500     -0.975
     3      4      8      7   1162.827      4.500     -0.975
     4      5      9      8   4248.264      5.500     -0.975
     5      6     10      9   4440.162      6.500     -0.975
     6      7     11     10   6679.790      7.500     -0.975
     7      8     12     11   5050.476      8.500     -0.975
     8      9     13     12   7384.725      9.500     -0.975
     9     10     14     13   9015.918     10.500     -0.975
    10     11     15     14   8508.988     11.500     -0.975
    11     12     16     15   6523.174     12.500     -0.975
    12     13     17     16   5018.965     13.500     -0.975
    13     14     18     17   9964.774     14.500     -0.975
    14     15     19     18  10462.806     15.500     -0.975
    15     16     20     19  11200.694     16.500     -0.975
    16     17     21     20   9157.564     17.500     -0.975
    17     18     22     21   6823.173     18.500     -0.975
    18     19     23     22   5438.833     19.500     -0.975
    19     20     24     23   4493.171     20.500     -0.975
    20     21     25     24   3884.138     21.500     -0.975
    21     22     26     25   3227.005     22.500     -0.975
    22     23     27     26   3327.498     23.500     -0.975
    23     24     28     27   4209.688     24.500     -0.975
    24     25     29     28   4156.416     25.500     -0.975
    25     26     30     29   6734.214     26.500     -0.975
    26     27     31     30   6296.560     27.500     -0.975
    27     28     32     31   7132.217     28.500     -0.975
    28     29     33     32   6840.520     29.500     -0.975
    29     30     34     33   9244.534     30.500     -0.975
    30     31     35     34   9144.537     31.500     -0.975
    31     32     36     35   8928.746     32.500     -0.975
    32     33     37     36   3979.707     33.500     -0.975
    33     34     38     37   5879.734     34.500     -0.975
    34     35     39     38   2019.194     35.500     -0.975
    35     36     40     39   4048.990     36.500     -0.975
    36     37     41     40   1531.876     37.500     -0.975
    37     38     42     41   3643.530     38.500     -0.975
    38     39     43     42   1295.995     39.500     -0.975
    39     40     44     43   2225.254     40.500     -0.975
    40     41     45     44   3263.639     41.500     -0.975
    41     42     46     45   4206.750     42.500     -0.975
    42     43     47     46   4036.263     43.500     -0.975
    43     44     48     47   5139.150     44.500     -0.975
     1      2      7      6     13.428      3.000     -1.170
     2      3      8      7   2131.146      4.000     -1.170
     3      4      9      8   3102.083      5.000     -1.170
     4      5     10      9   3891.619      6.000     -1.170
     5      6     11     10   2199.856      7.000     -1.170
     6      7     12     11   2032.510      8.000     -1.170
     7      8     13     12   2339.419      9.000     -1.170
     8      9     14     13   6122.366     10.000     -1.170
     9     10     15     14   6524.148     11.000     -1.170
    10     11     16     15   7377.747     12.000     -1.170
    11     12     17     16   5670.260     13.000     -1.170
    12     13     18     17   4334.098     14.000     -1.170
    13     14     19     18   8477.569     15.000     -1.170
    14     15     20     19   8474.651     16.000     -1.170
    15     16     21     20  10022.962     17.000     -1.170
    16     17     22     21   5486.507     18.000     -1.170
    17     18     23     22   3995.458     19.000     -1.170
    18     19     24     23   3694.340     20.000     -1.170
    19     20     25     24   3328.406     21.000     -1.170
    20     21     26     25   3669.179     22.000     -1.170
    21     22     27     26   2523.805     23.000     -1.170
    22     23     28     27   3325.865     24.000     -1.170
    23     24     29     28   3289.794     25.000     -1.170
    24     25     30     29   3635.989     26.000     -1.170
    25     26     31     30   5647.829     27.000     -1.170
    26     27     32     31   4696.213     28.000     -1.170
    27     28     33     32   6371.339     29.000     -1.170
    28     29     34     33   6695.928     30.000     -1.170
    29     30     35     34   7180.173     31.000     -1.170
    30     31     36     35   9133.628     32.000     -1.170
    31     32     37     36   3870.063     33.000     -1.170
    32     33     38     37   3882.183     34.000     -1.170
    33     34     39     38   2481.515     35.000     -1.170
    34     35     40     39   1626.061     36.000     -1.170
    35     36     41     40   2125.137     37.000     -1.170
    36     37     42     41   2210.209     38.000     -1.170
    37     38     43     42   2032.807     39.000     -1.170
    38     39     44     43   1064.897     40.000     -1.170
    39     40     45     44   2567.485     41.000     -1.170
    40     41     46     45   1905.790     42.000     -1.170
    41     42     47     46   3857.027     43.000     -1.170
    42     43     48     47   3253.686     44.000     -1.170
     1      2      8      7    570.604      3.500     -1.365
     2      3      9      8   1719.730      4.500     -1.365
     3      4     10      9   2981.993      5.500     -1.365
     4      5     11     10   6528.621      6.500     -1.365
     5      6     12     11   5514.852      7.500     -1.365
     6      7     13     12  -2887.196      8.500     -1.365
     7      8     14     13   7782.076      9.500     -1.365
     8      9     15     14   4042.404     10.500     -1.365
     9     10     16     15   5972.543     11.500     -1.365
    10     11     17     16   6292.211     12.500     -1.365
    11     12     18     17   4671.864     13.500     -1.365
    12     13     19     18   5308.725     14.500     -1.365
    13     14     20     19   8960.745     15.500     -1.365
    14     15     21     20   5698.180     16.500     -1.365
    15     16     22     21   2537.715     17.500     -1.365
    16     17     23     22   3067.646     18.500     -1.365
    17     18     24     23   2888.034     19.500     -1.365
    18     19     25     24   2599.967     20.500     -1.365
    19     20     26     25   2683.853     21.500     -1.365
    20     21     27     26   2533.842     22.500     -1.365
    21     22     28     27   2578.902     23.500     -1.365
    22     23     29     28   2487.113     24.500     -1.365
    23     24     30     29   2850.356     25.500     -1.365
    24     25     31     30   4905.799     26.500     -1.365
    25     26     32     31   3470.711     27.500     -1.365
    26     27     33     32   3912.938     28.500     -1.365
    27     28     34     33   5391.680     29.500     -1.365
    28     29     35     34   4394.558     30.500     -1.365
    29     30     36     35   6312.472     31.500     -1.365
    30     31     37     36   3061.564     32.500     -1.365
    31     32     38     37   3364.059     33.500     -1.365
    32     33     39     38   1555.523     34.500     -1.365
    33     34     40     39   2212.343     35.500     -1.365
    34     35     41     40   1011.947     36.500     -1.365
    35     36     42     41   2648.565     37.500     -1.365
    36     37     43     42   1074.296     38.500     -1.365
    37     38     44     43   1421.052     39.500     -1.365
    38     39     45     44   1235.135     40.500     -1.365
    39     40     46     45   1522.851     41.500     -1.365
    40     41     47     46   1685.521     42.500     -1.365
    41     42     48     47   4274.758     43.500     -1.365
     1      3      9      7   1562.918      4.000     -1.560
     2      4     10      8   2524.219      5.000     -1.560
     3      5     11      9   3802.214      6.000     -1.560
     4      6     12     10   3932.109      7.000     -1.560
     5      7     13     11   3788.298      8.000     -1.560
     6      8     14     12   3703.275      9.000     -1.560
     7      9     15     13   5335.610     10.000     -1.560
     8     10     16     14   5359.832     11.000     -1.560
     9     11     17     15   6300.459     12.000     -1.560
    10     12     18     16   5512.207     13.000     -1.560
    11     13     19     17   4603.684     14.000     -1.560
    12     14     20     18   6669.111     15.000     -1.560
    13     15     21     19   5838.545     16.000     -1.560
    14     16     22     20   6584.400     17.000     -1.560
    15     17     23     21   3920.301     18.000     -1.560
    16     18     24     22   3269.037     19.000     -1.560
    17     19     25     23   2975.801     20.000     -1.560
    18     20     26     24   2887.370     21.000     -1.560
    19     21     27     25   2937.983     22.000     -1.560
    20     22     28     26   2532.547     23.000     -1.560
    21     23     29     27   2785.392     24.000     -1.560
    22     24     30     28   2833.603     25.000     -1.560
    23     25     31     29   3905.621     26.000     -1.560
    24     26     32     30   4468.492     27.000     -1.560
    25     27     33     31   3937.010     28.000     -1.560
    26     28     34     32   5161.869     29.000     -1.560
    27     29     35     33   5408.150     30.000     -1.560
    28     30     36     34   5723.179     31.000     -1.560
    29     31     37     35   6152.165     32.000     -1.560
    30     32     38     36   3479.975     33.000     -1.560
    31     33     39     37   2865.423     34.000     -1.560
    32     34     40     38   2029.550     35.000     -1.560
    33     35     41     39   1559.331     36.000     -1.560
    34     36     42     40   1878.393     37.000     -1.560
    35     37     43     41   1947.865     38.000     -1.560
    36     38     44     42   1479.821     39.000     -1.560
    37     39     45     43   1234.621     40.000     -1.560
    38     40     46     44   1761.412     41.000     -1.560
    39     41     47     45   1670.434     42.000     -1.560
    40     42     48     46   3142.099     43.000     -1.560
     1      3     11      9   1541.795      5.000     -1.950
     2      4     12     10   1268.759      6.000     -1.950
     3      5     13     11   2127.220      7.000     -1.950
     4      6     14     12   1596.707      8.000     -1.950
     5      7     15     13   -223.431      9.000     -1.950
     6      8     16     14   2873.500     10.000     -1.950
     7      9     17     15   2700.549     11.000     -1.950
     8     10     18     16   3180.906     12.000     -1.950
     9     11     19     17   4094.563     13.000     -1.950
    10     12     20     18   3637.891     14.000     -1.950
    11     13     21     19   5402.571     15.000     -1.950
    12     14     22     20   3006.220     16.000     -1.950
    13     15     23     21   6556.767     17.000     -1.950
    14     16     24     22   2235.406     18.000     -1.950
    15     17     25     23   1868.669     19.000     -1.950
    16     18     26     24   1523.647     20.000     -1.950
    17     19     27     25   1735.199     21.000     -1.950
    18     20     28     26   1840.545     22.000     -1.950
    19     21     29     27   1832.214     23.000     -1.950
    20     22     30     28   1661.384     24.000     -1.950
    21     23     31     29   1713.424     25.000     -1.950
    22     24     32     30   1884.476     26.000     -1.950
    23     25     33     31   1745.970     27.000     -1.950
    24     26     34     32   2016.408     28.000     -1.950
    25     27     35     33   2283.359     29.000     -1.950
    26     28     36     34   2688.398     30.000     -1.950
    27     29     37     35   2456.775     31.000     -1.950
    28     30     38     36   2045.025     32.000     -1.950
    29     31     39     37   2143.986     33.000     -1.950
    30     32     40     38   1310.307     34.000     -1.950
    31     33     41     39    981.884     35.000     -1.950
    32     34     42     40   1155.309     36.000     -1.950
    33     35     43     41   1096.556     37.000     -1.950
    34     36     44     42    965.400     38.000     -1.950
    35     37     45     43    798.351     39.000     -1.950
    36     38     46     44    930.078     40.000     -1.950
    37     39     47     45    742.717     41.000     -1.950
    38     40     48     46    935.470     42.000     -1.950
     1      3     13     11    714.210      6.000     -2.340
     2      4     14     12    657.480      7.000     -2.340
     3      5     15     13   1002.683      8.000     -2.340
     4      6     16     14  -1143.113      9.000     -2.340
     5      7     17     15    609.655     10.000     -2.340
     6      8     18     16   5018.205     11.000     -2.340
     7      9     19     17   2002.984     12.000     -2.340
     8     10     20     18   1937.455     13.000     -2.340
     9     11     21     19   4515.080     14.000     -2.340
    10     12     22     20   1512.684     15.000     -2.340
    11     13     23     21  -5798.885     16.000     -2.340
    12     14     24     22   1092.777     17.000     -2.340
    13     15     25     23    883.072     18.000     -2.340
    14     16     26     24   1184.491     19.000     -2.340
    15     17     27     25   1034.991     20.000     -2.340
    16     18     28     26   1023.757     21.000     -2.340
    17     19     29     27   1169.185     22.000     -2.340
    18     20     30     28    973.369     23.000     -2.340
    19     21     31     29   1489.115     24.000     -2.340
    20     22     32     30   1072.193     25.000     -2.340
    21     23     33     31    617.587     26.000     -2.340
    22     24     34     32    764.448     27.000     -2.340
    23     25     35     33    857.021     28.000     -2.340
    24     26     36     34    845.003     29.000     -2.340
    25     27     37     35   1012.274     30.000     -2.340
    26     28     38     36    579.737     31.000     -2.340
    27     29     39     37    199.730     32.000     -2.340
    28     30     40     38    217.524     33.000     -2.340
    29     31     41     39    277.390     34.000     -2.340
    30     32     42     40    664.937     35.000     -2.340
    31     33     43     41    884.409     36.000     -2.340
    32     34     44     42    458.293     37.000     -2.340
    33     35     45     43    415.734     38.000     -2.340
    34     36     46     44    655.161     39.000     -2.340
    35     37     47     45    475.556     40.000     -2.340
    36     38     48     46    905.489     41.000     -2.340
     1      3     15     13     91.017      7.000     -2.730
     2      4     16     14   1619.859      8.000     -2.730
     3      5     17     15    762.917      9.000     -2.730
     4      6     18     16  -2358.947     10.000     -2.730
     5      7     19     17    181.480     11.000     -2.730
     6      8     20     18   2595.000     12.000     -2.730
     7      9     21     19 -11109.929     13.000     -2.730
     8     10     22     20   1410.407     14.000     -2.730
     9     11     23     21  -3187.164     15.000     -2.730
    10     12     24     22   1726.301     16.000     -2.730
    11     13     25     23    780.308     17.000     -2.730
    12     14     26     24    341.505     18.000     -2.730
    13     15     27     25    200.097     19.000     -2.730
    14     16     28     26    776.851     20.000     -2.730
    15     17     29     27    740.658     21.000     -2.730
    16     18     30     28    604.185     22.000     -2.730
    17     19     31     29    782.815     23.000     -2.730
    18     20     32     30   1043.858     24.000     -2.730
    19     21     33     31    664.485     25.000     -2.730
    20     22     34     32    357.589     26.000     -2.730
    21     23     35     33    363.118     27.000     -2.730
    22     24     36     34    364.860     28.000     -2.730
    23     25     37     35    331.912     29.000     -2.730
    24     26     38     36    459.175     30.000     -2.730
    25     27     39     37    299.388     31.000     -2.730
    26     28     40     38    316.013     32.000     -2.730
    27     29     41     39    776.244     33.000     -2.730
    28     30     42     40    -24.542     34.000     -2.730
    29     31     43     41  -1674.274     35.000     -2.730
    30     32     44     42    672.797     36.000     -2.730
    31     33     45     43    143.484     37.000     -2.730
    32     34     46     44    279.815     38.000     -2.730
    33     35     47     45    440.336     39.000     -2.730
    34     36     48     46    774.892     40.000     -2.730
     1      4     16     13  -2292.494      7.500     -2.925
     2      5     17     14    842.762      8.500     -2.925
     3      6     18     15  -4548.209      9.500     -2.925
     4      7     19     16    202.048     10.500     -2.925
     5      8     20     17    871.918     11.500     -2.925
     6      9     21     18 -17137.527     12.500     -2.925
     7     10     22     19   1291.193     13.500     -2.925
     8     11     23     20   1099.125     14.500     -2.925
     9     12     24     21   -306.810     15.500     -2.925
    10     13     25     22   1038.963     16.500     -2.925
    11     14     26     23    629.245     17.500     -2.925
    12     15     27     24    532.219     18.500     -2.925
    13     16     28     25    610.556     19.500     -2.925
    14     17     29     26    745.266     20.500     -2.925
    15     18     30     27    757.532     21.500     -2.925
    16     19     31     28    748.212     22.500     -2.925
    17     20     32     29    804.382     23.500     -2.925
    18     21     33     30   1519.350     24.500     -2.925
    19     22     34     31    515.690     25.500     -2.925
    20     23     35     32    422.509     26.500     -2.925
    21     24     36     33    426.094     27.500     -2.925
    22     25     37     34    427.859     28.500     -2.925
    23     26     38     35    434.871     29.500     -2.925
    24     27     39     36    361.419     30.500     -2.925
    25     28     40     37    360.385     31.500     -2.925
    26     29     41     38    338.104     32.500     -2.925
    27     30     42     39      7.521     33.500     -2.925
    28     31     43     40      1.312     34.500     -2.925
    29     32     44     41    238.070     35.500     -2.925
    30     33     45     42    688.028     36.500     -2.925
    31     34     46     43    256.895     37.500     -2.925
    32     35     47     44    325.740     38.500     -2.925
    33     36     48     45    853.422     39.500     -2.925
     1      4     19     16  -3072.913      9.000     -3.510
     2      5     20     17    804.790     10.000     -3.510
     3      6     21     18  34976.055     11.000     -3.510
     4      7     22     19   -123.615     12.000     -3.510
     5      8     23     20    104.920     13.000     -3.510
     6      9     24     21  35145.699     14.000     -3.510
     7     10     25     22     12.407     15.000     -3.510
     8     11     26     23    429.827     16.000     -3.510
     9     12     27     24    375.642     17.000     -3.510
    10     13     28     25    544.722     18.000     -3.510
    11     14     29     26    295.105     19.000     -3.510
    12     15     30     27    269.455     20.000     -3.510
    13     16     31     28    429.431     21.000     -3.510
    14     17     32     29    462.218     22.000     -3.510
    15     18     33     30    424.839     23.000     -3.510
    16     19     34     31    304.447     24.000     -3.510
    17     20     35     32    261.515     25.000     -3.510
    18     21     36     33    286.136     26.000     -3.510
    19     22     37     34    196.156     27.000     -3.510
    20     23     38     35    164.229     28.000     -3.510
    21     24     39     36    131.419     29.000     -3.510
    22     25     40     37    146.212     30.000     -3.510
    23     26     41     38     34.483     31.000     -3.510
    24     27     42     39     -9.297     32.000     -3.510
    25     28     43     40    490.164     33.000     -3.510
    26     29     44     41    644.090     34.000     -3.510
    27     30     45     42   -556.213     35.000     -3.510
    28     31     46     43    599.642     36.000     -3.510
    29     32     47     44   1217.380     37.000     -3.510
    30     33     48     45   1622.382     38.000     -3.510
     1      4     22     19   -260.562     10.500     -4.095
     2      5     23     20   -265.886     11.500     -4.095
     3      6     24     21 -57151.809     12.500     -4.095
     4      7     25     22   -769.315     13.500     -4.095
     5      8     26     23   -200.810     14.500     -4.095
     6      9     27     24  -6609.740     15.500     -4.095
     7     10     28     25   -439.422     16.500     -4.095
     8     11     29     26    202.334     17.500     -4.095
     9     12     30     27    -12.410     18.500     -4.095
    10     13     31     28    230.894     19.500     -4.095
    11     14     32     29    332.724     20.500     -4.095
    12     15     33     30    397.800     21.500     -4.095
    13     16     34     31    150.459     22.500     -4.095
    14     17     35     32    121.503     23.500     -4.095
    15     18     36     33    175.337     24.500     -4.095
    16     19     37     34    138.326     25.500     -4.095
    17     20     38     35    135.773     26.500     -4.095
    18     21     39     36    103.512     27.500     -4.095
    19     22     40     37    123.225     28.500     -4.095
    20     23     41     38     73.606     29.500     -4.095
    21     24     42     39    234.139     30.500     -4.095
    22     25     43     40   -249.557     31.500     -4.095
    23     26     44     41   -191.824     32.500     -4.095
    24     27     45     42     38.931     33.500     -4.095
    25     28     46     43   -436.612     34.500     -4.095
    26     29     47     44   -730.919     35.500     -4.095
    27     30     48     45   1490.536     36.500     -4.095
     1      5     25     21  -1967.396     12.000     -4.680
     2      6     26     22   2825.172     13.000     -4.680
     3      7     27     23   1128.817     14.000     -4.680
     4      8     28     24  -2142.471     15.000     -4.680
     5      9     29     25     61.434     16.000     -4.680
     6     10     30     26   -726.839     17.000     -4.680
     7     11     31     27    102.150     18.000     -4.680
     8     12     32     28    212.216     19.000     -4.680
     9     13     33     29    351.190     20.000     -4.680
    10     14     34     30    298.004     21.000     -4.680
    11     15     35     31    143.739     22.000     -4.680
    12     16     36     32     92.212     23.000     -4.680
    13     17     37     33    134.420     24.000     -4.680
    14     18     38     34    124.211     25.000     -4.680
    15     19     39     35    114.168     26.000     -4.680
    16     20     40     36    112.102     27.000     -4.680
    17     21     41     37     80.978     28.000     -4.680
    18     22     42     38     86.753     29.000     -4.680
    19     23     43     39     70.316     30.000     -4.680
    20     24     44     40     18.186     31.000     -4.680
    21     25     45     41    -84.295     32.000     -4.680
    22     26     46     42    356.980     33.000     -4.680
    23     27     47     43   -271.464     34.000     -4.680
    24     28     48     44  -1220.969     35.000     -4.680
     1      5     29     25    321.080     14.000     -5.460
     2      6     30     26   -878.766     15.000     -5.460
     3      7     31     27    281.152     16.000     -5.460
     4      8     32     28    219.243     17.000     -5.460
     5      9     33     29    138.703     18.000     -5.460
     6     10     34     30   -144.350     19.000     -5.460
     7     11     35     31    -16.229     20.000     -5.460
     8     12     36     32     80.725     21.000     -5.460
     9     13     37     33    105.162     22.000     -5.460
    10     14     38     34     83.602     23.000     -5.460
    11     15     39     35     80.197     24.000     -5.460
    12     16     40     36    103.605     25.000     -5.460
    13     17     41     37     88.616     26.000     -5.460
    14     18     42     38    120.494     27.000     -5.460
    15     19     43     39     98.881     28.000     -5.460
    16     20     44     40     77.215     29.000     -5.460
    17     21     45     41     50.668     30.000     -5.460
    18     22     46     42     72.175     31.000     -5.460
    19     23     47     43    155.381     32.000     -5.460
    20     24     48     44    461.392     33.000     -5.460
     1      6     31     26   1157.361     15.000     -5.850
     2      7     32     27    280.255     16.000     -5.850
     3      8     33     28     83.692     17.000     -5.850
     4      9     34     29      0.584     18.000     -5.850
     5     10     35     30    406.132     19.000     -5.850
     6     11     36     31   -221.670     20.000     -5.850
     7     12     37     32    -85.087     21.000     -5.850
     8     13     38     33     96.717     22.000     -5.850
     9     14     39     34     84.653     23.000     -5.850
    10     15     40     35    109.459     24.000     -5.850
    11     16     41     36     76.284     25.000     -5.850
    12     17     42     37    113.606     26.000     -5.850
    13     18     43     38    103.936     27.000     -5.850
    14     19     44     39    101.505     28.000     -5.850
    15     20     45     40     70.139     29.000     -5.850
    16     21     46     41    -21.677     30.000     -5.850
    17     22     47     42     95.699     31.000     -5.850
    18     23     48     43    164.500     32.000     -5.850
     1      6     36     31    410.356     17.500     -6.825
     2      7     37     32    -33.317     18.500     -6.825
     3      8     38     33     58.552     19.500     -6.825
     4      9     39     34     37.506     20.500     -6.825
     5     10     40     35     78.212     21.500     -6.825
     6     11     41     36     92.693     22.500     -6.825
     7     12     42     37    167.771     23.500     -6.825
     8     13     43     38     65.017     24.500     -6.825
     9     14     44     39     91.736     25.500     -6.825
    10     15     45     40     37.836     26.500     -6.825
    11     16     46     41     68.679     27.500     -6.825
    12     17     47     42    135.147     28.500     -6.825
    13     18     48     43   1580.826     29.500     -6.825
     1      7     37     31    131.238     18.000     -7.020
     2      8     38     32    -20.131     19.000     -7.020
     3      9     39     33     63.810     20.000     -7.020
     4     10     40     34    102.579     21.000     -7.020
     5     11     41     35     63.629     22.000     -7.020
     6     12     42     36    275.958     23.000     -7.020
     7     13     43     37     91.835     24.000     -7.020
     8     14     44     38     78.829     25.000     -7.020
     9     15     45     39     81.860     26.000     -7.020
    10     16     46     40     51.211     27.000     -7.020
    11     17     47     41    128.049     28.000     -7.020
    12     18     48     42    536.738     29.000     -7.020
     1      7     43     37     58.386     21.000     -8.190
     2      8     44     38     72.795     22.000     -8.190
     3      9     45     39     56.882     23.000     -8.190
     4     10     46     40    -45.799     24.000     -8.190
     5     11     47     41    121.523     25.000     -8.190
     6     12     48     42   5138.798     26.000     -8.190
     1     10     46     37     49.079     22.500     -8.775
     2     11     47     38    105.181     23.500     -8.775
     3     12     48     39    235.876     24.500     -8.775
