48# Number of electrodes
# x z
0.000     0.000
1.000     0.000
2.000     0.000
3.000     0.000
4.000     0.000
5.000     0.000
6.000     0.000
7.000     0.000
8.000     0.000
9.000     0.000
10.000     0.000
11.000     0.000
12.000     0.000
13.000     0.000
14.000     0.000
15.000     0.000
16.000     0.000
17.000     0.000
18.000     0.000
19.000     0.000
20.000     0.000
21.000     0.000
22.000     0.000
23.000     0.000
24.000     0.000
25.000     0.000
26.000     0.000
27.000     0.000
28.000     0.000
29.000     0.000
30.000     0.000
31.000     0.000
32.000     0.000
33.000     0.000
34.000     0.000
35.000     0.000
36.000     0.000
37.000     0.000
38.000     0.000
39.000     0.000
40.000     0.000
41.000     0.000
42.000     0.000
43.000     0.000
44.000     0.000
45.000     0.000
46.000     0.000
47.000     0.000
909# Number of data
# a   b   m   n      rhoa      x      z
     1      4      2      3   3053.541      1.500     -0.330
     2      5      3      4   3123.666      2.500     -0.330
     3      6      4      5   4184.188      3.500     -0.330
     4      7      5      6   3859.029      4.500     -0.330
     5      8      6      7   3142.567      5.500     -0.330
     6      9      7      8   4250.254      6.500     -0.330
     7     10      8      9   5771.927      7.500     -0.330
     8     11      9     10   7225.809      8.500     -0.330
     9     12     10     11   8123.034      9.500     -0.330
    10     13     11     12   7761.908     10.500     -0.330
    11     14     12     13   8754.920     11.500     -0.330
    12     15     13     14   6073.569     12.500     -0.330
    13     16     14     15   9639.142     13.500     -0.330
    14     17     15     16   7339.892     14.500     -0.330
    15     18     16     17   8460.077     15.500     -0.330
    16     19     17     18   7456.304     16.500     -0.330
    17     20     18     19   6826.129     17.500     -0.330
    18     21     19     20   5963.504     18.500     -0.330
    19     22     20     21   4697.164     19.500     -0.330
    20     23     21     22   4357.512     20.500     -0.330
    21     24     22     23   2591.435     21.500     -0.330
    22     25     23     24   2888.573     22.500     -0.330
    23     26     24     25   2890.319     23.500     -0.330
    24     27     25     26   3008.429     24.500     -0.330
    25     28     26     27   3817.817     25.500     -0.330
    26     29     27     28   4664.763     26.500     -0.330
    27     30     28     29   4077.507     27.500     -0.330
    28     31     29     30   5228.696     28.500     -0.330
    29     32     30     31   5142.636     29.500     -0.330
    30     33     31     32   5477.980     30.500     -0.330
    31     34     32     33   5451.541     31.500     -0.330
    32     35     33     34   5593.586     32.500     -0.330
    33     36     34     35   4005.783     33.500     -0.330
    34     37     35     36   4707.747     34.500     -0.330
    35     38     36     37   3350.378     35.500     -0.330
    36     39     37     38   3186.361     36.500     -0.330
    37     40     38     39   2169.975     37.500     -0.330
    38     41     39     40   2571.319     38.500     -0.330
    39     42     40     41   1867.475     39.500     -0.330
    40     43     41     42   2932.223     40.500     -0.330
    41     44     42     43   2890.527     41.500     -0.330
    42     45     43     44   3773.467     42.500     -0.330
    43     46     44     45   3705.387     43.500     -0.330
    44     47     45     46   4984.316     44.500     -0.330
    45     48     46     47   5728.916     45.500     -0.330
     1      7      3      5   1168.654      3.000     -0.660
     2      8      4      6   1804.696      4.000     -0.660
     3      9      5      7   1988.716      5.000     -0.660
     4     10      6      8   2014.178      6.000     -0.660
     5     11      7      9   2855.646      7.000     -0.660
     6     12      8     10   3394.887      8.000     -0.660
     7     13      9     11   3082.853      9.000     -0.660
     8     14     10     12   3554.909     10.000     -0.660
     9     15     11     13   4474.710     11.000     -0.660
    10     16     12     14   4509.192     12.000     -0.660
    11     17     13     15   4458.461     13.000     -0.660
    12     18     14     16   4593.640     14.000     -0.660
    13     19     15     17   4436.592     15.000     -0.660
    14     20     16     18   4157.140     16.000     -0.660
    15     21     17     19   4245.130     17.000     -0.660
    16     22     18     20   3692.045     18.000     -0.660
    17     23     19     21   3102.748     19.000     -0.660
    18     24     20     22   2699.938     20.000     -0.660
    19     25     21     23   2408.539     21.000     -0.660
    20     26     22     24   1987.296     22.000     -0.660
    21     27     23     25   2108.167     23.000     -0.660
    22     28     24     26   1932.333     24.000     -0.660
    23     29     25     27   2181.542     25.000     -0.660
    24     30     26     28   2577.267     26.000     -0.660
    25     31     27     29   2827.216     27.000     -0.660
    26     32     28     30   2557.087     28.000     -0.660
    27     33     29     31   3038.129     29.000     -0.660
    28     34     30     32   3201.597     30.000     -0.660
    29     35     31     33   3159.172     31.000     -0.660
    30     36     32     34   2799.219     32.000     -0.660
    31     37     33     35   2547.857     33.000     -0.660
    32     38     34     36   2463.217     34.000     -0.660
    33     39     35     37   2423.227     35.000     -0.660
    34     40     36     38   2004.393     36.000     -0.660
    35     41     37     39   1461.071     37.000     -0.660
    36     42     38     40   1433.990     38.000     -0.660
    37     43     39     41   1642.612     39.000     -0.660
    38     44     40     42   1951.155     40.000     -0.660
    39     45     41     43   1864.175     41.000     -0.660
    40     46     42     44   2149.284     42.000     -0.660
    41     47     43     45   2149.879     43.000     -0.660
    42     48     44     46   3195.299     44.000     -0.660
     1     10      4      7    944.321      4.500     -0.990
     2     11      5      8   1099.435      5.500     -0.990
     3     12      6      9   1289.566      6.500     -0.990
     4     13      7     10   1479.962      7.500     -0.990
     5     14      8     11   2131.676      8.500     -0.990
     6     15      9     12   2184.543      9.500     -0.990
     7     16     10     13   2521.256     10.500     -0.990
     8     17     11     14   2185.815     11.500     -0.990
     9     18     12     15   2515.926     12.500     -0.990
    10     19     13     16   2478.300     13.500     -0.990
    11     20     14     17   2537.461     14.500     -0.990
    12     21     15     18   2251.845     15.500     -0.990
    13     22     16     19   2521.944     16.500     -0.990
    14     23     17     20   2193.740     17.500     -0.990
    15     24     18     21   2215.680     18.500     -0.990
    16     25     19     22   2048.110     19.500     -0.990
    17     26     20     23   1785.826     20.500     -0.990
    18     27     21     24   1655.651     21.500     -0.990
    19     28     22     25   1417.396     22.500     -0.990
    20     29     23     26   1463.053     23.500     -0.990
    21     30     24     27   1470.307     24.500     -0.990
    22     31     25     28   1676.387     25.500     -0.990
    23     32     26     29   1609.596     26.500     -0.990
    24     33     27     30   1516.281     27.500     -0.990
    25     34     28     31   1484.943     28.500     -0.990
    26     35     29     32   1486.578     29.500     -0.990
    27     36     30     33   1426.627     30.500     -0.990
    28     37     31     34   1605.045     31.500     -0.990
    29     38     32     35   1363.409     32.500     -0.990
    30     39     33     36   1264.984     33.500     -0.990
    31     40     34     37   1341.916     34.500     -0.990
    32     41     35     38   1351.865     35.500     -0.990
    33     42     36     39   1021.660     36.500     -0.990
    34     43     37     40    989.854     37.500     -0.990
    35     44     38     41    901.819     38.500     -0.990
    36     45     39     42   1125.110     39.500     -0.990
    37     46     40     43   1226.067     40.500     -0.990
    38     47     41     44   1420.459     41.500     -0.990
    39     48     42     45   1344.043     42.500     -0.990
     1     13      5      9    612.317      6.000     -1.320
     2     14      6     10    848.731      7.000     -1.320
     3     15      7     11    915.746      8.000     -1.320
     4     16      8     12   1228.527      9.000     -1.320
     5     17      9     13   1438.565     10.000     -1.320
     6     18     10     14   1371.977     11.000     -1.320
     7     19     11     15   1269.369     12.000     -1.320
     8     20     12     16   1182.938     13.000     -1.320
     9     21     13     17   1212.900     14.000     -1.320
    10     22     14     18   1243.396     15.000     -1.320
    11     23     15     19   1191.120     16.000     -1.320
    12     24     16     20   1435.190     17.000     -1.320
    13     25     17     21   1441.414     18.000     -1.320
    14     26     18     22   1254.187     19.000     -1.320
    15     27     19     23   1208.083     20.000     -1.320
    16     28     20     24   1086.543     21.000     -1.320
    17     29     21     25   1026.141     22.000     -1.320
    18     30     22     26    902.172     23.000     -1.320
    19     31     23     27   1073.341     24.000     -1.320
    20     32     24     28   1148.390     25.000     -1.320
    21     33     25     29    988.685     26.000     -1.320
    22     34     26     30    947.113     27.000     -1.320
    23     35     27     31    922.612     28.000     -1.320
    24     36     28     32    794.730     29.000     -1.320
    25     37     29     33    745.721     30.000     -1.320
    26     38     30     34    746.029     31.000     -1.320
    27     39     31     35    782.099     32.000     -1.320
    28     40     32     36    888.302     33.000     -1.320
    29     41     33     37    814.453     34.000     -1.320
    30     42     34     38    750.532     35.000     -1.320
    31     43     35     39    677.792     36.000     -1.320
    32     44     36     40    626.490     37.000     -1.320
    33     45     37     41    598.513     38.000     -1.320
    34     46     38     42    708.566     39.000     -1.320
    35     47     39     43    711.172     40.000     -1.320
    36     48     40     44    877.483     41.000     -1.320
     1     16      6     11    595.871      7.500     -1.650
     2     17      7     12    465.951      8.500     -1.650
     3     18      8     13    755.334      9.500     -1.650
     4     19      9     14    669.508     10.500     -1.650
     5     20     10     15    760.963     11.500     -1.650
     6     21     11     16    849.435     12.500     -1.650
     7     22     12     17    610.503     13.500     -1.650
     8     23     13     18    649.162     14.500     -1.650
     9     24     14     19    637.144     15.500     -1.650
    10     25     15     20    608.948     16.500     -1.650
    11     26     16     21    965.851     17.500     -1.650
    12     27     17     22    556.219     18.500     -1.650
    13     28     18     23    744.838     19.500     -1.650
    14     29     19     24    586.130     20.500     -1.650
    15     30     20     25    592.435     21.500     -1.650
    16     31     21     26    649.534     22.500     -1.650
    17     32     22     27    628.878     23.500     -1.650
    18     33     23     28    670.646     24.500     -1.650
    19     34     24     29    679.411     25.500     -1.650
    20     35     25     30    613.145     26.500     -1.650
    21     36     26     31    587.368     27.500     -1.650
    22     37     27     32    551.524     28.500     -1.650
    23     38     28     33    496.240     29.500     -1.650
    24     39     29     34    505.040     30.500     -1.650
    25     40     30     35    501.029     31.500     -1.650
    26     41     31     36    530.021     32.500     -1.650
    27     42     32     37    502.468     33.500     -1.650
    28     43     33     38    502.033     34.500     -1.650
    29     44     34     39    436.735     35.500     -1.650
    30     45     35     40    392.825     36.500     -1.650
    31     46     36     41    398.297     37.500     -1.650
    32     47     37     42    498.597     38.500     -1.650
    33     48     38     43    490.791     39.500     -1.650
     1     19      7     13    378.046      9.000     -1.980
     2     20      8     14    431.524     10.000     -1.980
     3     21      9     15    432.592     11.000     -1.980
     4     22     10     16    477.515     12.000     -1.980
     5     23     11     17    434.508     13.000     -1.980
     6     24     12     18    214.829     14.000     -1.980
     7     25     13     19    478.772     15.000     -1.980
     8     26     14     20    433.502     16.000     -1.980
     9     27     15     21    330.431     17.000     -1.980
    10     28     16     22    439.523     18.000     -1.980
    11     29     17     23    339.829     19.000     -1.980
    12     30     18     24    140.120     20.000     -1.980
    13     31     19     25    403.505     21.000     -1.980
    14     32     20     26    328.910     22.000     -1.980
    15     33     21     27    300.960     23.000     -1.980
    16     34     22     28    363.244     24.000     -1.980
    17     35     23     29    418.773     25.000     -1.980
    18     36     24     30    425.207     26.000     -1.980
    19     37     25     31    386.879     27.000     -1.980
    20     38     26     32    440.854     28.000     -1.980
    21     39     27     33    448.397     29.000     -1.980
    22     40     28     34    412.332     30.000     -1.980
    23     41     29     35    377.460     31.000     -1.980
    24     42     30     36    380.868     32.000     -1.980
    25     43     31     37    343.788     33.000     -1.980
    26     44     32     38    356.281     34.000     -1.980
    27     45     33     39    326.733     35.000     -1.980
    28     46     34     40    315.015     36.000     -1.980
    29     47     35     41    295.469     37.000     -1.980
    30     48     36     42    315.569     38.000     -1.980
     1     22      8     15    252.423     10.500     -2.310
     2     23      9     16    307.066     11.500     -2.310
     3     24     10     17    262.691     12.500     -2.310
     4     25     11     18    327.858     13.500     -2.310
     5     26     12     19   -278.199     14.500     -2.310
     6     27     13     20    345.823     15.500     -2.310
     7     28     14     21    176.040     16.500     -2.310
     8     29     15     22    174.637     17.500     -2.310
     9     30     16     23    191.386     18.500     -2.310
    10     31     17     24     73.433     19.500     -2.310
    11     32     18     25    103.554     20.500     -2.310
    12     33     19     26    -45.539     21.500     -2.310
    13     34     20     27    222.746     22.500     -2.310
    14     35     21     28    120.753     23.500     -2.310
    15     36     22     29    158.713     24.500     -2.310
    16     37     23     30    176.516     25.500     -2.310
    17     38     24     31    321.646     26.500     -2.310
    18     39     25     32    326.405     27.500     -2.310
    19     40     26     33    369.473     28.500     -2.310
    20     41     27     34    376.940     29.500     -2.310
    21     42     28     35    315.147     30.500     -2.310
    22     43     29     36    312.006     31.500     -2.310
    23     44     30     37    287.402     32.500     -2.310
    24     45     31     38    306.586     33.500     -2.310
    25     46     32     39    307.401     34.500     -2.310
    26     47     33     40    285.813     35.500     -2.310
    27     48     34     41    228.461     36.500     -2.310
     1     25      9     17    273.179     12.000     -2.640
     2     26     10     18    207.806     13.000     -2.640
     3     27     11     19    206.681     14.000     -2.640
     4     28     12     20     94.985     15.000     -2.640
     5     29     13     21    204.548     16.000     -2.640
     6     30     14     22     68.221     17.000     -2.640
     7     31     15     23     36.128     18.000     -2.640
     8     32     16     24    102.268     19.000     -2.640
     9     33     17     25     20.777     20.000     -2.640
    10     34     18     26    -77.362     21.000     -2.640
    11     35     19     27     98.123     22.000     -2.640
    12     36     20     28      9.349     23.000     -2.640
    13     37     21     29     28.263     24.000     -2.640
    14     38     22     30     44.762     25.000     -2.640
    15     39     23     31    185.517     26.000     -2.640
    16     40     24     32    275.172     27.000     -2.640
    17     41     25     33    290.305     28.000     -2.640
    18     42     26     34    283.255     29.000     -2.640
    19     43     27     35    293.251     30.000     -2.640
    20     44     28     36    268.978     31.000     -2.640
    21     45     29     37    224.399     32.000     -2.640
    22     46     30     38    290.678     33.000     -2.640
    23     47     31     39    441.096     34.000     -2.640
    24     48     32     40    235.171     35.000     -2.640
     1     28     10     19    161.363     13.500     -2.970
     2     29     11     20    125.927     14.500     -2.970
     3     30     12     21    -40.285     15.500     -2.970
     4     31     13     22    142.241     16.500     -2.970
     5     32     14     23   -494.579     17.500     -2.970
     6     33     15     24   -109.185     18.500     -2.970
     7     34     16     25     45.751     19.500     -2.970
     8     35     17     26     65.199     20.500     -2.970
     9     36     18     27    -34.427     21.500     -2.970
    10     37     19     28    -16.479     22.500     -2.970
    11     38     20     29     -5.343     23.500     -2.970
    12     39     21     30   -123.067     24.500     -2.970
    13     40     22     31     38.467     25.500     -2.970
    14     41     23     32    140.578     26.500     -2.970
    15     42     24     33    263.391     27.500     -2.970
    16     43     25     34    235.144     28.500     -2.970
    17     44     26     35    228.279     29.500     -2.970
    18     45     27     36    231.050     30.500     -2.970
    19     46     28     37    127.603     31.500     -2.970
    20     47     29     38    192.311     32.500     -2.970
    21     48     30     39    258.630     33.500     -2.970
     1     31     11     21    144.055     15.000     -3.300
     2     32     12     22   -163.278     16.000     -3.300
     3     33     13     23     33.885     17.000     -3.300
     4     34     14     24     19.379     18.000     -3.300
     5     35     15     25   -650.481     19.000     -3.300
     6     36     16     26     35.436     20.000     -3.300
     7     37     17     27     26.055     21.000     -3.300
     8     38     18     28     38.300     22.000     -3.300
     9     39     19     29     54.638     23.000     -3.300
    10     40     20     30    -50.238     24.000     -3.300
    11     41     21     31   -142.920     25.000     -3.300
    12     42     22     32     -7.245     26.000     -3.300
    13     43     23     33    152.379     27.000     -3.300
    14     44     24     34    232.122     28.000     -3.300
    15     45     25     35    225.744     29.000     -3.300
    16     46     26     36    149.035     30.000     -3.300
    17     47     27     37     -2.043     31.000     -3.300
    18     48     28     38    148.272     32.000     -3.300
     1     34     12     23    -22.899     16.500     -3.630
     2     35     13     24     13.052     17.500     -3.630
     3     36     14     25   -120.666     18.500     -3.630
     4     37     15     26     16.695     19.500     -3.630
     5     38     16     27   -231.168     20.500     -3.630
     6     39     17     28   -103.210     21.500     -3.630
     7     40     18     29     -3.277     22.500     -3.630
     8     41     19     30     51.322     23.500     -3.630
     9     42     20     31     -2.886     24.500     -3.630
    10     43     21     32   -221.076     25.500     -3.630
    11     44     22     33    -62.089     26.500     -3.630
    12     45     23     34    159.048     27.500     -3.630
    13     46     24     35    160.113     28.500     -3.630
    14     47     25     36    109.547     29.500     -3.630
    15     48     26     37     55.479     30.500     -3.630
     1     37     13     25     83.234     18.000     -3.960
     2     38     14     26   -110.097     19.000     -3.960
     3     39     15     27   -135.014     20.000     -3.960
     4     40     16     28     47.200     21.000     -3.960
     5     41     17     29   -365.681     22.000     -3.960
     6     42     18     30    -37.931     23.000     -3.960
     7     43     19     31     21.904     24.000     -3.960
     8     44     20     32     30.591     25.000     -3.960
     9     45     21     33     -4.979     26.000     -3.960
    10     46     22     34   -130.228     27.000     -3.960
    11     47     23     35     50.230     28.000     -3.960
    12     48     24     36    239.925     29.000     -3.960
     1     40     14     27     16.142     19.500     -4.290
     2     41     15     28   -112.699     20.500     -4.290
     3     42     16     29    -66.968     21.500     -4.290
     4     43     17     30     -6.092     22.500     -4.290
     5     44     18     31   -297.861     23.500     -4.290
     6     45     19     32    -54.427     24.500     -4.290
     7     46     20     33    -52.256     25.500     -4.290
     8     47     21     34    -56.837     26.500     -4.290
     9     48     22     35      6.174     27.500     -4.290
     1     43     15     29    -18.855     21.000     -4.620
     2     44     16     30    -34.386     22.000     -4.620
     3     45     17     31   -113.072     23.000     -4.620
     4     46     18     32    -34.987     24.000     -4.620
     5     47     19     33   -179.289     25.000     -4.620
     6     48     20     34      9.731     26.000     -4.620
     1     46     16     31    -55.145     22.500     -4.950
     2     47     17     32   -382.590     23.500     -4.950
     3     48     18     33    -56.277     24.500     -4.950
     1      2      4      3   3826.679      1.500     -0.585
     2      3      5      4   6137.300      2.500     -0.585
     3      4      6      5   4532.029      3.500     -0.585
     4      5      7      6   4543.983      4.500     -0.585
     5      6      8      7   4613.359      5.500     -0.585
     6      7      9      8   3086.536      6.500     -0.585
     7      8     10      9   5656.456      7.500     -0.585
     8      9     11     10  10571.916      8.500     -0.585
     9     10     12     11  12129.237      9.500     -0.585
    10     11     13     12   9933.546     10.500     -0.585
    11     12     14     13   6534.459     11.500     -0.585
    12     13     15     14  10895.734     12.500     -0.585
    13     14     16     15   7335.974     13.500     -0.585
    14     15     17     16  12653.701     14.500     -0.585
    15     16     18     17   9431.396     15.500     -0.585
    16     17     19     18   7793.613     16.500     -0.585
    17     18     20     19   8153.641     17.500     -0.585
    18     19     21     20   7881.216     18.500     -0.585
    19     20     22     21   6180.890     19.500     -0.585
    20     21     23     22   3217.474     20.500     -0.585
    21     22     24     23   3971.021     21.500     -0.585
    22     23     25     24   2633.413     22.500     -0.585
    23     24     26     25   2620.013     23.500     -0.585
    24     25     27     26   3774.282     24.500     -0.585
    25     26     28     27   4435.568     25.500     -0.585
    26     27     29     28   5018.755     26.500     -0.585
    27     28     30     29   6332.823     27.500     -0.585
    28     29     31     30   4307.433     28.500     -0.585
    29     30     32     31   6056.996     29.500     -0.585
    30     31     33     32   7444.267     30.500     -0.585
    31     32     34     33   6600.766     31.500     -0.585
    32     33     35     34   5363.015     32.500     -0.585
    33     34     36     35   6805.799     33.500     -0.585
    34     35     37     36   3833.025     34.500     -0.585
    35     36     38     37   4559.915     35.500     -0.585
    36     37     39     38   3750.453     36.500     -0.585
    37     38     40     39   3162.215     37.500     -0.585
    38     39     41     40   1336.270     38.500     -0.585
    39     40     42     41   2764.654     39.500     -0.585
    40     41     43     42   2553.281     40.500     -0.585
    41     42     44     43   3842.097     41.500     -0.585
    42     43     45     44   3970.001     42.500     -0.585
    43     44     46     45   4898.027     43.500     -0.585
    44     45     47     46   4349.406     44.500     -0.585
    45     46     48     47   6206.180     45.500     -0.585
     1      2      5      4   2602.190      2.000     -0.780
     2      3      6      5   3832.601      3.000     -0.780
     3      4      7      6   2104.363      4.000     -0.780
     4      5      8      7   2652.016      5.000     -0.780
     5      6      9      8   2949.679      6.000     -0.780
     6      7     10      9   2558.555      7.000     -0.780
     7      8     11     10   4526.731      8.000     -0.780
     8      9     12     11   7433.200      9.000     -0.780
     9     10     13     12   8101.661     10.000     -0.780
    10     11     14     13   4959.356     11.000     -0.780
    11     12     15     14   5721.211     12.000     -0.780
    12     13     16     15   7314.436     13.000     -0.780
    13     14     17     16   6506.092     14.000     -0.780
    14     15     18     17   8168.939     15.000     -0.780
    15     16     19     18   7703.137     16.000     -0.780
    16     17     20     19   6088.905     17.000     -0.780
    17     18     21     20   5269.078     18.000     -0.780
    18     19     22     21   5145.440     19.000     -0.780
    19     20     23     22   2678.884     20.000     -0.780
    20     21     24     23   2367.497     21.000     -0.780
    21     22     25     24   2258.260     22.000     -0.780
    22     23     26     25   1831.055     23.000     -0.780
    23     24     27     26   2405.454     24.000     -0.780
    24     25     28     27   3446.824     25.000     -0.780
    25     26     29     28   3054.643     26.000     -0.780
    26     27     30     29   4535.876     27.000     -0.780
    27     28     31     30   4635.221     28.000     -0.780
    28     29     32     31   4922.015     29.000     -0.780
    29     30     33     32   4857.020     30.000     -0.780
    30     31     34     33   5845.852     31.000     -0.780
    31     32     35     34   5530.278     32.000     -0.780
    32     33     36     35   5128.711     33.000     -0.780
    33     34     37     36   4128.202     34.000     -0.780
    34     35     38     37   2513.536     35.000     -0.780
    35     36     39     38   2370.432     36.000     -0.780
    36     37     40     39   2820.521     37.000     -0.780
    37     38     41     40   2006.458     38.000     -0.780
    38     39     42     41   1512.792     39.000     -0.780
    39     40     43     42   2138.466     40.000     -0.780
    40     41     44     43   2334.813     41.000     -0.780
    41     42     45     44   3952.582     42.000     -0.780
    42     43     46     45   3521.819     43.000     -0.780
    43     44     47     46   4481.676     44.000     -0.780
    44     45     48     47   3616.603     45.000     -0.780
     1      2      6      5   1174.774      2.500     -0.975
     2      3      7      6   1453.558      3.500     -0.975
     3      4      8      7   1307.222      4.500     -0.975
     4      5      9      8   2995.934      5.500     -0.975
     5      6     10      9   1948.557      6.500     -0.975
     6      7     11     10   3050.711      7.500     -0.975
     7      8     12     11   3268.725      8.500     -0.975
     8      9     13     12   3739.662      9.500     -0.975
     9     10     14     13   4362.785     10.500     -0.975
    10     11     15     14   6059.357     11.500     -0.975
    11     12     16     15   4241.186     12.500     -0.975
    12     13     17     16   5466.068     13.500     -0.975
    13     14     18     17   4879.168     14.500     -0.975
    14     15     19     18   6893.883     15.500     -0.975
    15     16     20     19   5874.254     16.500     -0.975
    16     17     21     20   4159.756     17.500     -0.975
    17     18     22     21   4097.251     18.500     -0.975
    18     19     23     22   2780.761     19.500     -0.975
    19     20     24     23   2579.467     20.500     -0.975
    20     21     25     24   1865.653     21.500     -0.975
    21     22     26     25   1722.777     22.500     -0.975
    22     23     27     26   1859.681     23.500     -0.975
    23     24     28     27   2619.865     24.500     -0.975
    24     25     29     28   2256.114     25.500     -0.975
    25     26     30     29   2527.508     26.500     -0.975
    26     27     31     30   3176.696     27.500     -0.975
    27     28     32     31   4372.547     28.500     -0.975
    28     29     33     32   3529.305     29.500     -0.975
    29     30     34     33   3018.214     30.500     -0.975
    30     31     35     34   3787.994     31.500     -0.975
    31     32     36     35   3799.080     32.500     -0.975
    32     33     37     36   2739.469     33.500     -0.975
    33     34     38     37   2606.578     34.500     -0.975
    34     35     39     38   1420.104     35.500     -0.975
    35     36     40     39   1828.700     36.500     -0.975
    36     37     41     40   1675.712     37.500     -0.975
    37     38     42     41   1982.669     38.500     -0.975
    38     39     43     42   1156.740     39.500     -0.975
    39     40     44     43   1663.860     40.500     -0.975
    40     41     45     44   1999.418     41.500     -0.975
    41     42     46     45   2759.353     42.500     -0.975
    42     43     47     46   2669.609     43.500     -0.975
    43     44     48     47   3174.281     44.500     -0.975
     1      2      7      6    644.417      3.000     -1.170
     2      3      8      7    960.494      4.000     -1.170
     3      4      9      8   1178.734      5.000     -1.170
     4      5     10      9   5031.332      6.000     -1.170
     5      6     11     10   3927.708      7.000     -1.170
     6      7     12     11    205.962      8.000     -1.170
     7      8     13     12   2371.508      9.000     -1.170
     8      9     14     13   2914.406     10.000     -1.170
     9     10     15     14   4571.120     11.000     -1.170
    10     11     16     15   2582.276     12.000     -1.170
    11     12     17     16   6541.136     13.000     -1.170
    12     13     18     17   6958.427     14.000     -1.170
    13     14     19     18   2950.069     15.000     -1.170
    14     15     20     19   4382.032     16.000     -1.170
    15     16     21     20   3674.948     17.000     -1.170
    16     17     22     21   3097.850     18.000     -1.170
    17     18     23     22   2032.548     19.000     -1.170
    18     19     24     23   2588.572     20.000     -1.170
    19     20     25     24   2044.461     21.000     -1.170
    20     21     26     25   1433.320     22.000     -1.170
    21     22     27     26   1767.644     23.000     -1.170
    22     23     28     27   1993.936     24.000     -1.170
    23     24     29     28   1705.564     25.000     -1.170
    24     25     30     29   1746.977     26.000     -1.170
    25     26     31     30   1755.124     27.000     -1.170
    26     27     32     31   2520.593     28.000     -1.170
    27     28     33     32   3401.889     29.000     -1.170
    28     29     34     33   2521.826     30.000     -1.170
    29     30     35     34   2366.313     31.000     -1.170
    30     31     36     35   2861.649     32.000     -1.170
    31     32     37     36   2056.389     33.000     -1.170
    32     33     38     37   1466.677     34.000     -1.170
    33     34     39     38   1333.056     35.000     -1.170
    34     35     40     39    954.854     36.000     -1.170
    35     36     41     40   1224.090     37.000     -1.170
    36     37     42     41   1560.242     38.000     -1.170
    37     38     43     42   1430.779     39.000     -1.170
    38     39     44     43    886.278     40.000     -1.170
    39     40     45     44   1247.788     41.000     -1.170
    40     41     46     45   1226.520     42.000     -1.170
    41     42     47     46   2021.684     43.000     -1.170
    42     43     48     47   2008.726     44.000     -1.170
     1      2      8      7    698.804      3.500     -1.365
     2      3      9      8   1090.917      4.500     -1.365
     3      4     10      9    581.140      5.500     -1.365
     4      5     11     10   -964.030      6.500     -1.365
     5      6     12     11    218.121      7.500     -1.365
     6      7     13     12   3699.270      8.500     -1.365
     7      8     14     13   -132.277      9.500     -1.365
     8      9     15     14   2584.121     10.500     -1.365
     9     10     16     15   2795.882     11.500     -1.365
    10     11     17     16   4501.368     12.500     -1.365
    11     12     18     17    250.567     13.500     -1.365
    12     13     19     18   3745.247     14.500     -1.365
    13     14     20     19   2765.607     15.500     -1.365
    14     15     21     20   2970.653     16.500     -1.365
    15     16     22     21   3188.365     17.500     -1.365
    16     17     23     22   1624.134     18.500     -1.365
    17     18     24     23   1732.859     19.500     -1.365
    18     19     25     24   1788.804     20.500     -1.365
    19     20     26     25   1506.570     21.500     -1.365
    20     21     27     26   1445.742     22.500     -1.365
    21     22     28     27   1888.226     23.500     -1.365
    22     23     29     28   1238.500     24.500     -1.365
    23     24     30     29   1360.122     25.500     -1.365
    24     25     31     30   1157.742     26.500     -1.365
    25     26     32     31   1749.715     27.500     -1.365
    26     27     33     32   1773.986     28.500     -1.365
    27     28     34     33   1868.540     29.500     -1.365
    28     29     35     34   1594.935     30.500     -1.365
    29     30     36     35   1217.355     31.500     -1.365
    30     31     37     36    670.290     32.500     -1.365
    31     32     38     37   1168.726     33.500     -1.365
    32     33     39     38    841.828     34.500     -1.365
    33     34     40     39    967.652     35.500     -1.365
    34     35     41     40    795.561     36.500     -1.365
    35     36     42     41   1004.789     37.500     -1.365
    36     37     43     42   1239.206     38.500     -1.365
    37     38     44     43   1335.237     39.500     -1.365
    38     39     45     44    662.583     40.500     -1.365
    39     40     46     45   1268.862     41.500     -1.365
    40     41     47     46   1541.297     42.500     -1.365
    41     42     48     47   2038.854     43.500     -1.365
     1      3      9      7   1012.304      4.000     -1.560
     2      4     10      8   1108.544      5.000     -1.560
     3      5     11      9   2202.479      6.000     -1.560
     4      6     12     10   2686.271      7.000     -1.560
     5      7     13     11   2195.520      8.000     -1.560
     6      8     14     12   2020.558      9.000     -1.560
     7      9     15     13   2160.318     10.000     -1.560
     8     10     16     14   2829.417     11.000     -1.560
     9     11     17     15   2845.367     12.000     -1.560
    10     12     18     16   3943.705     13.000     -1.560
    11     13     19     17   4136.980     14.000     -1.560
    12     14     20     18   3412.977     15.000     -1.560
    13     15     21     19   3155.809     16.000     -1.560
    14     16     22     20   3104.537     17.000     -1.560
    15     17     23     21   2741.736     18.000     -1.560
    16     18     24     22   1807.160     19.000     -1.560
    17     19     25     23   2037.381     20.000     -1.560
    18     20     26     24   1767.199     21.000     -1.560
    19     21     27     25   1457.267     22.000     -1.560
    20     22     28     26   1690.851     23.000     -1.560
    21     23     29     27   1677.715     24.000     -1.560
    22     24     30     28   1416.796     25.000     -1.560
    23     25     31     29   1437.096     26.000     -1.560
    24     26     32     30   1501.370     27.000     -1.560
    25     27     33     31   1929.541     28.000     -1.560
    26     28     34     32   2385.733     29.000     -1.560
    27     29     35     33   2003.422     30.000     -1.560
    28     30     36     34   1681.011     31.000     -1.560
    29     31     37     35   1822.929     32.000     -1.560
    30     32     38     36   1455.575     33.000     -1.560
    31     33     39     37   1169.718     34.000     -1.560
    32     34     40     38   1045.692     35.000     -1.560
    33     35     41     39    907.011     36.000     -1.560
    34     36     42     40   1003.581     37.000     -1.560
    35     37     43     41   1259.576     38.000     -1.560
    36     38     44     42   1189.504     39.000     -1.560
    37     39     45     43    860.528     40.000     -1.560
    38     40     46     44   1006.575     41.000     -1.560
    39     41     47     45   1273.521     42.000     -1.560
    40     42     48     46   1700.028     43.000     -1.560
     1      3     11      9    956.045      5.000     -1.950
     2      4     12     10    638.811      6.000     -1.950
     3      5     13     11    -91.051      7.000     -1.950
     4      6     14     12     98.417      8.000     -1.950
     5      7     15     13  -1461.443      9.000     -1.950
     6      8     16     14   1204.305     10.000     -1.950
     7      9     17     15    246.646     11.000     -1.950
     8     10     18     16   2016.634     12.000     -1.950
     9     11     19     17   1652.717     13.000     -1.950
    10     12     20     18    997.820     14.000     -1.950
    11     13     21     19   1072.238     15.000     -1.950
    12     14     22     20   1658.270     16.000     -1.950
    13     15     23     21    999.139     17.000     -1.950
    14     16     24     22   1688.844     18.000     -1.950
    15     17     25     23   1435.619     19.000     -1.950
    16     18     26     24   1183.299     20.000     -1.950
    17     19     27     25   1231.667     21.000     -1.950
    18     20     28     26   1458.390     22.000     -1.950
    19     21     29     27   1294.549     23.000     -1.950
    20     22     30     28    960.497     24.000     -1.950
    21     23     31     29    844.132     25.000     -1.950
    22     24     32     30    852.640     26.000     -1.950
    23     25     33     31    945.931     27.000     -1.950
    24     26     34     32    877.955     28.000     -1.950
    25     27     35     33    815.797     29.000     -1.950
    26     28     36     34    970.145     30.000     -1.950
    27     29     37     35    920.039     31.000     -1.950
    28     30     38     36    665.740     32.000     -1.950
    29     31     39     37    417.480     33.000     -1.950
    30     32     40     38    626.574     34.000     -1.950
    31     33     41     39    433.076     35.000     -1.950
    32     34     42     40    622.533     36.000     -1.950
    33     35     43     41    542.151     37.000     -1.950
    34     36     44     42    588.758     38.000     -1.950
    35     37     45     43    548.778     39.000     -1.950
    36     38     46     44    536.884     40.000     -1.950
    37     39     47     45   -205.464     41.000     -1.950
    38     40     48     46    333.272     42.000     -1.950
     1      3     13     11     21.571      6.000     -2.340
     2      4     14     12    537.227      7.000     -2.340
     3      5     15     13   5165.812      8.000     -2.340
     4      6     16     14   -387.833      9.000     -2.340
     5      7     17     15   3487.764     10.000     -2.340
     6      8     18     16    335.394     11.000     -2.340
     7      9     19     17   -148.112     12.000     -2.340
     8     10     20     18   -813.291     13.000     -2.340
     9     11     21     19   2026.524     14.000     -2.340
    10     12     22     20   -627.238     15.000     -2.340
    11     13     23     21   1888.952     16.000     -2.340
    12     14     24     22    992.316     17.000     -2.340
    13     15     25     23    248.814     18.000     -2.340
    14     16     26     24    471.465     19.000     -2.340
    15     17     27     25    558.022     20.000     -2.340
    16     18     28     26    987.641     21.000     -2.340
    17     19     29     27   1037.103     22.000     -2.340
    18     20     30     28    777.657     23.000     -2.340
    19     21     31     29    654.381     24.000     -2.340
    20     22     32     30    750.137     25.000     -2.340
    21     23     33     31    473.576     26.000     -2.340
    22     24     34     32    360.147     27.000     -2.340
    23     25     35     33    364.189     28.000     -2.340
    24     26     36     34    287.471     29.000     -2.340
    25     27     37     35    417.133     30.000     -2.340
    26     28     38     36     68.062     31.000     -2.340
    27     29     39     37   -492.298     32.000     -2.340
    28     30     40     38   -170.506     33.000     -2.340
    29     31     41     39    307.542     34.000     -2.340
    30     32     42     40    232.031     35.000     -2.340
    31     33     43     41    609.089     36.000     -2.340
    32     34     44     42    414.630     37.000     -2.340
    33     35     45     43    357.810     38.000     -2.340
    34     36     46     44    147.758     39.000     -2.340
    35     37     47     45   1063.379     40.000     -2.340
    36     38     48     46    526.430     41.000     -2.340
     1      3     15     13   1628.106      7.000     -2.730
     2      4     16     14   1659.206      8.000     -2.730
     3      5     17     15  -4858.443      9.000     -2.730
     4      6     18     16    333.509     10.000     -2.730
     5      7     19     17   4740.430     11.000     -2.730
     6      8     20     18    365.783     12.000     -2.730
     7      9     21     19    928.576     13.000     -2.730
     8     10     22     20    521.428     14.000     -2.730
     9     11     23     21  -2856.083     15.000     -2.730
    10     12     24     22    482.134     16.000     -2.730
    11     13     25     23    585.580     17.000     -2.730
    12     14     26     24   -375.917     18.000     -2.730
    13     15     27     25    950.677     19.000     -2.730
    14     16     28     26    572.386     20.000     -2.730
    15     17     29     27    632.026     21.000     -2.730
    16     18     30     28    490.183     22.000     -2.730
    17     19     31     29    570.934     23.000     -2.730
    18     20     32     30    862.669     24.000     -2.730
    19     21     33     31    415.897     25.000     -2.730
    20     22     34     32     73.890     26.000     -2.730
    21     23     35     33    238.718     27.000     -2.730
    22     24     36     34    193.764     28.000     -2.730
    23     25     37     35     28.382     29.000     -2.730
    24     26     38     36    226.170     30.000     -2.730
    25     27     39     37    277.458     31.000     -2.730
    26     28     40     38    120.626     32.000     -2.730
    27     29     41     39    332.084     33.000     -2.730
    28     30     42     40    695.162     34.000     -2.730
    29     31     43     41     45.983     35.000     -2.730
    30     32     44     42    386.895     36.000     -2.730
    31     33     45     43   -315.459     37.000     -2.730
    32     34     46     44    307.740     38.000     -2.730
    33     35     47     45   -188.922     39.000     -2.730
    34     36     48     46    923.180     40.000     -2.730
     1      4     16     13    224.300      7.500     -2.925
     2      5     17     14  -1683.550      8.500     -2.925
     3      6     18     15   -199.803      9.500     -2.925
     4      7     19     16    168.832     10.500     -2.925
     5      8     20     17   2008.954     11.500     -2.925
     6      9     21     18   -267.860     12.500     -2.925
     7     10     22     19    602.769     13.500     -2.925
     8     11     23     20   -563.587     14.500     -2.925
     9     12     24     21  -1774.610     15.500     -2.925
    10     13     25     22    843.763     16.500     -2.925
    11     14     26     23    276.184     17.500     -2.925
    12     15     27     24    130.910     18.500     -2.925
    13     16     28     25    635.720     19.500     -2.925
    14     17     29     26    628.708     20.500     -2.925
    15     18     30     27    655.738     21.500     -2.925
    16     19     31     28    604.053     22.500     -2.925
    17     20     32     29    656.191     23.500     -2.925
    18     21     33     30    481.738     24.500     -2.925
    19     22     34     31    393.239     25.500     -2.925
    20     23     35     32    194.132     26.500     -2.925
    21     24     36     33    259.411     27.500     -2.925
    22     25     37     34    117.011     28.500     -2.925
    23     26     38     35    264.365     29.500     -2.925
    24     27     39     36    222.807     30.500     -2.925
    25     28     40     37      7.561     31.500     -2.925
    26     29     41     38    137.266     32.500     -2.925
    27     30     42     39    120.511     33.500     -2.925
    28     31     43     40    224.871     34.500     -2.925
    29     32     44     41    369.557     35.500     -2.925
    30     33     45     42    286.345     36.500     -2.925
    31     34     46     43    142.361     37.500     -2.925
    32     35     47     44   -901.120     38.500     -2.925
    33     36     48     45    467.307     39.500     -2.925
     1      4     19     16    -18.141      9.000     -3.510
     2      5     20     17  -2985.919     10.000     -3.510
     3      6     21     18   -127.416     11.000     -3.510
     4      7     22     19   -148.418     12.000     -3.510
     5      8     23     20   2351.306     13.000     -3.510
     6      9     24     21   -703.726     14.000     -3.510
     7     10     25     22  -2529.356     15.000     -3.510
     8     11     26     23    -40.975     16.000     -3.510
     9     12     27     24   1429.778     17.000     -3.510
    10     13     28     25     41.394     18.000     -3.510
    11     14     29     26    327.982     19.000     -3.510
    12     15     30     27    200.635     20.000     -3.510
    13     16     31     28    321.310     21.000     -3.510
    14     17     32     29    689.102     22.000     -3.510
    15     18     33     30    391.883     23.000     -3.510
    16     19     34     31    324.703     24.000     -3.510
    17     20     35     32     65.144     25.000     -3.510
    18     21     36     33    177.337     26.000     -3.510
    19     22     37     34    132.211     27.000     -3.510
    20     23     38     35    121.240     28.000     -3.510
    21     24     39     36    122.564     29.000     -3.510
    22     25     40     37    341.339     30.000     -3.510
    23     26     41     38    143.034     31.000     -3.510
    24     27     42     39     39.539     32.000     -3.510
    25     28     43     40    269.930     33.000     -3.510
    26     29     44     41    317.985     34.000     -3.510
    27     30     45     42    241.384     35.000     -3.510
    28     31     46     43   1381.519     36.000     -3.510
    29     32     47     44   3851.408     37.000     -3.510
    30     33     48     45   -137.538     38.000     -3.510
     1      4     22     19     64.977     10.500     -4.095
     2      5     23     20  -4020.233     11.500     -4.095
     3      6     24     21    787.742     12.500     -4.095
     4      7     25     22   -646.348     13.500     -4.095
     5      8     26     23    109.707     14.500     -4.095
     6      9     27     24    395.702     15.500     -4.095
     7     10     28     25    967.532     16.500     -4.095
     8     11     29     26    355.286     17.500     -4.095
     9     12     30     27    163.086     18.500     -4.095
    10     13     31     28    238.692     19.500     -4.095
    11     14     32     29    668.970     20.500     -4.095
    12     15     33     30    313.505     21.500     -4.095
    13     16     34     31     68.678     22.500     -4.095
    14     17     35     32   -409.101     23.500     -4.095
    15     18     36     33    164.867     24.500     -4.095
    16     19     37     34    123.759     25.500     -4.095
    17     20     38     35    120.335     26.500     -4.095
    18     21     39     36    102.127     27.500     -4.095
    19     22     40     37    167.242     28.500     -4.095
    20     23     41     38     79.109     29.500     -4.095
    21     24     42     39     92.963     30.500     -4.095
    22     25     43     40    -67.194     31.500     -4.095
    23     26     44     41    -65.611     32.500     -4.095
    24     27     45     42    196.970     33.500     -4.095
    25     28     46     43      4.295     34.500     -4.095
    26     29     47     44   2758.967     35.500     -4.095
    27     30     48     45   1843.349     36.500     -4.095
     1      5     25     21  -4759.785     12.000     -4.680
     2      6     26     22   -248.678     13.000     -4.680
     3      7     27     23      2.729     14.000     -4.680
     4      8     28     24    199.278     15.000     -4.680
     5      9     29     25   -294.958     16.000     -4.680
     6     10     30     26    169.646     17.000     -4.680
     7     11     31     27    159.120     18.000     -4.680
     8     12     32     28    315.919     19.000     -4.680
     9     13     33     29    176.884     20.000     -4.680
    10     14     34     30    293.751     21.000     -4.680
    11     15     35     31    183.519     22.000     -4.680
    12     16     36     32   -539.701     23.000     -4.680
    13     17     37     33    127.061     24.000     -4.680
    14     18     38     34    118.375     25.000     -4.680
    15     19     39     35     92.740     26.000     -4.680
    16     20     40     36    128.931     27.000     -4.680
    17     21     41     37     92.438     28.000     -4.680
    18     22     42     38    113.097     29.000     -4.680
    19     23     43     39     80.178     30.000     -4.680
    20     24     44     40     41.665     31.000     -4.680
    21     25     45     41    158.185     32.000     -4.680
    22     26     46     42   -868.331     33.000     -4.680
    23     27     47     43  -1193.373     34.000     -4.680
    24     28     48     44   -131.072     35.000     -4.680
     1      5     29     25   1486.672     14.000     -5.460
     2      6     30     26     71.753     15.000     -5.460
     3      7     31     27    112.762     16.000     -5.460
     4      8     32     28    204.095     17.000     -5.460
     5      9     33     29     83.153     18.000     -5.460
     6     10     34     30    268.749     19.000     -5.460
     7     11     35     31    220.510     20.000     -5.460
     8     12     36     32    -33.778     21.000     -5.460
     9     13     37     33     88.141     22.000     -5.460
    10     14     38     34     36.417     23.000     -5.460
    11     15     39     35     49.348     24.000     -5.460
    12     16     40     36    191.323     25.000     -5.460
    13     17     41     37     79.168     26.000     -5.460
    14     18     42     38    140.391     27.000     -5.460
    15     19     43     39    124.822     28.000     -5.460
    16     20     44     40     90.779     29.000     -5.460
    17     21     45     41     86.029     30.000     -5.460
    18     22     46     42    -49.084     31.000     -5.460
    19     23     47     43    116.747     32.000     -5.460
    20     24     48     44    341.294     33.000     -5.460
     1      6     31     26    155.490     15.000     -5.850
     2      7     32     27    219.163     16.000     -5.850
     3      8     33     28     77.490     17.000     -5.850
     4      9     34     29    111.231     18.000     -5.850
     5     10     35     30    198.486     19.000     -5.850
     6     11     36     31    161.804     20.000     -5.850
     7     12     37     32    -36.568     21.000     -5.850
     8     13     38     33     96.585     22.000     -5.850
     9     14     39     34     78.791     23.000     -5.850
    10     15     40     35    101.976     24.000     -5.850
    11     16     41     36     74.644     25.000     -5.850
    12     17     42     37    138.356     26.000     -5.850
    13     18     43     38     95.944     27.000     -5.850
    14     19     44     39    106.123     28.000     -5.850
    15     20     45     40     22.054     29.000     -5.850
    16     21     46     41     30.159     30.000     -5.850
    17     22     47     42     91.986     31.000     -5.850
    18     23     48     43    332.619     32.000     -5.850
     1      6     36     31    142.404     17.500     -6.825
     2      7     37     32   -159.953     18.500     -6.825
     3      8     38     33     52.251     19.500     -6.825
     4      9     39     34     44.499     20.500     -6.825
     5     10     40     35    121.391     21.500     -6.825
     6     11     41     36     47.831     22.500     -6.825
     7     12     42     37    136.895     23.500     -6.825
     8     13     43     38     78.344     24.500     -6.825
     9     14     44     39    118.093     25.500     -6.825
    10     15     45     40     18.802     26.500     -6.825
    11     16     46     41    -66.633     27.500     -6.825
    12     17     47     42    571.991     28.500     -6.825
    13     18     48     43    396.501     29.500     -6.825
     1      7     37     31     98.983     18.000     -7.020
     2      8     38     32    -94.029     19.000     -7.020
     3      9     39     33     57.137     20.000     -7.020
     4     10     40     34     64.352     21.000     -7.020
     5     11     41     35     51.799     22.000     -7.020
     6     12     42     36     91.157     23.000     -7.020
     7     13     43     37     78.625     24.000     -7.020
     8     14     44     38     88.171     25.000     -7.020
     9     15     45     39     77.585     26.000     -7.020
    10     16     46     40    -56.549     27.000     -7.020
    11     17     47     41    203.802     28.000     -7.020
    12     18     48     42    673.382     29.000     -7.020
     1      7     43     37     61.672     21.000     -8.190
     2      8     44     38     59.099     22.000     -8.190
     3      9     45     39     56.170     23.000     -8.190
     4     10     46     40   -130.904     24.000     -8.190
     5     11     47     41    283.026     25.000     -8.190
     6     12     48     42    163.878     26.000     -8.190
     1     10     46     37     -8.313     22.500     -8.775
     2     11     47     38    -10.891     23.500     -8.775
     3     12     48     39    147.083     24.500     -8.775
