48# Number of electrodes
# x z
0.000     0.000
1.000     0.000
2.000     0.000
3.000     0.000
4.000     0.000
5.000     0.000
6.000     0.000
7.000     0.000
8.000     0.000
9.000     0.000
10.000     0.000
11.000     0.000
12.000     0.000
13.000     0.000
14.000     0.000
15.000     0.000
16.000     0.000
17.000     0.000
18.000     0.000
19.000     0.000
20.000     0.000
21.000     0.000
22.000     0.000
23.000     0.000
24.000     0.000
25.000     0.000
26.000     0.000
27.000     0.000
28.000     0.000
29.000     0.000
30.000     0.000
31.000     0.000
32.000     0.000
33.000     0.000
34.000     0.000
35.000     0.000
36.000     0.000
37.000     0.000
38.000     0.000
39.000     0.000
40.000     0.000
41.000     0.000
42.000     0.000
43.000     0.000
44.000     0.000
45.000     0.000
46.000     0.000
47.000     0.000
909# Number of data
# a   b   m   n      rhoa      x      z
     1      4      2      3    774.179      1.500     -0.330
     2      5      3      4    929.727      2.500     -0.330
     3      6      4      5   1012.622      3.500     -0.330
     4      7      5      6   1204.985      4.500     -0.330
     5      8      6      7    933.970      5.500     -0.330
     6      9      7      8   1392.195      6.500     -0.330
     7     10      8      9   2043.236      7.500     -0.330
     8     11      9     10   2857.854      8.500     -0.330
     9     12     10     11   2889.344      9.500     -0.330
    10     13     11     12   3550.766     10.500     -0.330
    11     14     12     13   3094.261     11.500     -0.330
    12     15     13     14   3180.077     12.500     -0.330
    13     16     14     15   3383.160     13.500     -0.330
    14     17     15     16   3536.362     14.500     -0.330
    15     18     16     17   3436.948     15.500     -0.330
    16     19     17     18   3228.804     16.500     -0.330
    17     20     18     19   2646.457     17.500     -0.330
    18     21     19     20   2427.680     18.500     -0.330
    19     22     20     21   1711.111     19.500     -0.330
    20     23     21     22   1727.071     20.500     -0.330
    21     24     22     23   1088.728     21.500     -0.330
    22     25     23     24   1228.642     22.500     -0.330
    23     26     24     25   1347.028     23.500     -0.330
    24     27     25     26   1523.172     24.500     -0.330
    25     28     26     27   1809.724     25.500     -0.330
    26     29     27     28   2343.137     26.500     -0.330
    27     30     28     29   1944.023     27.500     -0.330
    28     31     29     30   2358.074     28.500     -0.330
    29     32     30     31   2367.700     29.500     -0.330
    30     33     31     32   2076.994     30.500     -0.330
    31     34     32     33   2337.644     31.500     -0.330
    32     35     33     34   1829.753     32.500     -0.330
    33     36     34     35   1502.501     33.500     -0.330
    34     37     35     36   1312.350     34.500     -0.330
    35     38     36     37   1042.864     35.500     -0.330
    36     39     37     38   1059.602     36.500     -0.330
    37     40     38     39    828.737     37.500     -0.330
    38     41     39     40   1105.795     38.500     -0.330
    39     42     40     41   1018.185     39.500     -0.330
    40     43     41     42   1200.440     40.500     -0.330
    41     44     42     43   1481.559     41.500     -0.330
    42     45     43     44   1776.755     42.500     -0.330
    43     46     44     45   1896.364     43.500     -0.330
    44     47     45     46   2847.217     44.500     -0.330
    45     48     46     47   3187.878     45.500     -0.330
     1      7      3      5    673.040      3.000     -0.660
     2      8      4      6    969.848      4.000     -0.660
     3      9      5      7    882.570      5.000     -0.660
     4     10      6      8    944.249      6.000     -0.660
     5     11      7      9   1519.162      7.000     -0.660
     6     12      8     10   2016.174      8.000     -0.660
     7     13      9     11   1950.212      9.000     -0.660
     8     14     10     12   2142.359     10.000     -0.660
     9     15     11     13   2643.631     11.000     -0.660
    10     16     12     14   2725.110     12.000     -0.660
    11     17     13     15   2666.887     13.000     -0.660
    12     18     14     16   2729.439     14.000     -0.660
    13     19     15     17   2838.621     15.000     -0.660
    14     20     16     18   2615.610     16.000     -0.660
    15     21     17     19   2482.633     17.000     -0.660
    16     22     18     20   2139.805     18.000     -0.660
    17     23     19     21   1893.961     19.000     -0.660
    18     24     20     22   1674.192     20.000     -0.660
    19     25     21     23   1461.268     21.000     -0.660
    20     26     22     24   1264.975     22.000     -0.660
    21     27     23     25   1348.889     23.000     -0.660
    22     28     24     26   1322.771     24.000     -0.660
    23     29     25     27   1426.268     25.000     -0.660
    24     30     26     28   1640.212     26.000     -0.660
    25     31     27     29   1630.910     27.000     -0.660
    26     32     28     30   1557.221     28.000     -0.660
    27     33     29     31   1694.109     29.000     -0.660
    28     34     30     32   1653.236     30.000     -0.660
    29     35     31     33   1522.273     31.000     -0.660
    30     36     32     34   1383.719     32.000     -0.660
    31     37     33     35   1257.317     33.000     -0.660
    32     38     34     36   1075.514     34.000     -0.660
    33     39     35     37    993.054     35.000     -0.660
    34     40     36     38    858.779     36.000     -0.660
    35     41     37     39    727.838     37.000     -0.660
    36     42     38     40    827.252     38.000     -0.660
    37     43     39     41    910.742     39.000     -0.660
    38     44     40     42    935.103     40.000     -0.660
    39     45     41     43   1020.857     41.000     -0.660
    40     46     42     44   1369.511     42.000     -0.660
    41     47     43     45   1469.846     43.000     -0.660
    42     48     44     46   2083.361     44.000     -0.660
     1     10      4      7    667.957      4.500     -0.990
     2     11      5      8    749.356      5.500     -0.990
     3     12      6      9    915.353      6.500     -0.990
     4     13      7     10   1272.765      7.500     -0.990
     5     14      8     11   1592.992      8.500     -0.990
     6     15      9     12   1904.731      9.500     -0.990
     7     16     10     13   1805.078     10.500     -0.990
     8     17     11     14   1689.868     11.500     -0.990
     9     18     12     15   1703.666     12.500     -0.990
    10     19     13     16   1878.269     13.500     -0.990
    11     20     14     17   1922.530     14.500     -0.990
    12     21     15     18   2075.995     15.500     -0.990
    13     22     16     19   1930.347     16.500     -0.990
    14     23     17     20   1839.831     17.500     -0.990
    15     24     18     21   1657.043     18.500     -0.990
    16     25     19     22   1568.855     19.500     -0.990
    17     26     20     23   1381.641     20.500     -0.990
    18     27     21     24   1303.092     21.500     -0.990
    19     28     22     25   1121.451     22.500     -0.990
    20     29     23     26   1217.123     23.500     -0.990
    21     30     24     27   1209.229     24.500     -0.990
    22     31     25     28   1293.879     25.500     -0.990
    23     32     26     29   1208.389     26.500     -0.990
    24     33     27     30   1123.734     27.500     -0.990
    25     34     28     31   1057.468     28.500     -0.990
    26     35     29     32   1020.126     29.500     -0.990
    27     36     30     33   1032.338     30.500     -0.990
    28     37     31     34   1070.518     31.500     -0.990
    29     38     32     35    965.448     32.500     -0.990
    30     39     33     36    848.169     33.500     -0.990
    31     40     34     37    804.231     34.500     -0.990
    32     41     35     38    706.063     35.500     -0.990
    33     42     36     39    657.875     36.500     -0.990
    34     43     37     40    664.906     37.500     -0.990
    35     44     38     41    662.908     38.500     -0.990
    36     45     39     42    720.084     39.500     -0.990
    37     46     40     43    814.853     40.500     -0.990
    38     47     41     44    978.261     41.500     -0.990
    39     48     42     45   1077.591     42.500     -0.990
     1     13      5      9    625.292      6.000     -1.320
     2     14      6     10    905.352      7.000     -1.320
     3     15      7     11   1152.991      8.000     -1.320
     4     16      8     12   1297.577      9.000     -1.320
     5     17      9     13   1310.384     10.000     -1.320
     6     18     10     14   1261.240     11.000     -1.320
     7     19     11     15   1135.710     12.000     -1.320
     8     20     12     16   1069.961     13.000     -1.320
     9     21     13     17   1123.827     14.000     -1.320
    10     22     14     18   1256.282     15.000     -1.320
    11     23     15     19   1462.861     16.000     -1.320
    12     24     16     20   1499.558     17.000     -1.320
    13     25     17     21   1388.067     18.000     -1.320
    14     26     18     22   1275.285     19.000     -1.320
    15     27     19     23   1148.089     20.000     -1.320
    16     28     20     24   1047.618     21.000     -1.320
    17     29     21     25   1008.268     22.000     -1.320
    18     30     22     26    915.769     23.000     -1.320
    19     31     23     27    993.472     24.000     -1.320
    20     32     24     28   1046.421     25.000     -1.320
    21     33     25     29    910.086     26.000     -1.320
    22     34     26     30    870.482     27.000     -1.320
    23     35     27     31    804.366     28.000     -1.320
    24     36     28     32    713.135     29.000     -1.320
    25     37     29     33    726.874     30.000     -1.320
    26     38     30     34    710.054     31.000     -1.320
    27     39     31     35    723.992     32.000     -1.320
    28     40     32     36    736.170     33.000     -1.320
    29     41     33     37    612.292     34.000     -1.320
    30     42     34     38    576.781     35.000     -1.320
    31     43     35     39    526.632     36.000     -1.320
    32     44     36     40    521.904     37.000     -1.320
    33     45     37     41    545.217     38.000     -1.320
    34     46     38     42    566.089     39.000     -1.320
    35     47     39     43    656.103     40.000     -1.320
    36     48     40     44    751.597     41.000     -1.320
     1     16      6     11    750.011      7.500     -1.650
     2     17      7     12    838.785      8.500     -1.650
     3     18      8     13    834.628      9.500     -1.650
     4     19      9     14    819.128     10.500     -1.650
     5     20     10     15    816.693     11.500     -1.650
     6     21     11     16    848.514     12.500     -1.650
     7     22     12     17    727.562     13.500     -1.650
     8     23     13     18    749.652     14.500     -1.650
     9     24     14     19    853.016     15.500     -1.650
    10     25     15     20   1030.015     16.500     -1.650
    11     26     16     21   1060.335     17.500     -1.650
    12     27     17     22   1023.695     18.500     -1.650
    13     28     18     23    877.277     19.500     -1.650
    14     29     19     24    805.559     20.500     -1.650
    15     30     20     25    748.491     21.500     -1.650
    16     31     21     26    748.904     22.500     -1.650
    17     32     22     27    703.760     23.500     -1.650
    18     33     23     28    737.008     24.500     -1.650
    19     34     24     29    714.497     25.500     -1.650
    20     35     25     30    696.581     26.500     -1.650
    21     36     26     31    682.318     27.500     -1.650
    22     37     27     32    640.791     28.500     -1.650
    23     38     28     33    566.726     29.500     -1.650
    24     39     29     34    566.494     30.500     -1.650
    25     40     30     35    535.884     31.500     -1.650
    26     41     31     36    521.905     32.500     -1.650
    27     42     32     37    520.018     33.500     -1.650
    28     43     33     38    482.547     34.500     -1.650
    29     44     34     39    418.947     35.500     -1.650
    30     45     35     40    416.145     36.500     -1.650
    31     46     36     41    434.780     37.500     -1.650
    32     47     37     42    452.298     38.500     -1.650
    33     48     38     43    513.417     39.500     -1.650
     1     19      7     13    519.677      9.000     -1.980
     2     20      8     14    550.112     10.000     -1.980
     3     21      9     15    554.240     11.000     -1.980
     4     22     10     16    562.232     12.000     -1.980
     5     23     11     17    614.504     13.000     -1.980
     6     24     12     18    629.161     14.000     -1.980
     7     25     13     19    611.770     15.000     -1.980
     8     26     14     20    615.675     16.000     -1.980
     9     27     15     21    647.767     17.000     -1.980
    10     28     16     22    671.900     18.000     -1.980
    11     29     17     23    654.092     19.000     -1.980
    12     30     18     24    616.248     20.000     -1.980
    13     31     19     25    572.642     21.000     -1.980
    14     32     20     26    535.902     22.000     -1.980
    15     33     21     27    503.674     23.000     -1.980
    16     34     22     28    490.809     24.000     -1.980
    17     35     23     29    510.245     25.000     -1.980
    18     36     24     30    534.176     26.000     -1.980
    19     37     25     31    557.092     27.000     -1.980
    20     38     26     32    569.864     28.000     -1.980
    21     39     27     33    555.257     29.000     -1.980
    22     40     28     34    487.989     30.000     -1.980
    23     41     29     35    449.014     31.000     -1.980
    24     42     30     36    427.225     32.000     -1.980
    25     43     31     37    402.623     33.000     -1.980
    26     44     32     38    388.200     34.000     -1.980
    27     45     33     39    354.396     35.000     -1.980
    28     46     34     40    357.688     36.000     -1.980
    29     47     35     41    344.790     37.000     -1.980
    30     48     36     42    350.565     38.000     -1.980
     1     22      8     15    368.429     10.500     -2.310
     2     23      9     16    438.079     11.500     -2.310
     3     24     10     17    466.158     12.500     -2.310
     4     25     11     18    486.753     13.500     -2.310
     5     26     12     19    499.988     14.500     -2.310
     6     27     13     20    494.339     15.500     -2.310
     7     28     14     21    426.115     16.500     -2.310
     8     29     15     22    395.308     17.500     -2.310
     9     30     16     23    386.679     18.500     -2.310
    10     31     17     24    416.437     19.500     -2.310
    11     32     18     25    406.619     20.500     -2.310
    12     33     19     26    389.129     21.500     -2.310
    13     34     20     27    367.670     22.500     -2.310
    14     35     21     28    360.668     23.500     -2.310
    15     36     22     29    338.495     24.500     -2.310
    16     37     23     30    385.463     25.500     -2.310
    17     38     24     31    429.120     26.500     -2.310
    18     39     25     32    454.301     27.500     -2.310
    19     40     26     33    480.093     28.500     -2.310
    20     41     27     34    472.871     29.500     -2.310
    21     42     28     35    417.719     30.500     -2.310
    22     43     29     36    387.276     31.500     -2.310
    23     44     30     37    342.326     32.500     -2.310
    24     45     31     38    325.187     33.500     -2.310
    25     46     32     39    313.108     34.500     -2.310
    26     47     33     40    295.043     35.500     -2.310
    27     48     34     41    284.202     36.500     -2.310
     1     25      9     17    359.329     12.000     -2.640
     2     26     10     18    392.569     13.000     -2.640
     3     27     11     19    380.082     14.000     -2.640
     4     28     12     20    350.602     15.000     -2.640
     5     29     13     21    332.216     16.000     -2.640
     6     30     14     22    316.106     17.000     -2.640
     7     31     15     23    280.934     18.000     -2.640
     8     32     16     24    242.970     19.000     -2.640
     9     33     17     25    239.539     20.000     -2.640
    10     34     18     26    259.504     21.000     -2.640
    11     35     19     27    267.577     22.000     -2.640
    12     36     20     28    277.506     23.000     -2.640
    13     37     21     29    271.751     24.000     -2.640
    14     38     22     30    268.043     25.000     -2.640
    15     39     23     31    309.483     26.000     -2.640
    16     40     24     32    347.694     27.000     -2.640
    17     41     25     33    378.974     28.000     -2.640
    18     42     26     34    400.320     29.000     -2.640
    19     43     27     35    393.755     30.000     -2.640
    20     44     28     36    352.375     31.000     -2.640
    21     45     29     37    327.672     32.000     -2.640
    22     46     30     38    301.854     33.000     -2.640
    23     47     31     39    274.760     34.000     -2.640
    24     48     32     40    261.012     35.000     -2.640
     1     28     10     19    281.318     13.500     -2.970
     2     29     11     20    279.160     14.500     -2.970
     3     30     12     21    250.338     15.500     -2.970
     4     31     13     22    233.044     16.500     -2.970
     5     32     14     23    212.792     17.500     -2.970
     6     33     15     24    205.661     18.500     -2.970
     7     34     16     25    184.534     19.500     -2.970
     8     35     17     26    169.494     20.500     -2.970
     9     36     18     27    175.185     21.500     -2.970
    10     37     19     28    203.416     22.500     -2.970
    11     38     20     29    208.502     23.500     -2.970
    12     39     21     30    223.636     24.500     -2.970
    13     40     22     31    230.609     25.500     -2.970
    14     41     23     32    253.637     26.500     -2.970
    15     42     24     33    294.627     27.500     -2.970
    16     43     25     34    313.219     28.500     -2.970
    17     44     26     35    318.345     29.500     -2.970
    18     45     27     36    324.239     30.500     -2.970
    19     46     28     37    291.010     31.500     -2.970
    20     47     29     38    274.970     32.500     -2.970
    21     48     30     39    253.430     33.500     -2.970
     1     31     11     21    199.608     15.000     -3.300
     2     32     12     22    183.065     16.000     -3.300
     3     33     13     23    163.001     17.000     -3.300
     4     34     14     24    157.538     18.000     -3.300
     5     35     15     25    152.040     19.000     -3.300
     6     36     16     26    159.786     20.000     -3.300
     7     37     17     27    152.567     21.000     -3.300
     8     38     18     28    146.408     22.000     -3.300
     9     39     19     29    159.592     23.000     -3.300
    10     40     20     30    177.773     24.000     -3.300
    11     41     21     31    185.798     25.000     -3.300
    12     42     22     32    204.218     26.000     -3.300
    13     43     23     33    225.835     27.000     -3.300
    14     44     24     34    244.097     28.000     -3.300
    15     45     25     35    256.265     29.000     -3.300
    16     46     26     36    259.251     30.000     -3.300
    17     47     27     37    252.003     31.000     -3.300
    18     48     28     38    239.084     32.000     -3.300
     1     34     12     23    134.828     16.500     -3.630
     2     35     13     24    131.677     17.500     -3.630
     3     36     14     25    124.183     18.500     -3.630
     4     37     15     26    137.128     19.500     -3.630
     5     38     16     27    137.258     20.500     -3.630
     6     39     17     28    146.205     21.500     -3.630
     7     40     18     29    140.721     22.500     -3.630
     8     41     19     30    138.034     23.500     -3.630
     9     42     20     31    157.280     24.500     -3.630
    10     43     21     32    153.684     25.500     -3.630
    11     44     22     33    161.609     26.500     -3.630
    12     45     23     34    201.170     27.500     -3.630
    13     46     24     35    208.002     28.500     -3.630
    14     47     25     36    208.093     29.500     -3.630
    15     48     26     37    203.282     30.500     -3.630
     1     37     13     25    117.489     18.000     -3.960
     2     38     14     26    117.873     19.000     -3.960
     3     39     15     27    120.494     20.000     -3.960
     4     40     16     28    135.365     21.000     -3.960
     5     41     17     29    134.670     22.000     -3.960
     6     42     18     30    142.007     23.000     -3.960
     7     43     19     31    138.298     24.000     -3.960
     8     44     20     32    132.002     25.000     -3.960
     9     45     21     33    150.244     26.000     -3.960
    10     46     22     34    147.802     27.000     -3.960
    11     47     23     35    159.965     28.000     -3.960
    12     48     24     36    183.207     29.000     -3.960
     1     40     14     27    118.945     19.500     -4.290
     2     41     15     28    124.736     20.500     -4.290
     3     42     16     29    120.228     21.500     -4.290
     4     43     17     30    129.682     22.500     -4.290
     5     44     18     31    127.035     23.500     -4.290
     6     45     19     32    128.246     24.500     -4.290
     7     46     20     33    118.295     25.500     -4.290
     8     47     21     34    129.156     26.500     -4.290
     9     48     22     35    132.698     27.500     -4.290
     1     43     15     29    120.462     21.000     -4.620
     2     44     16     30    119.950     22.000     -4.620
     3     45     17     31    120.205     23.000     -4.620
     4     46     18     32    107.476     24.000     -4.620
     5     47     19     33    109.056     25.000     -4.620
     6     48     20     34    124.284     26.000     -4.620
     1     46     16     31    107.504     22.500     -4.950
     2     47     17     32     86.722     23.500     -4.950
     3     48     18     33     91.643     24.500     -4.950
     1      2      4      3   1098.040      1.500     -0.585
     2      3      5      4   1187.295      2.500     -0.585
     3      4      6      5   1153.953      3.500     -0.585
     4      5      7      6    998.120      4.500     -0.585
     5      6      8      7   1364.201      5.500     -0.585
     6      7      9      8   1006.635      6.500     -0.585
     7      8     10      9   1678.887      7.500     -0.585
     8      9     11     10   3199.353      8.500     -0.585
     9     10     12     11   4718.953      9.500     -0.585
    10     11     13     12   3330.159     10.500     -0.585
    11     12     14     13   3236.722     11.500     -0.585
    12     13     15     14   2937.092     12.500     -0.585
    13     14     16     15   3491.791     13.500     -0.585
    14     15     17     16   4310.314     14.500     -0.585
    15     16     18     17   3947.309     15.500     -0.585
    16     17     19     18   3064.496     16.500     -0.585
    17     18     20     19   2962.304     17.500     -0.585
    18     19     21     20   2385.845     18.500     -0.585
    19     20     22     21   2237.448     19.500     -0.585
    20     21     23     22   1013.257     20.500     -0.585
    21     22     24     23   1283.469     21.500     -0.585
    22     23     25     24   1089.594     22.500     -0.585
    23     24     26     25   1119.070     23.500     -0.585
    24     25     27     26   1592.781     24.500     -0.585
    25     26     28     27   2111.618     25.500     -0.585
    26     27     29     28   2259.579     26.500     -0.585
    27     28     30     29   2992.842     27.500     -0.585
    28     29     31     30   1932.382     28.500     -0.585
    29     30     32     31   2246.449     29.500     -0.585
    30     31     33     32   3198.521     30.500     -0.585
    31     32     34     33   2285.764     31.500     -0.585
    32     33     35     34   2145.651     32.500     -0.585
    33     34     36     35   1742.503     33.500     -0.585
    34     35     37     36   1144.695     34.500     -0.585
    35     36     38     37   1134.529     35.500     -0.585
    36     37     39     38   1040.253     36.500     -0.585
    37     38     40     39   1206.657     37.500     -0.585
    38     39     41     40    749.472     38.500     -0.585
    39     40     42     41   1141.781     39.500     -0.585
    40     41     43     42   1351.617     40.500     -0.585
    41     42     44     43   1505.699     41.500     -0.585
    42     43     45     44   1815.146     42.500     -0.585
    43     44     46     45   2271.702     43.500     -0.585
    44     45     47     46   2249.782     44.500     -0.585
    45     46     48     47   3719.102     45.500     -0.585
     1      2      5      4    835.845      2.000     -0.780
     2      3      6      5    923.941      3.000     -0.780
     3      4      7      6    761.903      4.000     -0.780
     4      5      8      7   1114.654      5.000     -0.780
     5      6      9      8   1580.977      6.000     -0.780
     6      7     10      9   1064.043      7.000     -0.780
     7      8     11     10   1694.591      8.000     -0.780
     8      9     12     11   3320.204      9.000     -0.780
     9     10     13     12   3852.406     10.000     -0.780
    10     11     14     13   3060.209     11.000     -0.780
    11     12     15     14   3026.476     12.000     -0.780
    12     13     16     15   3767.867     13.000     -0.780
    13     14     17     16   3650.688     14.000     -0.780
    14     15     18     17   4003.365     15.000     -0.780
    15     16     19     18   3588.376     16.000     -0.780
    16     17     20     19   3066.104     17.000     -0.780
    17     18     21     20   2537.896     18.000     -0.780
    18     19     22     21   2358.121     19.000     -0.780
    19     20     23     22   1380.185     20.000     -0.780
    20     21     24     23   1208.080     21.000     -0.780
    21     22     25     24   1205.426     22.000     -0.780
    22     23     26     25   1041.454     23.000     -0.780
    23     24     27     26   1325.270     24.000     -0.780
    24     25     28     27   1826.910     25.000     -0.780
    25     26     29     28   1807.959     26.000     -0.780
    26     27     30     29   2335.433     27.000     -0.780
    27     28     31     30   2600.336     28.000     -0.780
    28     29     32     31   2196.299     29.000     -0.780
    29     30     33     32   2370.674     30.000     -0.780
    30     31     34     33   2486.470     31.000     -0.780
    31     32     35     34   1912.999     32.000     -0.780
    32     33     36     35   1680.590     33.000     -0.780
    33     34     37     36   1226.375     34.000     -0.780
    34     35     38     37    973.372     35.000     -0.780
    35     36     39     38    854.735     36.000     -0.780
    36     37     40     39   1039.088     37.000     -0.780
    37     38     41     40    957.830     38.000     -0.780
    38     39     42     41    715.284     39.000     -0.780
    39     40     43     42   1302.146     40.000     -0.780
    40     41     44     43   1313.386     41.000     -0.780
    41     42     45     44   1492.304     42.000     -0.780
    42     43     46     45   1773.161     43.000     -0.780
    43     44     47     46   2344.604     44.000     -0.780
    44     45     48     47   2310.305     45.000     -0.780
     1      2      6      5    816.130      2.500     -0.975
     2      3      7      6    604.997      3.500     -0.975
     3      4      8      7    802.822      4.500     -0.975
     4      5      9      8   1354.053      5.500     -0.975
     5      6     10      9   1593.218      6.500     -0.975
     6      7     11     10   1168.943      7.500     -0.975
     7      8     12     11   1675.783      8.500     -0.975
     8      9     13     12   2509.346      9.500     -0.975
     9     10     14     13   3064.814     10.500     -0.975
    10     11     15     14   2895.941     11.500     -0.975
    11     12     16     15   3847.968     12.500     -0.975
    12     13     17     16   3785.315     13.500     -0.975
    13     14     18     17   3465.738     14.500     -0.975
    14     15     19     18   3325.034     15.500     -0.975
    15     16     20     19   3294.639     16.500     -0.975
    16     17     21     20   2573.435     17.500     -0.975
    17     18     22     21   2437.024     18.500     -0.975
    18     19     23     22   1488.343     19.500     -0.975
    19     20     24     23   1624.884     20.500     -0.975
    20     21     25     24   1225.273     21.500     -0.975
    21     22     26     25   1169.182     22.500     -0.975
    22     23     27     26   1188.460     23.500     -0.975
    23     24     28     27   1619.615     24.500     -0.975
    24     25     29     28   1462.484     25.500     -0.975
    25     26     30     29   1773.570     26.500     -0.975
    26     27     31     30   2025.139     27.500     -0.975
    27     28     32     31   2467.014     28.500     -0.975
    28     29     33     32   2111.839     29.500     -0.975
    29     30     34     33   1821.158     30.500     -0.975
    30     31     35     34   1954.747     31.500     -0.975
    31     32     36     35   1364.087     32.500     -0.975
    32     33     37     36   1198.060     33.500     -0.975
    33     34     38     37    965.625     34.500     -0.975
    34     35     39     38    745.607     35.500     -0.975
    35     36     40     39    857.720     36.500     -0.975
    36     37     41     40    801.004     37.500     -0.975
    37     38     42     41    784.310     38.500     -0.975
    38     39     43     42    798.291     39.500     -0.975
    39     40     44     43   1128.120     40.500     -0.975
    40     41     45     44   1133.265     41.500     -0.975
    41     42     46     45   1245.690     42.500     -0.975
    42     43     47     46   1632.784     43.500     -0.975
    43     44     48     47   2180.674     44.500     -0.975
     1      2      7      6    590.498      3.000     -1.170
     2      3      8      7    656.152      4.000     -1.170
     3      4      9      8    966.280      5.000     -1.170
     4      5     10      9   1370.936      6.000     -1.170
     5      6     11     10   1674.180      7.000     -1.170
     6      7     12     11   1163.370      8.000     -1.170
     7      8     13     12   1356.873      9.000     -1.170
     8      9     14     13   2056.543     10.000     -1.170
     9     10     15     14   2908.049     11.000     -1.170
    10     11     16     15   3506.044     12.000     -1.170
    11     12     17     16   3796.538     13.000     -1.170
    12     13     18     17   3426.065     14.000     -1.170
    13     14     19     18   2894.990     15.000     -1.170
    14     15     20     19   2837.477     16.000     -1.170
    15     16     21     20   2623.440     17.000     -1.170
    16     17     22     21   2321.783     18.000     -1.170
    17     18     23     22   1468.535     19.000     -1.170
    18     19     24     23   1646.275     20.000     -1.170
    19     20     25     24   1535.994     21.000     -1.170
    20     21     26     25   1160.437     22.000     -1.170
    21     22     27     26   1326.127     23.000     -1.170
    22     23     28     27   1355.442     24.000     -1.170
    23     24     29     28   1257.447     25.000     -1.170
    24     25     30     29   1484.428     26.000     -1.170
    25     26     31     30   1555.902     27.000     -1.170
    26     27     32     31   1789.809     28.000     -1.170
    27     28     33     32   2278.432     29.000     -1.170
    28     29     34     33   1445.285     30.000     -1.170
    29     30     35     34   1369.918     31.000     -1.170
    30     31     36     35   1289.736     32.000     -1.170
    31     32     37     36    985.477     33.000     -1.170
    32     33     38     37    929.551     34.000     -1.170
    33     34     39     38    698.810     35.000     -1.170
    34     35     40     39    735.676     36.000     -1.170
    35     36     41     40    708.957     37.000     -1.170
    36     37     42     41    644.383     38.000     -1.170
    37     38     43     42    820.960     39.000     -1.170
    38     39     44     43    675.433     40.000     -1.170
    39     40     45     44    899.422     41.000     -1.170
    40     41     46     45    930.376     42.000     -1.170
    41     42     47     46   1081.819     43.000     -1.170
    42     43     48     47   1552.747     44.000     -1.170
     1      2      8      7    672.019      3.500     -1.365
     2      3      9      8    766.916      4.500     -1.365
     3      4     10      9   1053.814      5.500     -1.365
     4      5     11     10   1419.626      6.500     -1.365
     5      6     12     11   1807.672      7.500     -1.365
     6      7     13     12    990.966      8.500     -1.365
     7      8     14     13   1011.260      9.500     -1.365
     8      9     15     14   1563.960     10.500     -1.365
     9     10     16     15   3238.584     11.500     -1.365
    10     11     17     16   3202.285     12.500     -1.365
    11     12     18     17   3125.532     13.500     -1.365
    12     13     19     18   2623.296     14.500     -1.365
    13     14     20     19   2385.013     15.500     -1.365
    14     15     21     20   2145.800     16.500     -1.365
    15     16     22     21   2384.399     17.500     -1.365
    16     17     23     22   1411.489     18.500     -1.365
    17     18     24     23   1548.001     19.500     -1.365
    18     19     25     24   1534.912     20.500     -1.365
    19     20     26     25   1385.403     21.500     -1.365
    20     21     27     26   1291.520     22.500     -1.365
    21     22     28     27   1479.094     23.500     -1.365
    22     23     29     28    991.409     24.500     -1.365
    23     24     30     29   1258.911     25.500     -1.365
    24     25     31     30   1239.020     26.500     -1.365
    25     26     32     31   1403.774     27.500     -1.365
    26     27     33     32   1643.863     28.500     -1.365
    27     28     34     33   1494.640     29.500     -1.365
    28     29     35     34   1084.136     30.500     -1.365
    29     30     36     35    972.897     31.500     -1.365
    30     31     37     36    955.104     32.500     -1.365
    31     32     38     37    741.535     33.500     -1.365
    32     33     39     38    699.451     34.500     -1.365
    33     34     40     39    712.883     35.500     -1.365
    34     35     41     40    621.122     36.500     -1.365
    35     36     42     41    541.634     37.500     -1.365
    36     37     43     42    670.747     38.500     -1.365
    37     38     44     43    659.812     39.500     -1.365
    38     39     45     44    527.582     40.500     -1.365
    39     40     46     45    821.945     41.500     -1.365
    40     41     47     46    860.683     42.500     -1.365
    41     42     48     47   1030.687     43.500     -1.365
     1      3      9      7    721.034      4.000     -1.560
     2      4     10      8    933.218      5.000     -1.560
     3      5     11      9   1258.870      6.000     -1.560
     4      6     12     10   1594.400      7.000     -1.560
     5      7     13     11   1283.553      8.000     -1.560
     6      8     14     12   1103.954      9.000     -1.560
     7      9     15     13   1555.348     10.000     -1.560
     8     10     16     14   2551.440     11.000     -1.560
     9     11     17     15   3271.198     12.000     -1.560
    10     12     18     16   3345.958     13.000     -1.560
    11     13     19     17   3058.780     14.000     -1.560
    12     14     20     18   2606.386     15.000     -1.560
    13     15     21     19   2418.405     16.000     -1.560
    14     16     22     20   2338.205     17.000     -1.560
    15     17     23     21   1983.788     18.000     -1.560
    16     18     24     22   1479.789     19.000     -1.560
    17     19     25     23   1568.813     20.000     -1.560
    18     20     26     24   1481.079     21.000     -1.560
    19     21     27     25   1288.520     22.000     -1.560
    20     22     28     26   1363.126     23.000     -1.560
    21     23     29     27   1257.184     24.000     -1.560
    22     24     30     28   1155.795     25.000     -1.560
    23     25     31     29   1314.576     26.000     -1.560
    24     26     32     30   1379.666     27.000     -1.560
    25     27     33     31   1579.078     28.000     -1.560
    26     28     34     32   1793.147     29.000     -1.560
    27     29     35     33   1338.467     30.000     -1.560
    28     30     36     34   1117.818     31.000     -1.560
    29     31     37     35   1055.214     32.000     -1.560
    30     32     38     36    877.367     33.000     -1.560
    31     33     39     37    781.908     34.000     -1.560
    32     34     40     38    706.501     35.000     -1.560
    33     35     41     39    688.971     36.000     -1.560
    34     36     42     40    621.788     37.000     -1.560
    35     37     43     41    617.427     38.000     -1.560
    36     38     44     42    709.987     39.000     -1.560
    37     39     45     43    617.174     40.000     -1.560
    38     40     46     44    744.047     41.000     -1.560
    39     41     47     45    859.288     42.000     -1.560
    40     42     48     46    984.510     43.000     -1.560
     1      3     11      9    876.380      5.000     -1.950
     2      4     12     10    929.124      6.000     -1.950
     3      5     13     11   1112.426      7.000     -1.950
     4      6     14     12   1028.383      8.000     -1.950
     5      7     15     13    752.322      9.000     -1.950
     6      8     16     14    801.850     10.000     -1.950
     7      9     17     15   1416.684     11.000     -1.950
     8     10     18     16   2203.448     12.000     -1.950
     9     11     19     17   2306.691     13.000     -1.950
    10     12     20     18   2098.309     14.000     -1.950
    11     13     21     19   1732.330     15.000     -1.950
    12     14     22     20   1557.979     16.000     -1.950
    13     15     23     21   1371.339     17.000     -1.950
    14     16     24     22   1172.351     18.000     -1.950
    15     17     25     23   1358.834     19.000     -1.950
    16     18     26     24   1319.646     20.000     -1.950
    17     19     27     25   1374.128     21.000     -1.950
    18     20     28     26   1511.753     22.000     -1.950
    19     21     29     27   1285.332     23.000     -1.950
    20     22     30     28    992.481     24.000     -1.950
    21     23     31     29    893.355     25.000     -1.950
    22     24     32     30    872.662     26.000     -1.950
    23     25     33     31    976.438     27.000     -1.950
    24     26     34     32    992.707     28.000     -1.950
    25     27     35     33    899.192     29.000     -1.950
    26     28     36     34    872.742     30.000     -1.950
    27     29     37     35    637.496     31.000     -1.950
    28     30     38     36    564.340     32.000     -1.950
    29     31     39     37    579.484     33.000     -1.950
    30     32     40     38    563.869     34.000     -1.950
    31     33     41     39    613.470     35.000     -1.950
    32     34     42     40    554.382     36.000     -1.950
    33     35     43     41    485.034     37.000     -1.950
    34     36     44     42    513.041     38.000     -1.950
    35     37     45     43    479.373     39.000     -1.950
    36     38     46     44    471.768     40.000     -1.950
    37     39     47     45    474.140     41.000     -1.950
    38     40     48     46    583.040     42.000     -1.950
     1      3     13     11    606.754      6.000     -2.340
     2      4     14     12    585.843      7.000     -2.340
     3      5     15     13    615.636      8.000     -2.340
     4      6     16     14    778.451      9.000     -2.340
     5      7     17     15    731.398     10.000     -2.340
     6      8     18     16    568.842     11.000     -2.340
     7      9     19     17    810.591     12.000     -2.340
     8     10     20     18   1154.309     13.000     -2.340
     9     11     21     19   1318.723     14.000     -2.340
    10     12     22     20   1077.275     15.000     -2.340
    11     13     23     21   1002.419     16.000     -2.340
    12     14     24     22    686.659     17.000     -2.340
    13     15     25     23    808.179     18.000     -2.340
    14     16     26     24   1003.483     19.000     -2.340
    15     17     27     25   1103.823     20.000     -2.340
    16     18     28     26   1282.743     21.000     -2.340
    17     19     29     27   1245.684     22.000     -2.340
    18     20     30     28   1002.857     23.000     -2.340
    19     21     31     29    849.678     24.000     -2.340
    20     22     32     30    705.863     25.000     -2.340
    21     23     33     31    608.391     26.000     -2.340
    22     24     34     32    581.776     27.000     -2.340
    23     25     35     33    483.467     28.000     -2.340
    24     26     36     34    449.484     29.000     -2.340
    25     27     37     35    426.553     30.000     -2.340
    26     28     38     36    432.840     31.000     -2.340
    27     29     39     37    354.832     32.000     -2.340
    28     30     40     38    384.742     33.000     -2.340
    29     31     41     39    456.024     34.000     -2.340
    30     32     42     40    439.006     35.000     -2.340
    31     33     43     41    481.478     36.000     -2.340
    32     34     44     42    460.560     37.000     -2.340
    33     35     45     43    395.046     38.000     -2.340
    34     36     46     44    340.373     39.000     -2.340
    35     37     47     45    360.480     40.000     -2.340
    36     38     48     46    425.543     41.000     -2.340
     1      3     15     13    494.669      7.000     -2.730
     2      4     16     14    554.884      8.000     -2.730
     3      5     17     15    624.032      9.000     -2.730
     4      6     18     16    568.623     10.000     -2.730
     5      7     19     17    534.966     11.000     -2.730
     6      8     20     18    273.304     12.000     -2.730
     7      9     21     19    414.065     13.000     -2.730
     8     10     22     20    689.106     14.000     -2.730
     9     11     23     21    425.925     15.000     -2.730
    10     12     24     22    641.592     16.000     -2.730
    11     13     25     23    676.070     17.000     -2.730
    12     14     26     24    584.116     18.000     -2.730
    13     15     27     25    718.398     19.000     -2.730
    14     16     28     26    939.066     20.000     -2.730
    15     17     29     27    964.360     21.000     -2.730
    16     18     30     28    812.674     22.000     -2.730
    17     19     31     29    792.460     23.000     -2.730
    18     20     32     30    695.571     24.000     -2.730
    19     21     33     31    558.386     25.000     -2.730
    20     22     34     32    442.497     26.000     -2.730
    21     23     35     33    316.327     27.000     -2.730
    22     24     36     34    274.766     28.000     -2.730
    23     25     37     35    239.734     29.000     -2.730
    24     26     38     36    239.204     30.000     -2.730
    25     27     39     37    261.535     31.000     -2.730
    26     28     40     38    300.031     32.000     -2.730
    27     29     41     39    298.810     33.000     -2.730
    28     30     42     40    280.308     34.000     -2.730
    29     31     43     41    405.235     35.000     -2.730
    30     32     44     42    513.141     36.000     -2.730
    31     33     45     43    472.198     37.000     -2.730
    32     34     46     44    356.059     38.000     -2.730
    33     35     47     45    240.663     39.000     -2.730
    34     36     48     46    386.034     40.000     -2.730
     1      4     16     13    465.935      7.500     -2.925
     2      5     17     14    558.001      8.500     -2.925
     3      6     18     15    605.048      9.500     -2.925
     4      7     19     16    504.932     10.500     -2.925
     5      8     20     17    435.085     11.500     -2.925
     6      9     21     18    422.080     12.500     -2.925
     7     10     22     19    675.689     13.500     -2.925
     8     11     23     20    653.833     14.500     -2.925
     9     12     24     21    624.297     15.500     -2.925
    10     13     25     22    597.640     16.500     -2.925
    11     14     26     23    620.101     17.500     -2.925
    12     15     27     24    684.261     18.500     -2.925
    13     16     28     25    852.652     19.500     -2.925
    14     17     29     26    951.081     20.500     -2.925
    15     18     30     27    971.076     21.500     -2.925
    16     19     31     28    820.996     22.500     -2.925
    17     20     32     29    773.761     23.500     -2.925
    18     21     33     30    628.533     24.500     -2.925
    19     22     34     31    522.136     25.500     -2.925
    20     23     35     32    404.520     26.500     -2.925
    21     24     36     33    333.068     27.500     -2.925
    22     25     37     34    285.237     28.500     -2.925
    23     26     38     35    274.863     29.500     -2.925
    24     27     39     36    266.671     30.500     -2.925
    25     28     40     37    296.479     31.500     -2.925
    26     29     41     38    269.281     32.500     -2.925
    27     30     42     39    298.164     33.500     -2.925
    28     31     43     40    350.551     34.500     -2.925
    29     32     44     41    460.645     35.500     -2.925
    30     33     45     42    430.952     36.500     -2.925
    31     34     46     43    425.811     37.500     -2.925
    32     35     47     44    296.574     38.500     -2.925
    33     36     48     45    302.086     39.500     -2.925
     1      4     19     16    309.873      9.000     -3.510
     2      5     20     17    250.481     10.000     -3.510
     3      6     21     18    326.965     11.000     -3.510
     4      7     22     19    217.421     12.000     -3.510
     5      8     23     20    182.517     13.000     -3.510
     6      9     24     21    134.145     14.000     -3.510
     7     10     25     22     91.218     15.000     -3.510
     8     11     26     23    263.596     16.000     -3.510
     9     12     27     24    387.811     17.000     -3.510
    10     13     28     25    414.864     18.000     -3.510
    11     14     29     26    462.240     19.000     -3.510
    12     15     30     27    490.424     20.000     -3.510
    13     16     31     28    490.209     21.000     -3.510
    14     17     32     29    538.276     22.000     -3.510
    15     18     33     30    496.068     23.000     -3.510
    16     19     34     31    439.655     24.000     -3.510
    17     20     35     32    357.738     25.000     -3.510
    18     21     36     33    258.891     26.000     -3.510
    19     22     37     34    192.786     27.000     -3.510
    20     23     38     35    139.929     28.000     -3.510
    21     24     39     36    126.520     29.000     -3.510
    22     25     40     37    130.933     30.000     -3.510
    23     26     41     38    150.465     31.000     -3.510
    24     27     42     39    185.057     32.000     -3.510
    25     28     43     40    228.751     33.000     -3.510
    26     29     44     41    261.882     34.000     -3.510
    27     30     45     42    371.582     35.000     -3.510
    28     31     46     43    476.966     36.000     -3.510
    29     32     47     44    644.825     37.000     -3.510
    30     33     48     45    641.907     38.000     -3.510
     1      4     22     19    144.063     10.500     -4.095
     2      5     23     20    104.161     11.500     -4.095
     3      6     24     21    276.415     12.500     -4.095
     4      7     25     22     71.024     13.500     -4.095
     5      8     26     23     31.390     14.500     -4.095
     6      9     27     24    260.582     15.500     -4.095
     7     10     28     25    332.557     16.500     -4.095
     8     11     29     26    292.011     17.500     -4.095
     9     12     30     27    300.205     18.500     -4.095
    10     13     31     28    268.756     19.500     -4.095
    11     14     32     29    311.487     20.500     -4.095
    12     15     33     30    270.517     21.500     -4.095
    13     16     34     31    282.808     22.500     -4.095
    14     17     35     32    230.617     23.500     -4.095
    15     18     36     33    216.861     24.500     -4.095
    16     19     37     34    176.505     25.500     -4.095
    17     20     38     35    143.789     26.500     -4.095
    18     21     39     36    114.141     27.500     -4.095
    19     22     40     37    110.123     28.500     -4.095
    20     23     41     38     96.910     29.500     -4.095
    21     24     42     39    107.110     30.500     -4.095
    22     25     43     40    132.033     31.500     -4.095
    23     26     44     41     67.040     32.500     -4.095
    24     27     45     42    206.209     33.500     -4.095
    25     28     46     43    137.614     34.500     -4.095
    26     29     47     44    343.554     35.500     -4.095
    27     30     48     45    314.000     36.500     -4.095
     1      5     25     21     53.563     12.000     -4.680
     2      6     26     22     84.690     13.000     -4.680
     3      7     27     23    109.771     14.000     -4.680
     4      8     28     24    202.188     15.000     -4.680
     5      9     29     25    191.632     16.000     -4.680
     6     10     30     26    196.111     17.000     -4.680
     7     11     31     27    221.128     18.000     -4.680
     8     12     32     28    236.630     19.000     -4.680
     9     13     33     29    227.386     20.000     -4.680
    10     14     34     30    213.754     21.000     -4.680
    11     15     35     31    195.327     22.000     -4.680
    12     16     36     32    160.553     23.000     -4.680
    13     17     37     33    159.482     24.000     -4.680
    14     18     38     34    142.955     25.000     -4.680
    15     19     39     35    126.232     26.000     -4.680
    16     20     40     36    120.079     27.000     -4.680
    17     21     41     37    108.905     28.000     -4.680
    18     22     42     38    105.211     29.000     -4.680
    19     23     43     39     99.028     30.000     -4.680
    20     24     44     40     92.610     31.000     -4.680
    21     25     45     41     99.722     32.000     -4.680
    22     26     46     42     -1.348     33.000     -4.680
    23     27     47     43      4.524     34.000     -4.680
    24     28     48     44    180.000     35.000     -4.680
     1      5     29     25    148.409     14.000     -5.460
     2      6     30     26    100.332     15.000     -5.460
     3      7     31     27     88.953     16.000     -5.460
     4      8     32     28    109.205     17.000     -5.460
     5      9     33     29    105.663     18.000     -5.460
     6     10     34     30    123.370     19.000     -5.460
     7     11     35     31    137.515     20.000     -5.460
     8     12     36     32     83.496     21.000     -5.460
     9     13     37     33    109.410     22.000     -5.460
    10     14     38     34     93.841     23.000     -5.460
    11     15     39     35     83.522     24.000     -5.460
    12     16     40     36     96.796     25.000     -5.460
    13     17     41     37     95.714     26.000     -5.460
    14     18     42     38    107.458     27.000     -5.460
    15     19     43     39    117.617     28.000     -5.460
    16     20     44     40    110.466     29.000     -5.460
    17     21     45     41    106.164     30.000     -5.460
    18     22     46     42     87.903     31.000     -5.460
    19     23     47     43     77.585     32.000     -5.460
    20     24     48     44    114.535     33.000     -5.460
     1      6     31     26    110.666     15.000     -5.850
     2      7     32     27    102.451     16.000     -5.850
     3      8     33     28     91.326     17.000     -5.850
     4      9     34     29    100.894     18.000     -5.850
     5     10     35     30    111.137     19.000     -5.850
     6     11     36     31    117.074     20.000     -5.850
     7     12     37     32    105.229     21.000     -5.850
     8     13     38     33     98.489     22.000     -5.850
     9     14     39     34     92.872     23.000     -5.850
    10     15     40     35     93.758     24.000     -5.850
    11     16     41     36     89.780     25.000     -5.850
    12     17     42     37     98.621     26.000     -5.850
    13     18     43     38    105.312     27.000     -5.850
    14     19     44     39    116.113     28.000     -5.850
    15     20     45     40    110.194     29.000     -5.850
    16     21     46     41    107.178     30.000     -5.850
    17     22     47     42    101.316     31.000     -5.850
    18     23     48     43    115.472     32.000     -5.850
     1      6     36     31     81.609     17.500     -6.825
     2      7     37     32     44.268     18.500     -6.825
     3      8     38     33     53.999     19.500     -6.825
     4      9     39     34     53.630     20.500     -6.825
     5     10     40     35     64.621     21.500     -6.825
     6     11     41     36     64.522     22.500     -6.825
     7     12     42     37     77.789     23.500     -6.825
     8     13     43     38     89.460     24.500     -6.825
     9     14     44     39     95.464     25.500     -6.825
    10     15     45     40     82.203     26.500     -6.825
    11     16     46     41     94.870     27.500     -6.825
    12     17     47     42    114.695     28.500     -6.825
    13     18     48     43    160.382     29.500     -6.825
     1      7     37     31     71.815     18.000     -7.020
     2      8     38     32     48.166     19.000     -7.020
     3      9     39     33     57.227     20.000     -7.020
     4     10     40     34     63.018     21.000     -7.020
     5     11     41     35     63.696     22.000     -7.020
     6     12     42     36     71.093     23.000     -7.020
     7     13     43     37     80.222     24.000     -7.020
     8     14     44     38     88.533     25.000     -7.020
     9     15     45     39     95.138     26.000     -7.020
    10     16     46     40     89.641     27.000     -7.020
    11     17     47     41    116.309     28.000     -7.020
    12     18     48     42    147.343     29.000     -7.020
     1      7     43     37     57.838     21.000     -8.190
     2      8     44     38     58.355     22.000     -8.190
     3      9     45     39     65.709     23.000     -8.190
     4     10     46     40     58.101     24.000     -8.190
     5     11     47     41     72.320     25.000     -8.190
     6     12     48     42    114.034     26.000     -8.190
     1     10     46     37     61.917     22.500     -8.775
     2     11     47     38     72.829     23.500     -8.775
     3     12     48     39    101.363     24.500     -8.775
