48# Number of electrodes
# x z
0.000     0.000
1.000     0.000
2.000     0.000
3.000     0.000
4.000     0.000
5.000     0.000
6.000     0.000
7.000     0.000
8.000     0.000
9.000     0.000
10.000     0.000
11.000     0.000
12.000     0.000
13.000     0.000
14.000     0.000
15.000     0.000
16.000     0.000
17.000     0.000
18.000     0.000
19.000     0.000
20.000     0.000
21.000     0.000
22.000     0.000
23.000     0.000
24.000     0.000
25.000     0.000
26.000     0.000
27.000     0.000
28.000     0.000
29.000     0.000
30.000     0.000
31.000     0.000
32.000     0.000
33.000     0.000
34.000     0.000
35.000     0.000
36.000     0.000
37.000     0.000
38.000     0.000
39.000     0.000
40.000     0.000
41.000     0.000
42.000     0.000
43.000     0.000
44.000     0.000
45.000     0.000
46.000     0.000
47.000     0.000
909# Number of data
# a   b   m   n      rhoa      x      z
     1      4      2      3    677.074      1.500     -0.330
     2      5      3      4    724.811      2.500     -0.330
     3      6      4      5    955.348      3.500     -0.330
     4      7      5      6    997.920      4.500     -0.330
     5      8      6      7   1247.551      5.500     -0.330
     6      9      7      8   1306.025      6.500     -0.330
     7     10      8      9   1862.344      7.500     -0.330
     8     11      9     10   2805.324      8.500     -0.330
     9     12     10     11   2674.336      9.500     -0.330
    10     13     11     12   3462.189     10.500     -0.330
    11     14     12     13   3075.467     11.500     -0.330
    12     15     13     14   3300.459     12.500     -0.330
    13     16     14     15   3456.525     13.500     -0.330
    14     17     15     16   3366.713     14.500     -0.330
    15     18     16     17   3700.096     15.500     -0.330
    16     19     17     18   3142.614     16.500     -0.330
    17     20     18     19   3064.955     17.500     -0.330
    18     21     19     20   2740.654     18.500     -0.330
    19     22     20     21   2128.324     19.500     -0.330
    20     23     21     22   2023.223     20.500     -0.330
    21     24     22     23   1384.547     21.500     -0.330
    22     25     23     24   1552.994     22.500     -0.330
    23     26     24     25   1648.723     23.500     -0.330
    24     27     25     26   1640.617     24.500     -0.330
    25     28     26     27   2259.450     25.500     -0.330
    26     29     27     28   2278.815     26.500     -0.330
    27     30     28     29   2299.317     27.500     -0.330
    28     31     29     30   2310.340     28.500     -0.330
    29     32     30     31   2255.922     29.500     -0.330
    30     33     31     32   1770.830     30.500     -0.330
    31     34     32     33   1779.516     31.500     -0.330
    32     35     33     34   1234.751     32.500     -0.330
    33     36     34     35   1076.561     33.500     -0.330
    34     37     35     36    856.070     34.500     -0.330
    35     38     36     37    814.582     35.500     -0.330
    36     39     37     38    739.268     36.500     -0.330
    37     40     38     39    630.678     37.500     -0.330
    38     41     39     40    855.452     38.500     -0.330
    39     42     40     41    749.818     39.500     -0.330
    40     43     41     42    762.792     40.500     -0.330
    41     44     42     43   1055.469     41.500     -0.330
    42     45     43     44   1217.510     42.500     -0.330
    43     46     44     45   1377.468     43.500     -0.330
    44     47     45     46   2202.411     44.500     -0.330
    45     48     46     47   2549.049     45.500     -0.330
     1      7      3      5    879.636      3.000     -0.660
     2      8      4      6   1153.336      4.000     -0.660
     3      9      5      7   1355.051      5.000     -0.660
     4     10      6      8   1381.231      6.000     -0.660
     5     11      7      9   1673.665      7.000     -0.660
     6     12      8     10   2350.688      8.000     -0.660
     7     13      9     11   2571.087      9.000     -0.660
     8     14     10     12   2557.136     10.000     -0.660
     9     15     11     13   2846.596     11.000     -0.660
    10     16     12     14   3156.991     12.000     -0.660
    11     17     13     15   3103.792     13.000     -0.660
    12     18     14     16   3125.531     14.000     -0.660
    13     19     15     17   3303.175     15.000     -0.660
    14     20     16     18   3116.354     16.000     -0.660
    15     21     17     19   2973.285     17.000     -0.660
    16     22     18     20   2803.095     18.000     -0.660
    17     23     19     21   2624.061     19.000     -0.660
    18     24     20     22   2279.383     20.000     -0.660
    19     25     21     23   2026.199     21.000     -0.660
    20     26     22     24   1977.738     22.000     -0.660
    21     27     23     25   1972.053     23.000     -0.660
    22     28     24     26   1875.063     24.000     -0.660
    23     29     25     27   2025.376     25.000     -0.660
    24     30     26     28   2294.211     26.000     -0.660
    25     31     27     29   2073.495     27.000     -0.660
    26     32     28     30   1908.665     28.000     -0.660
    27     33     29     31   1884.948     29.000     -0.660
    28     34     30     32   1790.107     30.000     -0.660
    29     35     31     33   1604.470     31.000     -0.660
    30     36     32     34   1413.489     32.000     -0.660
    31     37     33     35   1170.723     33.000     -0.660
    32     38     34     36   1026.966     34.000     -0.660
    33     39     35     37    944.967     35.000     -0.660
    34     40     36     38    786.083     36.000     -0.660
    35     41     37     39    687.671     37.000     -0.660
    36     42     38     40    862.323     38.000     -0.660
    37     43     39     41    941.165     39.000     -0.660
    38     44     40     42    814.424     40.000     -0.660
    39     45     41     43    964.670     41.000     -0.660
    40     46     42     44   1267.198     42.000     -0.660
    41     47     43     45   1456.025     43.000     -0.660
    42     48     44     46   1908.458     44.000     -0.660
     1     10      4      7   1180.993      4.500     -0.990
     2     11      5      8   1182.297      5.500     -0.990
     3     12      6      9   1379.421      6.500     -0.990
     4     13      7     10   1772.998      7.500     -0.990
     5     14      8     11   2152.594      8.500     -0.990
     6     15      9     12   2473.031      9.500     -0.990
     7     16     10     13   2511.110     10.500     -0.990
     8     17     11     14   2329.505     11.500     -0.990
     9     18     12     15   2373.009     12.500     -0.990
    10     19     13     16   2549.072     13.500     -0.990
    11     20     14     17   2612.512     14.500     -0.990
    12     21     15     18   2651.700     15.500     -0.990
    13     22     16     19   2669.169     16.500     -0.990
    14     23     17     20   2629.795     17.500     -0.990
    15     24     18     21   2557.698     18.500     -0.990
    16     25     19     22   2385.396     19.500     -0.990
    17     26     20     23   2153.621     20.500     -0.990
    18     27     21     24   1968.382     21.500     -0.990
    19     28     22     25   1811.399     22.500     -0.990
    20     29     23     26   1884.975     23.500     -0.990
    21     30     24     27   1972.775     24.500     -0.990
    22     31     25     28   1971.734     25.500     -0.990
    23     32     26     29   1907.612     26.500     -0.990
    24     33     27     30   1680.930     27.500     -0.990
    25     34     28     31   1555.931     28.500     -0.990
    26     35     29     32   1405.131     29.500     -0.990
    27     36     30     33   1427.319     30.500     -0.990
    28     37     31     34   1307.890     31.500     -0.990
    29     38     32     35   1215.511     32.500     -0.990
    30     39     33     36   1046.176     33.500     -0.990
    31     40     34     37    954.126     34.500     -0.990
    32     41     35     38    820.169     35.500     -0.990
    33     42     36     39    790.644     36.500     -0.990
    34     43     37     40    823.786     37.500     -0.990
    35     44     38     41    862.312     38.500     -0.990
    36     45     39     42    920.739     39.500     -0.990
    37     46     40     43    980.194     40.500     -0.990
    38     47     41     44   1130.234     41.500     -0.990
    39     48     42     45   1290.468     42.500     -0.990
     1     13      5      9   1074.487      6.000     -1.320
     2     14      6     10   1433.964      7.000     -1.320
     3     15      7     11   1695.556      8.000     -1.320
     4     16      8     12   1899.644      9.000     -1.320
     5     17      9     13   1956.340     10.000     -1.320
     6     18     10     14   1961.889     11.000     -1.320
     7     19     11     15   1878.569     12.000     -1.320
     8     20     12     16   1756.453     13.000     -1.320
     9     21     13     17   1843.854     14.000     -1.320
    10     22     14     18   2002.299     15.000     -1.320
    11     23     15     19   2277.257     16.000     -1.320
    12     24     16     20   2360.868     17.000     -1.320
    13     25     17     21   2231.071     18.000     -1.320
    14     26     18     22   2190.429     19.000     -1.320
    15     27     19     23   1883.829     20.000     -1.320
    16     28     20     24   1734.094     21.000     -1.320
    17     29     21     25   1642.926     22.000     -1.320
    18     30     22     26   1512.334     23.000     -1.320
    19     31     23     27   1674.683     24.000     -1.320
    20     32     24     28   1715.128     25.000     -1.320
    21     33     25     29   1619.345     26.000     -1.320
    22     34     26     30   1618.736     27.000     -1.320
    23     35     27     31   1403.458     28.000     -1.320
    24     36     28     32   1294.736     29.000     -1.320
    25     37     29     33   1200.760     30.000     -1.320
    26     38     30     34   1116.240     31.000     -1.320
    27     39     31     35   1092.534     32.000     -1.320
    28     40     32     36   1001.559     33.000     -1.320
    29     41     33     37    863.160     34.000     -1.320
    30     42     34     38    829.272     35.000     -1.320
    31     43     35     39    775.126     36.000     -1.320
    32     44     36     40    810.862     37.000     -1.320
    33     45     37     41    840.616     38.000     -1.320
    34     46     38     42    845.632     39.000     -1.320
    35     47     39     43    985.510     40.000     -1.320
    36     48     40     44   1025.088     41.000     -1.320
     1     16      6     11   1290.064      7.500     -1.650
     2     17      7     12   1331.888      8.500     -1.650
     3     18      8     13   1428.864      9.500     -1.650
     4     19      9     14   1448.342     10.500     -1.650
     5     20     10     15   1437.725     11.500     -1.650
     6     21     11     16   1456.447     12.500     -1.650
     7     22     12     17   1451.769     13.500     -1.650
     8     23     13     18   1476.223     14.500     -1.650
     9     24     14     19   1621.279     15.500     -1.650
    10     25     15     20   1858.377     16.500     -1.650
    11     26     16     21   1935.768     17.500     -1.650
    12     27     17     22   1740.904     18.500     -1.650
    13     28     18     23   1552.345     19.500     -1.650
    14     29     19     24   1431.700     20.500     -1.650
    15     30     20     25   1313.692     21.500     -1.650
    16     31     21     26   1244.592     22.500     -1.650
    17     32     22     27   1263.825     23.500     -1.650
    18     33     23     28   1293.942     24.500     -1.650
    19     34     24     29   1339.339     25.500     -1.650
    20     35     25     30   1373.385     26.500     -1.650
    21     36     26     31   1406.873     27.500     -1.650
    22     37     27     32   1249.084     28.500     -1.650
    23     38     28     33   1106.101     29.500     -1.650
    24     39     29     34   1041.908     30.500     -1.650
    25     40     30     35    934.316     31.500     -1.650
    26     41     31     36    843.558     32.500     -1.650
    27     42     32     37    841.555     33.500     -1.650
    28     43     33     38    748.112     34.500     -1.650
    29     44     34     39    708.249     35.500     -1.650
    30     45     35     40    751.184     36.500     -1.650
    31     46     36     41    779.761     37.500     -1.650
    32     47     37     42    777.375     38.500     -1.650
    33     48     38     43    855.224     39.500     -1.650
     1     19      7     13    976.172      9.000     -1.980
     2     20      8     14   1031.562     10.000     -1.980
     3     21      9     15   1102.793     11.000     -1.980
     4     22     10     16   1124.292     12.000     -1.980
     5     23     11     17   1230.809     13.000     -1.980
     6     24     12     18   1249.033     14.000     -1.980
     7     25     13     19   1311.771     15.000     -1.980
     8     26     14     20   1341.723     16.000     -1.980
     9     27     15     21   1299.367     17.000     -1.980
    10     28     16     22   1317.677     18.000     -1.980
    11     29     17     23   1198.304     19.000     -1.980
    12     30     18     24   1149.550     20.000     -1.980
    13     31     19     25   1029.162     21.000     -1.980
    14     32     20     26    951.033     22.000     -1.980
    15     33     21     27    929.509     23.000     -1.980
    16     34     22     28    943.927     24.000     -1.980
    17     35     23     29   1037.346     25.000     -1.980
    18     36     24     30   1078.356     26.000     -1.980
    19     37     25     31   1152.420     27.000     -1.980
    20     38     26     32   1209.562     28.000     -1.980
    21     39     27     33   1117.757     29.000     -1.980
    22     40     28     34    973.767     30.000     -1.980
    23     41     29     35    856.277     31.000     -1.980
    24     42     30     36    817.050     32.000     -1.980
    25     43     31     37    734.879     33.000     -1.980
    26     44     32     38    674.469     34.000     -1.980
    27     45     33     39    638.014     35.000     -1.980
    28     46     34     40    668.368     36.000     -1.980
    29     47     35     41    669.151     37.000     -1.980
    30     48     36     42    660.741     38.000     -1.980
     1     22      8     15    808.124     10.500     -2.310
     2     23      9     16    932.036     11.500     -2.310
     3     24     10     17   1007.534     12.500     -2.310
     4     25     11     18   1024.692     13.500     -2.310
     5     26     12     19   1073.756     14.500     -2.310
     6     27     13     20   1022.545     15.500     -2.310
     7     28     14     21    951.260     16.500     -2.310
     8     29     15     22    867.459     17.500     -2.310
     9     30     16     23    811.808     18.500     -2.310
    10     31     17     24    816.418     19.500     -2.310
    11     32     18     25    796.115     20.500     -2.310
    12     33     19     26    721.065     21.500     -2.310
    13     34     20     27    708.484     22.500     -2.310
    14     35     21     28    709.717     23.500     -2.310
    15     36     22     29    729.004     24.500     -2.310
    16     37     23     30    822.899     25.500     -2.310
    17     38     24     31    914.950     26.500     -2.310
    18     39     25     32    956.238     27.500     -2.310
    19     40     26     33   1005.655     28.500     -2.310
    20     41     27     34    937.751     29.500     -2.310
    21     42     28     35    863.082     30.500     -2.310
    22     43     29     36    779.402     31.500     -2.310
    23     44     30     37    690.990     32.500     -2.310
    24     45     31     38    636.688     33.500     -2.310
    25     46     32     39    582.860     34.500     -2.310
    26     47     33     40    568.849     35.500     -2.310
    27     48     34     41    566.662     36.500     -2.310
     1     25      9     17    813.923     12.000     -2.640
     2     26     10     18    846.052     13.000     -2.640
     3     27     11     19    812.223     14.000     -2.640
     4     28     12     20    756.701     15.000     -2.640
     5     29     13     21    700.199     16.000     -2.640
     6     30     14     22    655.669     17.000     -2.640
     7     31     15     23    594.609     18.000     -2.640
     8     32     16     24    542.507     19.000     -2.640
     9     33     17     25    500.908     20.000     -2.640
    10     34     18     26    542.265     21.000     -2.640
    11     35     19     27    545.959     22.000     -2.640
    12     36     20     28    551.960     23.000     -2.640
    13     37     21     29    555.301     24.000     -2.640
    14     38     22     30    592.768     25.000     -2.640
    15     39     23     31    681.905     26.000     -2.640
    16     40     24     32    725.733     27.000     -2.640
    17     41     25     33    794.345     28.000     -2.640
    18     42     26     34    832.384     29.000     -2.640
    19     43     27     35    794.118     30.000     -2.640
    20     44     28     36    741.290     31.000     -2.640
    21     45     29     37    685.163     32.000     -2.640
    22     46     30     38    618.386     33.000     -2.640
    23     47     31     39    538.368     34.000     -2.640
    24     48     32     40    513.172     35.000     -2.640
     1     28     10     19    610.217     13.500     -2.970
     2     29     11     20    573.600     14.500     -2.970
     3     30     12     21    522.123     15.500     -2.970
     4     31     13     22    470.535     16.500     -2.970
     5     32     14     23    427.438     17.500     -2.970
     6     33     15     24    407.297     18.500     -2.970
     7     34     16     25    395.291     19.500     -2.970
     8     35     17     26    359.652     20.500     -2.970
     9     36     18     27    384.229     21.500     -2.970
    10     37     19     28    419.287     22.500     -2.970
    11     38     20     29    439.029     23.500     -2.970
    12     39     21     30    467.288     24.500     -2.970
    13     40     22     31    490.059     25.500     -2.970
    14     41     23     32    545.686     26.500     -2.970
    15     42     24     33    606.295     27.500     -2.970
    16     43     25     34    642.809     28.500     -2.970
    17     44     26     35    689.531     29.500     -2.970
    18     45     27     36    660.609     30.500     -2.970
    19     46     28     37    622.847     31.500     -2.970
    20     47     29     38    573.714     32.500     -2.970
    21     48     30     39    516.824     33.500     -2.970
     1     31     11     21    392.625     15.000     -3.300
     2     32     12     22    350.974     16.000     -3.300
     3     33     13     23    309.115     17.000     -3.300
     4     34     14     24    308.376     18.000     -3.300
     5     35     15     25    301.950     19.000     -3.300
     6     36     16     26    306.457     20.000     -3.300
     7     37     17     27    307.834     21.000     -3.300
     8     38     18     28    310.384     22.000     -3.300
     9     39     19     29    326.246     23.000     -3.300
    10     40     20     30    358.816     24.000     -3.300
    11     41     21     31    381.578     25.000     -3.300
    12     42     22     32    423.051     26.000     -3.300
    13     43     23     33    462.677     27.000     -3.300
    14     44     24     34    489.415     28.000     -3.300
    15     45     25     35    527.315     29.000     -3.300
    16     46     26     36    553.315     30.000     -3.300
    17     47     27     37    535.499     31.000     -3.300
    18     48     28     38    492.477     32.000     -3.300
     1     34     12     23    246.964     16.500     -3.630
     2     35     13     24    239.610     17.500     -3.630
     3     36     14     25    236.702     18.500     -3.630
     4     37     15     26    249.219     19.500     -3.630
     5     38     16     27    260.266     20.500     -3.630
     6     39     17     28    266.986     21.500     -3.630
     7     40     18     29    270.920     22.500     -3.630
     8     41     19     30    271.501     23.500     -3.630
     9     42     20     31    302.382     24.500     -3.630
    10     43     21     32    317.125     25.500     -3.630
    11     44     22     33    351.717     26.500     -3.630
    12     45     23     34    392.076     27.500     -3.630
    13     46     24     35    406.549     28.500     -3.630
    14     47     25     36    421.290     29.500     -3.630
    15     48     26     37    420.407     30.500     -3.630
     1     37     13     25    200.573     18.000     -3.960
     2     38     14     26    205.232     19.000     -3.960
     3     39     15     27    216.547     20.000     -3.960
     4     40     16     28    229.966     21.000     -3.960
     5     41     17     29    233.248     22.000     -3.960
     6     42     18     30    250.980     23.000     -3.960
     7     43     19     31    254.704     24.000     -3.960
     8     44     20     32    258.524     25.000     -3.960
     9     45     21     33    277.318     26.000     -3.960
    10     46     22     34    293.476     27.000     -3.960
    11     47     23     35    319.169     28.000     -3.960
    12     48     24     36    329.178     29.000     -3.960
     1     40     14     27    189.800     19.500     -4.290
     2     41     15     28    197.511     20.500     -4.290
     3     42     16     29    208.103     21.500     -4.290
     4     43     17     30    217.386     22.500     -4.290
     5     44     18     31    227.942     23.500     -4.290
     6     45     19     32    232.201     24.500     -4.290
     7     46     20     33    226.155     25.500     -4.290
     8     47     21     34    219.344     26.500     -4.290
     9     48     22     35    231.835     27.500     -4.290
     1     43     15     29    188.248     21.000     -4.620
     2     44     16     30    197.718     22.000     -4.620
     3     45     17     31    205.383     23.000     -4.620
     4     46     18     32    206.026     24.000     -4.620
     5     47     19     33    192.000     25.000     -4.620
     6     48     20     34    186.600     26.000     -4.620
     1     46     16     31    183.939     22.500     -4.950
     2     47     17     32    175.010     23.500     -4.950
     3     48     18     33    163.180     24.500     -4.950
     1      2      4      3    683.960      1.500     -0.585
     2      3      5      4    765.578      2.500     -0.585
     3      4      6      5    730.257      3.500     -0.585
     4      5      7      6   1127.896      4.500     -0.585
     5      6      8      7   1019.022      5.500     -0.585
     6      7      9      8   1183.547      6.500     -0.585
     7      8     10      9   1507.082      7.500     -0.585
     8      9     11     10   2410.198      8.500     -0.585
     9     10     12     11   4190.050      9.500     -0.585
    10     11     13     12   3026.579     10.500     -0.585
    11     12     14     13   3392.851     11.500     -0.585
    12     13     15     14   2984.090     12.500     -0.585
    13     14     16     15   3241.487     13.500     -0.585
    14     15     17     16   4177.277     14.500     -0.585
    15     16     18     17   3461.429     15.500     -0.585
    16     17     19     18   3372.501     16.500     -0.585
    17     18     20     19   2917.082     17.500     -0.585
    18     19     21     20   2747.769     18.500     -0.585
    19     20     22     21   2533.986     19.500     -0.585
    20     21     23     22   1301.993     20.500     -0.585
    21     22     24     23   1312.068     21.500     -0.585
    22     23     25     24   1155.104     22.500     -0.585
    23     24     26     25   1307.465     23.500     -0.585
    24     25     27     26   1897.415     24.500     -0.585
    25     26     28     27   1843.382     25.500     -0.585
    26     27     29     28   2528.711     26.500     -0.585
    27     28     30     29   2712.184     27.500     -0.585
    28     29     31     30   2297.021     28.500     -0.585
    29     30     32     31   2133.952     29.500     -0.585
    30     31     33     32   2414.499     30.500     -0.585
    31     32     34     33   1450.973     31.500     -0.585
    32     33     35     34   1307.628     32.500     -0.585
    33     34     36     35    998.243     33.500     -0.585
    34     35     37     36    839.689     34.500     -0.585
    35     36     38     37    641.947     35.500     -0.585
    36     37     39     38    704.705     36.500     -0.585
    37     38     40     39    855.543     37.500     -0.585
    38     39     41     40    523.118     38.500     -0.585
    39     40     42     41    704.547     39.500     -0.585
    40     41     43     42    880.506     40.500     -0.585
    41     42     44     43    830.990     41.500     -0.585
    42     43     45     44   1105.520     42.500     -0.585
    43     44     46     45   1492.136     43.500     -0.585
    44     45     47     46   1536.630     44.500     -0.585
    45     46     48     47   2840.077     45.500     -0.585
     1      2      5      4    637.523      2.000     -0.780
     2      3      6      5    822.856      3.000     -0.780
     3      4      7      6    995.503      4.000     -0.780
     4      5      8      7   1112.634      5.000     -0.780
     5      6      9      8   1571.411      6.000     -0.780
     6      7     10      9   1874.693      7.000     -0.780
     7      8     11     10   1899.667      8.000     -0.780
     8      9     12     11   2788.855      9.000     -0.780
     9     10     13     12   3808.183     10.000     -0.780
    10     11     14     13   3254.797     11.000     -0.780
    11     12     15     14   3030.620     12.000     -0.780
    12     13     16     15   3612.657     13.000     -0.780
    13     14     17     16   4024.663     14.000     -0.780
    14     15     18     17   3884.846     15.000     -0.780
    15     16     19     18   3803.533     16.000     -0.780
    16     17     20     19   3657.156     17.000     -0.780
    17     18     21     20   2737.986     18.000     -0.780
    18     19     22     21   2782.130     19.000     -0.780
    19     20     23     22   1824.938     20.000     -0.780
    20     21     24     23   1713.722     21.000     -0.780
    21     22     25     24   1640.390     22.000     -0.780
    22     23     26     25   1313.227     23.000     -0.780
    23     24     27     26   2227.266     24.000     -0.780
    24     25     28     27   2030.695     25.000     -0.780
    25     26     29     28   2056.379     26.000     -0.780
    26     27     30     29   2649.521     27.000     -0.780
    27     28     31     30   2804.540     28.000     -0.780
    28     29     32     31   2452.427     29.000     -0.780
    29     30     33     32   2328.091     30.000     -0.780
    30     31     34     33   1826.301     31.000     -0.780
    31     32     35     34   1371.947     32.000     -0.780
    32     33     36     35   1098.741     33.000     -0.780
    33     34     37     36    882.374     34.000     -0.780
    34     35     38     37    752.808     35.000     -0.780
    35     36     39     38    700.132     36.000     -0.780
    36     37     40     39    963.969     37.000     -0.780
    37     38     41     40    685.689     38.000     -0.780
    38     39     42     41    508.343     39.000     -0.780
    39     40     43     42   1050.716     40.000     -0.780
    40     41     44     43    974.036     41.000     -0.780
    41     42     45     44    869.058     42.000     -0.780
    42     43     46     45   1420.949     43.000     -0.780
    43     44     47     46   1591.902     44.000     -0.780
    44     45     48     47   2106.789     45.000     -0.780
     1      2      6      5    743.752      2.500     -0.975
     2      3      7      6   1063.412      3.500     -0.975
     3      4      8      7    943.906      4.500     -0.975
     4      5      9      8   1608.033      5.500     -0.975
     5      6     10      9   2153.489      6.500     -0.975
     6      7     11     10   2282.485      7.500     -0.975
     7      8     12     11   2051.467      8.500     -0.975
     8      9     13     12   2655.389      9.500     -0.975
     9     10     14     13   3659.519     10.500     -0.975
    10     11     15     14   3227.459     11.500     -0.975
    11     12     16     15   3696.892     12.500     -0.975
    12     13     17     16   4211.311     13.500     -0.975
    13     14     18     17   3781.446     14.500     -0.975
    14     15     19     18   3994.928     15.500     -0.975
    15     16     20     19   3794.708     16.500     -0.975
    16     17     21     20   3281.424     17.500     -0.975
    17     18     22     21   2674.421     18.500     -0.975
    18     19     23     22   2111.447     19.500     -0.975
    19     20     24     23   2342.575     20.500     -0.975
    20     21     25     24   2024.573     21.500     -0.975
    21     22     26     25   1818.095     22.500     -0.975
    22     23     27     26   2050.747     23.500     -0.975
    23     24     28     27   2369.275     24.500     -0.975
    24     25     29     28   2089.325     25.500     -0.975
    25     26     30     29   2069.339     26.500     -0.975
    26     27     31     30   2710.718     27.500     -0.975
    27     28     32     31   2538.000     28.500     -0.975
    28     29     33     32   2406.616     29.500     -0.975
    29     30     34     33   1740.880     30.500     -0.975
    30     31     35     34   1695.191     31.500     -0.975
    31     32     36     35   1124.658     32.500     -0.975
    32     33     37     36   1057.701     33.500     -0.975
    33     34     38     37    772.088     34.500     -0.975
    34     35     39     38    765.912     35.500     -0.975
    35     36     40     39    987.102     36.500     -0.975
    36     37     41     40    753.013     37.500     -0.975
    37     38     42     41    572.230     38.500     -0.975
    38     39     43     42    697.528     39.500     -0.975
    39     40     44     43   1062.982     40.500     -0.975
    40     41     45     44    917.075     41.500     -0.975
    41     42     46     45   1034.225     42.500     -0.975
    42     43     47     46   1465.046     43.500     -0.975
    43     44     48     47   2012.405     44.500     -0.975
     1      2      7      6    946.626      3.000     -1.170
     2      3      8      7    975.278      4.000     -1.170
     3      4      9      8   1281.155      5.000     -1.170
     4      5     10      9   2104.724      6.000     -1.170
     5      6     11     10   2397.514      7.000     -1.170
     6      7     12     11   2306.770      8.000     -1.170
     7      8     13     12   1924.712      9.000     -1.170
     8      9     14     13   2518.642     10.000     -1.170
     9     10     15     14   3572.644     11.000     -1.170
    10     11     16     15   3816.006     12.000     -1.170
    11     12     17     16   4303.716     13.000     -1.170
    12     13     18     17   3781.659     14.000     -1.170
    13     14     19     18   3831.240     15.000     -1.170
    14     15     20     19   3668.403     16.000     -1.170
    15     16     21     20   3181.658     17.000     -1.170
    16     17     22     21   3081.339     18.000     -1.170
    17     18     23     22   1977.354     19.000     -1.170
    18     19     24     23   2577.674     20.000     -1.170
    19     20     25     24   2512.740     21.000     -1.170
    20     21     26     25   2096.988     22.000     -1.170
    21     22     27     26   2666.646     23.000     -1.170
    22     23     28     27   2014.157     24.000     -1.170
    23     24     29     28   2307.511     25.000     -1.170
    24     25     30     29   2051.106     26.000     -1.170
    25     26     31     30   2126.563     27.000     -1.170
    26     27     32     31   2418.516     28.000     -1.170
    27     28     33     32   2439.812     29.000     -1.170
    28     29     34     33   1673.397     30.000     -1.170
    29     30     35     34   1525.891     31.000     -1.170
    30     31     36     35   1329.022     32.000     -1.170
    31     32     37     36   1077.392     33.000     -1.170
    32     33     38     37    912.371     34.000     -1.170
    33     34     39     38    732.605     35.000     -1.170
    34     35     40     39   1004.090     36.000     -1.170
    35     36     41     40    752.084     37.000     -1.170
    36     37     42     41    630.979     38.000     -1.170
    37     38     43     42    754.022     39.000     -1.170
    38     39     44     43    695.714     40.000     -1.170
    39     40     45     44    964.115     41.000     -1.170
    40     41     46     45   1089.200     42.000     -1.170
    41     42     47     46   1051.121     43.000     -1.170
    42     43     48     47   1822.085     44.000     -1.170
     1      2      8      7    869.967      3.500     -1.365
     2      3      9      8   1307.352      4.500     -1.365
     3      4     10      9   1714.943      5.500     -1.365
     4      5     11     10   2226.019      6.500     -1.365
     5      6     12     11   2385.137      7.500     -1.365
     6      7     13     12   2149.715      8.500     -1.365
     7      8     14     13   1684.111      9.500     -1.365
     8      9     15     14   2367.340     10.500     -1.365
     9     10     16     15   3924.793     11.500     -1.365
    10     11     17     16   4135.420     12.500     -1.365
    11     12     18     17   3514.947     13.500     -1.365
    12     13     19     18   3527.706     14.500     -1.365
    13     14     20     19   3428.027     15.500     -1.365
    14     15     21     20   2994.574     16.500     -1.365
    15     16     22     21   2987.172     17.500     -1.365
    16     17     23     22   2256.289     18.500     -1.365
    17     18     24     23   2339.484     19.500     -1.365
    18     19     25     24   2617.778     20.500     -1.365
    19     20     26     25   2463.459     21.500     -1.365
    20     21     27     26   2921.147     22.500     -1.365
    21     22     28     27   2514.742     23.500     -1.365
    22     23     29     28   1841.838     24.500     -1.365
    23     24     30     29   2166.059     25.500     -1.365
    24     25     31     30   2019.366     26.500     -1.365
    25     26     32     31   1851.449     27.500     -1.365
    26     27     33     32   2330.918     28.500     -1.365
    27     28     34     33   1653.585     29.500     -1.365
    28     29     35     34   1466.256     30.500     -1.365
    29     30     36     35   1258.986     31.500     -1.365
    30     31     37     36   1256.148     32.500     -1.365
    31     32     38     37    886.690     33.500     -1.365
    32     33     39     38    866.338     34.500     -1.365
    33     34     40     39    980.639     35.500     -1.365
    34     35     41     40    771.623     36.500     -1.365
    35     36     42     41    626.275     37.500     -1.365
    36     37     43     42    821.677     38.500     -1.365
    37     38     44     43    722.918     39.500     -1.365
    38     39     45     44    661.814     40.500     -1.365
    39     40     46     45   1187.993     41.500     -1.365
    40     41     47     46   1108.641     42.500     -1.365
    41     42     48     47   1290.570     43.500     -1.365
     1      3      9      7   1056.887      4.000     -1.560
     2      4     10      8   1453.697      5.000     -1.560
     3      5     11      9   2001.079      6.000     -1.560
     4      6     12     10   2309.141      7.000     -1.560
     5      7     13     11   2240.150      8.000     -1.560
     6      8     14     12   1910.714      9.000     -1.560
     7      9     15     13   2171.644     10.000     -1.560
     8     10     16     14   3242.835     11.000     -1.560
     9     11     17     15   3967.200     12.000     -1.560
    10     12     18     16   3959.973     13.000     -1.560
    11     13     19     17   3626.520     14.000     -1.560
    12     14     20     18   3569.997     15.000     -1.560
    13     15     21     19   3308.470     16.000     -1.560
    14     16     22     20   3009.723     17.000     -1.560
    15     17     23     21   2723.980     18.000     -1.560
    16     18     24     22   2210.219     19.000     -1.560
    17     19     25     23   2493.218     20.000     -1.560
    18     20     26     24   2532.496     21.000     -1.560
    19     21     27     25   2541.902     22.000     -1.560
    20     22     28     26   2687.428     23.000     -1.560
    21     23     29     27   2119.304     24.000     -1.560
    22     24     30     28   2078.304     25.000     -1.560
    23     25     31     29   2074.883     26.000     -1.560
    24     26     32     30   1980.131     27.000     -1.560
    25     27     33     31   2164.897     28.000     -1.560
    26     28     34     32   2116.068     29.000     -1.560
    27     29     35     33   1592.204     30.000     -1.560
    28     30     36     34   1393.907     31.000     -1.560
    29     31     37     35   1270.287     32.000     -1.560
    30     32     38     36   1063.172     33.000     -1.560
    31     33     39     37    887.800     34.000     -1.560
    32     34     40     38    880.548     35.000     -1.560
    33     35     41     39    908.052     36.000     -1.560
    34     36     42     40    710.474     37.000     -1.560
    35     37     43     41    695.997     38.000     -1.560
    36     38     44     42    766.604     39.000     -1.560
    37     39     45     43    688.772     40.000     -1.560
    38     40     46     44    922.777     41.000     -1.560
    39     41     47     45   1130.564     42.000     -1.560
    40     42     48     46   1159.178     43.000     -1.560
     1      3     11      9   1655.998      5.000     -1.950
     2      4     12     10   1729.924      6.000     -1.950
     3      5     13     11   1799.941      7.000     -1.950
     4      6     14     12   1764.397      8.000     -1.950
     5      7     15     13   1722.715      9.000     -1.950
     6      8     16     14   1669.740     10.000     -1.950
     7      9     17     15   2205.040     11.000     -1.950
     8     10     18     16   3249.971     12.000     -1.950
     9     11     19     17   3305.306     13.000     -1.950
    10     12     20     18   3081.268     14.000     -1.950
    11     13     21     19   2648.916     15.000     -1.950
    12     14     22     20   2402.292     16.000     -1.950
    13     15     23     21   2192.293     17.000     -1.950
    14     16     24     22   2049.655     18.000     -1.950
    15     17     25     23   2438.574     19.000     -1.950
    16     18     26     24   2341.312     20.000     -1.950
    17     19     27     25   2724.603     21.000     -1.950
    18     20     28     26   3183.361     22.000     -1.950
    19     21     29     27   2604.391     23.000     -1.950
    20     22     30     28   2138.105     24.000     -1.950
    21     23     31     29   1732.371     25.000     -1.950
    22     24     32     30   1724.225     26.000     -1.950
    23     25     33     31   1641.324     27.000     -1.950
    24     26     34     32   1427.682     28.000     -1.950
    25     27     35     33   1328.053     29.000     -1.950
    26     28     36     34   1251.329     30.000     -1.950
    27     29     37     35   1055.502     31.000     -1.950
    28     30     38     36    992.821     32.000     -1.950
    29     31     39     37    944.512     33.000     -1.950
    30     32     40     38    967.235     34.000     -1.950
    31     33     41     39    983.241     35.000     -1.950
    32     34     42     40    715.800     36.000     -1.950
    33     35     43     41    676.764     37.000     -1.950
    34     36     44     42    768.451     38.000     -1.950
    35     37     45     43    739.771     39.000     -1.950
    36     38     46     44    737.049     40.000     -1.950
    37     39     47     45    777.495     41.000     -1.950
    38     40     48     46   1097.141     42.000     -1.950
     1      3     13     11   1358.156      6.000     -2.340
     2      4     14     12   1266.208      7.000     -2.340
     3      5     15     13   1248.703      8.000     -2.340
     4      6     16     14   1428.459      9.000     -2.340
     5      7     17     15   1680.660     10.000     -2.340
     6      8     18     16   1497.211     11.000     -2.340
     7      9     19     17   1638.794     12.000     -2.340
     8     10     20     18   2283.903     13.000     -2.340
     9     11     21     19   2286.572     14.000     -2.340
    10     12     22     20   1888.733     15.000     -2.340
    11     13     23     21   1685.784     16.000     -2.340
    12     14     24     22   1518.377     17.000     -2.340
    13     15     25     23   1822.496     18.000     -2.340
    14     16     26     24   1990.762     19.000     -2.340
    15     17     27     25   2493.827     20.000     -2.340
    16     18     28     26   2786.572     21.000     -2.340
    17     19     29     27   2543.398     22.000     -2.340
    18     20     30     28   2293.444     23.000     -2.340
    19     21     31     29   1925.173     24.000     -2.340
    20     22     32     30   1609.823     25.000     -2.340
    21     23     33     31   1219.378     26.000     -2.340
    22     24     34     32   1112.294     27.000     -2.340
    23     25     35     33    901.991     28.000     -2.340
    24     26     36     34    813.861     29.000     -2.340
    25     27     37     35    817.727     30.000     -2.340
    26     28     38     36    832.867     31.000     -2.340
    27     29     39     37    711.773     32.000     -2.340
    28     30     40     38    830.775     33.000     -2.340
    29     31     41     39    948.208     34.000     -2.340
    30     32     42     40    731.604     35.000     -2.340
    31     33     43     41    730.144     36.000     -2.340
    32     34     44     42    781.935     37.000     -2.340
    33     35     45     43    688.611     38.000     -2.340
    34     36     46     44    675.538     39.000     -2.340
    35     37     47     45    805.612     40.000     -2.340
    36     38     48     46    844.437     41.000     -2.340
     1      3     15     13    977.851      7.000     -2.730
     2      4     16     14   1050.098      8.000     -2.730
     3      5     17     15   1203.298      9.000     -2.730
     4      6     18     16   1189.925     10.000     -2.730
     5      7     19     17   1178.395     11.000     -2.730
     6      8     20     18   1015.484     12.000     -2.730
     7      9     21     19   1056.256     13.000     -2.730
     8     10     22     20   1336.057     14.000     -2.730
     9     11     23     21   1093.193     15.000     -2.730
    10     12     24     22   1174.578     16.000     -2.730
    11     13     25     23   1300.878     17.000     -2.730
    12     14     26     24   1362.550     18.000     -2.730
    13     15     27     25   1786.944     19.000     -2.730
    14     16     28     26   2251.780     20.000     -2.730
    15     17     29     27   2212.499     21.000     -2.730
    16     18     30     28   1908.290     22.000     -2.730
    17     19     31     29   1773.113     23.000     -2.730
    18     20     32     30   1610.314     24.000     -2.730
    19     21     33     31   1263.576     25.000     -2.730
    20     22     34     32    964.363     26.000     -2.730
    21     23     35     33    635.393     27.000     -2.730
    22     24     36     34    594.146     28.000     -2.730
    23     25     37     35    538.388     29.000     -2.730
    24     26     38     36    480.205     30.000     -2.730
    25     27     39     37    551.736     31.000     -2.730
    26     28     40     38    653.847     32.000     -2.730
    27     29     41     39    682.601     33.000     -2.730
    28     30     42     40    605.425     34.000     -2.730
    29     31     43     41    735.448     35.000     -2.730
    30     32     44     42    796.466     36.000     -2.730
    31     33     45     43    752.451     37.000     -2.730
    32     34     46     44    755.789     38.000     -2.730
    33     35     47     45    596.532     39.000     -2.730
    34     36     48     46    716.654     40.000     -2.730
     1      4     16     13    987.699      7.500     -2.925
     2      5     17     14   1109.463      8.500     -2.925
     3      6     18     15   1241.707      9.500     -2.925
     4      7     19     16   1252.922     10.500     -2.925
     5      8     20     17   1083.057     11.500     -2.925
     6      9     21     18   1174.599     12.500     -2.925
     7     10     22     19   1355.885     13.500     -2.925
     8     11     23     20   1329.991     14.500     -2.925
     9     12     24     21   1278.876     15.500     -2.925
    10     13     25     22   1222.910     16.500     -2.925
    11     14     26     23   1393.501     17.500     -2.925
    12     15     27     24   1639.787     18.500     -2.925
    13     16     28     25   1965.202     19.500     -2.925
    14     17     29     26   2333.809     20.500     -2.925
    15     18     30     27   2093.811     21.500     -2.925
    16     19     31     28   1938.867     22.500     -2.925
    17     20     32     29   1719.422     23.500     -2.925
    18     21     33     30   1477.426     24.500     -2.925
    19     22     34     31   1136.884     25.500     -2.925
    20     23     35     32    837.750     26.500     -2.925
    21     24     36     33    674.053     27.500     -2.925
    22     25     37     34    596.945     28.500     -2.925
    23     26     38     35    543.743     29.500     -2.925
    24     27     39     36    571.240     30.500     -2.925
    25     28     40     37    620.669     31.500     -2.925
    26     29     41     38    637.462     32.500     -2.925
    27     30     42     39    678.647     33.500     -2.925
    28     31     43     40    690.431     34.500     -2.925
    29     32     44     41    718.903     35.500     -2.925
    30     33     45     42    775.050     36.500     -2.925
    31     34     46     43    740.225     37.500     -2.925
    32     35     47     44    681.003     38.500     -2.925
    33     36     48     45    676.738     39.500     -2.925
     1      4     19     16    698.064      9.000     -3.510
     2      5     20     17    657.646     10.000     -3.510
     3      6     21     18    629.896     11.000     -3.510
     4      7     22     19    579.820     12.000     -3.510
     5      8     23     20    476.321     13.000     -3.510
     6      9     24     21    485.812     14.000     -3.510
     7     10     25     22    628.810     15.000     -3.510
     8     11     26     23    846.636     16.000     -3.510
     9     12     27     24   1033.823     17.000     -3.510
    10     13     28     25   1110.209     18.000     -3.510
    11     14     29     26   1295.112     19.000     -3.510
    12     15     30     27   1271.294     20.000     -3.510
    13     16     31     28   1273.307     21.000     -3.510
    14     17     32     29   1260.245     22.000     -3.510
    15     18     33     30   1128.000     23.000     -3.510
    16     19     34     31    949.317     24.000     -3.510
    17     20     35     32    772.130     25.000     -3.510
    18     21     36     33    557.007     26.000     -3.510
    19     22     37     34    443.116     27.000     -3.510
    20     23     38     35    325.892     28.000     -3.510
    21     24     39     36    308.245     29.000     -3.510
    22     25     40     37    311.993     30.000     -3.510
    23     26     41     38    354.331     31.000     -3.510
    24     27     42     39    410.378     32.000     -3.510
    25     28     43     40    431.496     33.000     -3.510
    26     29     44     41    474.159     34.000     -3.510
    27     30     45     42    590.124     35.000     -3.510
    28     31     46     43    699.485     36.000     -3.510
    29     32     47     44    886.143     37.000     -3.510
    30     33     48     45   1003.396     38.000     -3.510
     1      4     22     19    316.143     10.500     -4.095
     2      5     23     20    255.194     11.500     -4.095
     3      6     24     21    357.436     12.500     -4.095
     4      7     25     22    255.045     13.500     -4.095
     5      8     26     23    319.016     14.500     -4.095
     6      9     27     24    472.198     15.500     -4.095
     7     10     28     25    695.289     16.500     -4.095
     8     11     29     26    785.149     17.500     -4.095
     9     12     30     27    757.698     18.500     -4.095
    10     13     31     28    690.622     19.500     -4.095
    11     14     32     29    687.871     20.500     -4.095
    12     15     33     30    663.013     21.500     -4.095
    13     16     34     31    601.044     22.500     -4.095
    14     17     35     32    535.196     23.500     -4.095
    15     18     36     33    413.495     24.500     -4.095
    16     19     37     34    358.572     25.500     -4.095
    17     20     38     35    295.673     26.500     -4.095
    18     21     39     36    251.651     27.500     -4.095
    19     22     40     37    231.800     28.500     -4.095
    20     23     41     38    209.233     29.500     -4.095
    21     24     42     39    225.475     30.500     -4.095
    22     25     43     40    218.951     31.500     -4.095
    23     26     44     41    210.318     32.500     -4.095
    24     27     45     42    322.186     33.500     -4.095
    25     28     46     43    361.026     34.500     -4.095
    26     29     47     44    490.814     35.500     -4.095
    27     30     48     45    790.529     36.500     -4.095
     1      5     25     21    167.229     12.000     -4.680
     2      6     26     22    197.721     13.000     -4.680
     3      7     27     23    212.355     14.000     -4.680
     4      8     28     24    324.249     15.000     -4.680
     5      9     29     25    394.861     16.000     -4.680
     6     10     30     26    503.627     17.000     -4.680
     7     11     31     27    521.110     18.000     -4.680
     8     12     32     28    523.414     19.000     -4.680
     9     13     33     29    500.493     20.000     -4.680
    10     14     34     30    463.443     21.000     -4.680
    11     15     35     31    413.016     22.000     -4.680
    12     16     36     32    362.620     23.000     -4.680
    13     17     37     33    316.461     24.000     -4.680
    14     18     38     34    276.169     25.000     -4.680
    15     19     39     35    242.209     26.000     -4.680
    16     20     40     36    231.280     27.000     -4.680
    17     21     41     37    209.128     28.000     -4.680
    18     22     42     38    200.384     29.000     -4.680
    19     23     43     39    185.646     30.000     -4.680
    20     24     44     40    174.870     31.000     -4.680
    21     25     45     41    158.071     32.000     -4.680
    22     26     46     42    113.788     33.000     -4.680
    23     27     47     43    138.497     34.000     -4.680
    24     28     48     44    313.753     35.000     -4.680
     1      5     29     25    190.728     14.000     -5.460
     2      6     30     26    181.311     15.000     -5.460
     3      7     31     27    169.752     16.000     -5.460
     4      8     32     28    181.548     17.000     -5.460
     5      9     33     29    189.571     18.000     -5.460
     6     10     34     30    219.391     19.000     -5.460
     7     11     35     31    213.854     20.000     -5.460
     8     12     36     32    191.244     21.000     -5.460
     9     13     37     33    169.868     22.000     -5.460
    10     14     38     34    151.871     23.000     -5.460
    11     15     39     35    139.468     24.000     -5.460
    12     16     40     36    149.390     25.000     -5.460
    13     17     41     37    155.090     26.000     -5.460
    14     18     42     38    160.790     27.000     -5.460
    15     19     43     39    170.898     28.000     -5.460
    16     20     44     40    157.851     29.000     -5.460
    17     21     45     41    146.097     30.000     -5.460
    18     22     46     42    143.569     31.000     -5.460
    19     23     47     43    115.311     32.000     -5.460
    20     24     48     44     99.868     33.000     -5.460
     1      6     31     26    176.129     15.000     -5.850
     2      7     32     27    164.271     16.000     -5.850
     3      8     33     28    152.463     17.000     -5.850
     4      9     34     29    168.292     18.000     -5.850
     5     10     35     30    187.666     19.000     -5.850
     6     11     36     31    181.679     20.000     -5.850
     7     12     37     32    169.220     21.000     -5.850
     8     13     38     33    150.691     22.000     -5.850
     9     14     39     34    145.160     23.000     -5.850
    10     15     40     35    137.432     24.000     -5.850
    11     16     41     36    138.412     25.000     -5.850
    12     17     42     37    142.408     26.000     -5.850
    13     18     43     38    149.831     27.000     -5.850
    14     19     44     39    161.239     28.000     -5.850
    15     20     45     40    150.853     29.000     -5.850
    16     21     46     41    146.287     30.000     -5.850
    17     22     47     42    138.250     31.000     -5.850
    18     23     48     43    131.268     32.000     -5.850
     1      6     36     31     82.902     17.500     -6.825
     2      7     37     32     69.268     18.500     -6.825
     3      8     38     33     62.998     19.500     -6.825
     4      9     39     34     65.822     20.500     -6.825
     5     10     40     35     76.820     21.500     -6.825
     6     11     41     36     85.865     22.500     -6.825
     7     12     42     37     91.400     23.500     -6.825
     8     13     43     38    102.754     24.500     -6.825
     9     14     44     39    112.551     25.500     -6.825
    10     15     45     40    106.712     26.500     -6.825
    11     16     46     41    118.093     27.500     -6.825
    12     17     47     42    133.827     28.500     -6.825
    13     18     48     43    172.475     29.500     -6.825
     1      7     37     31     82.412     18.000     -7.020
     2      8     38     32     69.555     19.000     -7.020
     3      9     39     33     68.356     20.000     -7.020
     4     10     40     34     79.164     21.000     -7.020
     5     11     41     35     84.565     22.000     -7.020
     6     12     42     36     89.614     23.000     -7.020
     7     13     43     37     95.689     24.000     -7.020
     8     14     44     38    105.936     25.000     -7.020
     9     15     45     39    114.930     26.000     -7.020
    10     16     46     40    113.165     27.000     -7.020
    11     17     47     41    129.248     28.000     -7.020
    12     18     48     42    164.014     29.000     -7.020
     1      7     43     37     57.009     21.000     -8.190
     2      8     44     38     59.146     22.000     -8.190
     3      9     45     39     64.641     23.000     -8.190
     4     10     46     40     74.347     24.000     -8.190
     5     11     47     41     88.391     25.000     -8.190
     6     12     48     42    120.557     26.000     -8.190
     1     10     46     37     70.176     22.500     -8.775
     2     11     47     38     80.317     23.500     -8.775
     3     12     48     39    101.465     24.500     -8.775
