48# Number of electrodes
# x z
0.000     0.000
1.000     0.000
2.000     0.000
3.000     0.000
4.000     0.000
5.000     0.000
6.000     0.000
7.000     0.000
8.000     0.000
9.000     0.000
10.000     0.000
11.000     0.000
12.000     0.000
13.000     0.000
14.000     0.000
15.000     0.000
16.000     0.000
17.000     0.000
18.000     0.000
19.000     0.000
20.000     0.000
21.000     0.000
22.000     0.000
23.000     0.000
24.000     0.000
25.000     0.000
26.000     0.000
27.000     0.000
28.000     0.000
29.000     0.000
30.000     0.000
31.000     0.000
32.000     0.000
33.000     0.000
34.000     0.000
35.000     0.000
36.000     0.000
37.000     0.000
38.000     0.000
39.000     0.000
40.000     0.000
41.000     0.000
42.000     0.000
43.000     0.000
44.000     0.000
45.000     0.000
46.000     0.000
47.000     0.000
909# Number of data
# a   b   m   n      rhoa      x      z
     1      4      2      3    649.765      1.500     -0.330
     2      5      3      4    765.677      2.500     -0.330
     3      6      4      5    861.562      3.500     -0.330
     4      7      5      6   1025.209      4.500     -0.330
     5      8      6      7    846.112      5.500     -0.330
     6      9      7      8   1270.412      6.500     -0.330
     7     10      8      9   1752.079      7.500     -0.330
     8     11      9     10   2486.190      8.500     -0.330
     9     12     10     11   2383.793      9.500     -0.330
    10     13     11     12   2944.271     10.500     -0.330
    11     14     12     13   2582.490     11.500     -0.330
    12     15     13     14   2563.434     12.500     -0.330
    13     16     14     15   2786.568     13.500     -0.330
    14     17     15     16   2896.008     14.500     -0.330
    15     18     16     17   2822.981     15.500     -0.330
    16     19     17     18   2654.815     16.500     -0.330
    17     20     18     19   2192.583     17.500     -0.330
    18     21     19     20   2037.305     18.500     -0.330
    19     22     20     21   1436.632     19.500     -0.330
    20     23     21     22   1475.535     20.500     -0.330
    21     24     22     23    946.147     21.500     -0.330
    22     25     23     24   1089.305     22.500     -0.330
    23     26     24     25   1198.377     23.500     -0.330
    24     27     25     26   1332.399     24.500     -0.330
    25     28     26     27   1558.108     25.500     -0.330
    26     29     27     28   1988.368     26.500     -0.330
    27     30     28     29   1635.891     27.500     -0.330
    28     31     29     30   1979.702     28.500     -0.330
    29     32     30     31   1970.017     29.500     -0.330
    30     33     31     32   1704.169     30.500     -0.330
    31     34     32     33   1897.824     31.500     -0.330
    32     35     33     34   1485.130     32.500     -0.330
    33     36     34     35   1228.483     33.500     -0.330
    34     37     35     36   1072.133     34.500     -0.330
    35     38     36     37    872.399     35.500     -0.330
    36     39     37     38    893.223     36.500     -0.330
    37     40     38     39    694.808     37.500     -0.330
    38     41     39     40    955.730     38.500     -0.330
    39     42     40     41    863.161     39.500     -0.330
    40     43     41     42   1042.020     40.500     -0.330
    41     44     42     43   1254.919     41.500     -0.330
    42     45     43     44   1495.489     42.500     -0.330
    43     46     44     45   1557.476     43.500     -0.330
    44     47     45     46   2302.016     44.500     -0.330
    45     48     46     47   2603.720     45.500     -0.330
     1      7      3      5    648.893      3.000     -0.660
     2      8      4      6    910.081      4.000     -0.660
     3      9      5      7    851.170      5.000     -0.660
     4     10      6      8    934.522      6.000     -0.660
     5     11      7      9   1441.896      7.000     -0.660
     6     12      8     10   1875.549      8.000     -0.660
     7     13      9     11   1820.410      9.000     -0.660
     8     14     10     12   2011.582     10.000     -0.660
     9     15     11     13   2441.133     11.000     -0.660
    10     16     12     14   2453.884     12.000     -0.660
    11     17     13     15   2383.476     13.000     -0.660
    12     18     14     16   2477.577     14.000     -0.660
    13     19     15     17   2577.931     15.000     -0.660
    14     20     16     18   2345.029     16.000     -0.660
    15     21     17     19   2209.589     17.000     -0.660
    16     22     18     20   1930.233     18.000     -0.660
    17     23     19     21   1726.705     19.000     -0.660
    18     24     20     22   1531.647     20.000     -0.660
    19     25     21     23   1334.439     21.000     -0.660
    20     26     22     24   1167.251     22.000     -0.660
    21     27     23     25   1253.411     23.000     -0.660
    22     28     24     26   1229.830     24.000     -0.660
    23     29     25     27   1308.675     25.000     -0.660
    24     30     26     28   1488.457     26.000     -0.660
    25     31     27     29   1481.600     27.000     -0.660
    26     32     28     30   1416.710     28.000     -0.660
    27     33     29     31   1522.357     29.000     -0.660
    28     34     30     32   1462.072     30.000     -0.660
    29     35     31     33   1330.348     31.000     -0.660
    30     36     32     34   1231.772     32.000     -0.660
    31     37     33     35   1141.444     33.000     -0.660
    32     38     34     36    972.895     34.000     -0.660
    33     39     35     37    892.230     35.000     -0.660
    34     40     36     38    787.249     36.000     -0.660
    35     41     37     39    694.310     37.000     -0.660
    36     42     38     40    788.723     38.000     -0.660
    37     43     39     41    861.512     39.000     -0.660
    38     44     40     42    881.698     40.000     -0.660
    39     45     41     43   1000.185     41.000     -0.660
    40     46     42     44   1304.867     42.000     -0.660
    41     47     43     45   1384.527     43.000     -0.660
    42     48     44     46   1866.026     44.000     -0.660
     1     10      4      7    664.464      4.500     -0.990
     2     11      5      8    762.443      5.500     -0.990
     3     12      6      9    909.704      6.500     -0.990
     4     13      7     10   1253.898      7.500     -0.990
     5     14      8     11   1551.806      8.500     -0.990
     6     15      9     12   1841.112      9.500     -0.990
     7     16     10     13   1740.699     10.500     -0.990
     8     17     11     14   1638.862     11.500     -0.990
     9     18     12     15   1637.747     12.500     -0.990
    10     19     13     16   1799.094     13.500     -0.990
    11     20     14     17   1846.569     14.500     -0.990
    12     21     15     18   1976.860     15.500     -0.990
    13     22     16     19   1836.779     16.500     -0.990
    14     23     17     20   1738.482     17.500     -0.990
    15     24     18     21   1580.256     18.500     -0.990
    16     25     19     22   1504.051     19.500     -0.990
    17     26     20     23   1323.027     20.500     -0.990
    18     27     21     24   1241.644     21.500     -0.990
    19     28     22     25   1074.636     22.500     -0.990
    20     29     23     26   1158.493     23.500     -0.990
    21     30     24     27   1146.822     24.500     -0.990
    22     31     25     28   1220.716     25.500     -0.990
    23     32     26     29   1146.109     26.500     -0.990
    24     33     27     30   1082.699     27.500     -0.990
    25     34     28     31   1022.494     28.500     -0.990
    26     35     29     32    977.858     29.500     -0.990
    27     36     30     33    972.150     30.500     -0.990
    28     37     31     34    996.224     31.500     -0.990
    29     38     32     35    910.168     32.500     -0.990
    30     39     33     36    815.647     33.500     -0.990
    31     40     34     37    772.620     34.500     -0.990
    32     41     35     38    687.580     35.500     -0.990
    33     42     36     39    640.148     36.500     -0.990
    34     43     37     40    657.338     37.500     -0.990
    35     44     38     41    656.800     38.500     -0.990
    36     45     39     42    733.939     39.500     -0.990
    37     46     40     43    833.696     40.500     -0.990
    38     47     41     44    994.950     41.500     -0.990
    39     48     42     45   1074.029     42.500     -0.990
     1     13      5      9    641.898      6.000     -1.320
     2     14      6     10    924.708      7.000     -1.320
     3     15      7     11   1152.636      8.000     -1.320
     4     16      8     12   1290.683      9.000     -1.320
     5     17      9     13   1306.108     10.000     -1.320
     6     18     10     14   1243.387     11.000     -1.320
     7     19     11     15   1133.654     12.000     -1.320
     8     20     12     16   1071.519     13.000     -1.320
     9     21     13     17   1120.197     14.000     -1.320
    10     22     14     18   1259.405     15.000     -1.320
    11     23     15     19   1446.427     16.000     -1.320
    12     24     16     20   1478.758     17.000     -1.320
    13     25     17     21   1373.566     18.000     -1.320
    14     26     18     22   1258.184     19.000     -1.320
    15     27     19     23   1135.228     20.000     -1.320
    16     28     20     24   1035.142     21.000     -1.320
    17     29     21     25    994.011     22.000     -1.320
    18     30     22     26    899.583     23.000     -1.320
    19     31     23     27    961.675     24.000     -1.320
    20     32     24     28   1013.538     25.000     -1.320
    21     33     25     29    894.831     26.000     -1.320
    22     34     26     30    862.047     27.000     -1.320
    23     35     27     31    802.551     28.000     -1.320
    24     36     28     32    714.724     29.000     -1.320
    25     37     29     33    724.933     30.000     -1.320
    26     38     30     34    699.165     31.000     -1.320
    27     39     31     35    706.448     32.000     -1.320
    28     40     32     36    712.820     33.000     -1.320
    29     41     33     37    608.332     34.000     -1.320
    30     42     34     38    579.955     35.000     -1.320
    31     43     35     39    531.932     36.000     -1.320
    32     44     36     40    532.776     37.000     -1.320
    33     45     37     41    559.004     38.000     -1.320
    34     46     38     42    589.371     39.000     -1.320
    35     47     39     43    688.624     40.000     -1.320
    36     48     40     44    774.688     41.000     -1.320
     1     16      6     11    771.183      7.500     -1.650
     2     17      7     12    854.229      8.500     -1.650
     3     18      8     13    854.251      9.500     -1.650
     4     19      9     14    836.114     10.500     -1.650
     5     20     10     15    830.230     11.500     -1.650
     6     21     11     16    856.851     12.500     -1.650
     7     22     12     17    742.082     13.500     -1.650
     8     23     13     18    772.940     14.500     -1.650
     9     24     14     19    881.831     15.500     -1.650
    10     25     15     20   1057.452     16.500     -1.650
    11     26     16     21   1075.492     17.500     -1.650
    12     27     17     22   1037.185     18.500     -1.650
    13     28     18     23    894.697     19.500     -1.650
    14     29     19     24    818.552     20.500     -1.650
    15     30     20     25    759.401     21.500     -1.650
    16     31     21     26    749.493     22.500     -1.650
    17     32     22     27    704.644     23.500     -1.650
    18     33     23     28    738.522     24.500     -1.650
    19     34     24     29    716.606     25.500     -1.650
    20     35     25     30    704.756     26.500     -1.650
    21     36     26     31    691.324     27.500     -1.650
    22     37     27     32    651.667     28.500     -1.650
    23     38     28     33    575.287     29.500     -1.650
    24     39     29     34    573.120     30.500     -1.650
    25     40     30     35    542.601     31.500     -1.650
    26     41     31     36    525.536     32.500     -1.650
    27     42     32     37    521.622     33.500     -1.650
    28     43     33     38    488.927     34.500     -1.650
    29     44     34     39    428.633     35.500     -1.650
    30     45     35     40    434.279     36.500     -1.650
    31     46     36     41    457.773     37.500     -1.650
    32     47     37     42    480.826     38.500     -1.650
    33     48     38     43    541.088     39.500     -1.650
     1     19      7     13    543.009      9.000     -1.980
     2     20      8     14    568.647     10.000     -1.980
     3     21      9     15    575.591     11.000     -1.980
     4     22     10     16    581.862     12.000     -1.980
     5     23     11     17    637.619     13.000     -1.980
     6     24     12     18    647.290     14.000     -1.980
     7     25     13     19    630.930     15.000     -1.980
     8     26     14     20    645.814     16.000     -1.980
     9     27     15     21    678.961     17.000     -1.980
    10     28     16     22    703.946     18.000     -1.980
    11     29     17     23    679.064     19.000     -1.980
    12     30     18     24    639.882     20.000     -1.980
    13     31     19     25    595.927     21.000     -1.980
    14     32     20     26    551.674     22.000     -1.980
    15     33     21     27    517.721     23.000     -1.980
    16     34     22     28    506.650     24.000     -1.980
    17     35     23     29    525.758     25.000     -1.980
    18     36     24     30    551.657     26.000     -1.980
    19     37     25     31    575.355     27.000     -1.980
    20     38     26     32    583.645     28.000     -1.980
    21     39     27     33    565.801     29.000     -1.980
    22     40     28     34    498.529     30.000     -1.980
    23     41     29     35    462.884     31.000     -1.980
    24     42     30     36    437.113     32.000     -1.980
    25     43     31     37    413.092     33.000     -1.980
    26     44     32     38    397.161     34.000     -1.980
    27     45     33     39    365.594     35.000     -1.980
    28     46     34     40    375.956     36.000     -1.980
    29     47     35     41    362.310     37.000     -1.980
    30     48     36     42    375.303     38.000     -1.980
     1     22      8     15    386.294     10.500     -2.310
     2     23      9     16    460.833     11.500     -2.310
     3     24     10     17    491.140     12.500     -2.310
     4     25     11     18    510.868     13.500     -2.310
     5     26     12     19    518.579     14.500     -2.310
     6     27     13     20    510.276     15.500     -2.310
     7     28     14     21    444.813     16.500     -2.310
     8     29     15     22    427.085     17.500     -2.310
     9     30     16     23    415.084     18.500     -2.310
    10     31     17     24    444.119     19.500     -2.310
    11     32     18     25    435.271     20.500     -2.310
    12     33     19     26    411.606     21.500     -2.310
    13     34     20     27    388.516     22.500     -2.310
    14     35     21     28    376.665     23.500     -2.310
    15     36     22     29    356.144     24.500     -2.310
    16     37     23     30    407.649     25.500     -2.310
    17     38     24     31    450.363     26.500     -2.310
    18     39     25     32    474.912     27.500     -2.310
    19     40     26     33    495.499     28.500     -2.310
    20     41     27     34    486.065     29.500     -2.310
    21     42     28     35    431.252     30.500     -2.310
    22     43     29     36    399.803     31.500     -2.310
    23     44     30     37    353.796     32.500     -2.310
    24     45     31     38    338.356     33.500     -2.310
    25     46     32     39    323.127     34.500     -2.310
    26     47     33     40    312.145     35.500     -2.310
    27     48     34     41    300.343     36.500     -2.310
     1     25      9     17    379.938     12.000     -2.640
     2     26     10     18    410.633     13.000     -2.640
     3     27     11     19    404.157     14.000     -2.640
     4     28     12     20    365.716     15.000     -2.640
     5     29     13     21    347.637     16.000     -2.640
     6     30     14     22    330.992     17.000     -2.640
     7     31     15     23    295.198     18.000     -2.640
     8     32     16     24    269.673     19.000     -2.640
     9     33     17     25    265.208     20.000     -2.640
    10     34     18     26    284.398     21.000     -2.640
    11     35     19     27    285.025     22.000     -2.640
    12     36     20     28    295.685     23.000     -2.640
    13     37     21     29    290.279     24.000     -2.640
    14     38     22     30    287.800     25.000     -2.640
    15     39     23     31    328.938     26.000     -2.640
    16     40     24     32    368.251     27.000     -2.640
    17     41     25     33    397.832     28.000     -2.640
    18     42     26     34    415.954     29.000     -2.640
    19     43     27     35    408.118     30.000     -2.640
    20     44     28     36    366.785     31.000     -2.640
    21     45     29     37    343.847     32.000     -2.640
    22     46     30     38    315.509     33.000     -2.640
    23     47     31     39    284.487     34.000     -2.640
    24     48     32     40    272.279     35.000     -2.640
     1     28     10     19    296.103     13.500     -2.970
     2     29     11     20    294.713     14.500     -2.970
     3     30     12     21    262.668     15.500     -2.970
     4     31     13     22    243.483     16.500     -2.970
     5     32     14     23    228.678     17.500     -2.970
     6     33     15     24    219.471     18.500     -2.970
     7     34     16     25    197.413     19.500     -2.970
     8     35     17     26    186.049     20.500     -2.970
     9     36     18     27    194.404     21.500     -2.970
    10     37     19     28    219.172     22.500     -2.970
    11     38     20     29    224.886     23.500     -2.970
    12     39     21     30    241.720     24.500     -2.970
    13     40     22     31    250.869     25.500     -2.970
    14     41     23     32    273.151     26.500     -2.970
    15     42     24     33    309.380     27.500     -2.970
    16     43     25     34    328.673     28.500     -2.970
    17     44     26     35    338.921     29.500     -2.970
    18     45     27     36    340.642     30.500     -2.970
    19     46     28     37    309.565     31.500     -2.970
    20     47     29     38    295.206     32.500     -2.970
    21     48     30     39    264.196     33.500     -2.970
     1     31     11     21    216.920     15.000     -3.300
     2     32     12     22    192.974     16.000     -3.300
     3     33     13     23    174.096     17.000     -3.300
     4     34     14     24    168.409     18.000     -3.300
     5     35     15     25    166.657     19.000     -3.300
     6     36     16     26    168.781     20.000     -3.300
     7     37     17     27    161.437     21.000     -3.300
     8     38     18     28    162.573     22.000     -3.300
     9     39     19     29    171.104     23.000     -3.300
    10     40     20     30    191.293     24.000     -3.300
    11     41     21     31    201.676     25.000     -3.300
    12     42     22     32    219.436     26.000     -3.300
    13     43     23     33    242.099     27.000     -3.300
    14     44     24     34    257.151     28.000     -3.300
    15     45     25     35    272.093     29.000     -3.300
    16     46     26     36    279.595     30.000     -3.300
    17     47     27     37    274.575     31.000     -3.300
    18     48     28     38    256.234     32.000     -3.300
     1     34     12     23    142.005     16.500     -3.630
     2     35     13     24    139.864     17.500     -3.630
     3     36     14     25    138.063     18.500     -3.630
     4     37     15     26    145.951     19.500     -3.630
     5     38     16     27    147.746     20.500     -3.630
     6     39     17     28    155.388     21.500     -3.630
     7     40     18     29    149.281     22.500     -3.630
     8     41     19     30    151.876     23.500     -3.630
     9     42     20     31    167.878     24.500     -3.630
    10     43     21     32    170.399     25.500     -3.630
    11     44     22     33    182.120     26.500     -3.630
    12     45     23     34    212.834     27.500     -3.630
    13     46     24     35    224.433     28.500     -3.630
    14     47     25     36    224.029     29.500     -3.630
    15     48     26     37    221.062     30.500     -3.630
     1     37     13     25    123.552     18.000     -3.960
     2     38     14     26    126.020     19.000     -3.960
     3     39     15     27    133.618     20.000     -3.960
     4     40     16     28    142.282     21.000     -3.960
     5     41     17     29    143.051     22.000     -3.960
     6     42     18     30    149.778     23.000     -3.960
     7     43     19     31    146.581     24.000     -3.960
     8     44     20     32    146.152     25.000     -3.960
     9     45     21     33    160.151     26.000     -3.960
    10     46     22     34    162.422     27.000     -3.960
    11     47     23     35    179.078     28.000     -3.960
    12     48     24     36    193.327     29.000     -3.960
     1     40     14     27    124.208     19.500     -4.290
     2     41     15     28    132.258     20.500     -4.290
     3     42     16     29    132.169     21.500     -4.290
     4     43     17     30    137.964     22.500     -4.290
     5     44     18     31    139.564     23.500     -4.290
     6     45     19     32    142.377     24.500     -4.290
     7     46     20     33    135.395     25.500     -4.290
     8     47     21     34    139.691     26.500     -4.290
     9     48     22     35    144.176     27.500     -4.290
     1     43     15     29    126.465     21.000     -4.620
     2     44     16     30    130.729     22.000     -4.620
     3     45     17     31    134.517     23.000     -4.620
     4     46     18     32    127.367     24.000     -4.620
     5     47     19     33    122.805     25.000     -4.620
     6     48     20     34    131.422     26.000     -4.620
     1     46     16     31    122.343     22.500     -4.950
     2     47     17     32    110.407     23.500     -4.950
     3     48     18     33    111.157     24.500     -4.950
     1      2      4      3    842.562      1.500     -0.585
     2      3      5      4    933.546      2.500     -0.585
     3      4      6      5    929.692      3.500     -0.585
     4      5      7      6    851.676      4.500     -0.585
     5      6      8      7   1128.618      5.500     -0.585
     6      7      9      8    893.433      6.500     -0.585
     7      8     10      9   1554.502      7.500     -0.585
     8      9     11     10   2555.133      8.500     -0.585
     9     10     12     11   3858.679      9.500     -0.585
    10     11     13     12   2640.298     10.500     -0.585
    11     12     14     13   2502.307     11.500     -0.585
    12     13     15     14   2399.667     12.500     -0.585
    13     14     16     15   2762.387     13.500     -0.585
    14     15     17     16   3400.834     14.500     -0.585
    15     16     18     17   3121.613     15.500     -0.585
    16     17     19     18   2477.061     16.500     -0.585
    17     18     20     19   2410.575     17.500     -0.585
    18     19     21     20   1912.842     18.500     -0.585
    19     20     22     21   1835.919     19.500     -0.585
    20     21     23     22    834.830     20.500     -0.585
    21     22     24     23   1094.403     21.500     -0.585
    22     23     25     24    926.857     22.500     -0.585
    23     24     26     25    986.381     23.500     -0.585
    24     25     27     26   1391.034     24.500     -0.585
    25     26     28     27   1770.620     25.500     -0.585
    26     27     29     28   1846.361     26.500     -0.585
    27     28     30     29   2481.878     27.500     -0.585
    28     29     31     30   1597.641     28.500     -0.585
    29     30     32     31   1846.897     29.500     -0.585
    30     31     33     32   2596.723     30.500     -0.585
    31     32     34     33   1819.285     31.500     -0.585
    32     33     35     34   1681.056     32.500     -0.585
    33     34     36     35   1377.420     33.500     -0.585
    34     35     37     36    937.521     34.500     -0.585
    35     36     38     37    915.205     35.500     -0.585
    36     37     39     38    828.888     36.500     -0.585
    37     38     40     39    975.552     37.500     -0.585
    38     39     41     40    591.322     38.500     -0.585
    39     40     42     41    958.912     39.500     -0.585
    40     41     43     42   1112.397     40.500     -0.585
    41     42     44     43   1254.087     41.500     -0.585
    42     43     45     44   1421.345     42.500     -0.585
    43     44     46     45   1787.672     43.500     -0.585
    44     45     47     46   1760.488     44.500     -0.585
    45     46     48     47   2871.314     45.500     -0.585
     1      2      5      4    730.548      2.000     -0.780
     2      3      6      5    805.221      3.000     -0.780
     3      4      7      6    710.415      4.000     -0.780
     4      5      8      7   1013.051      5.000     -0.780
     5      6      9      8   1416.214      6.000     -0.780
     6      7     10      9   1055.329      7.000     -0.780
     7      8     11     10   1619.404      8.000     -0.780
     8      9     12     11   2969.828      9.000     -0.780
     9     10     13     12   3361.357     10.000     -0.780
    10     11     14     13   2579.169     11.000     -0.780
    11     12     15     14   2626.365     12.000     -0.780
    12     13     16     15   3251.076     13.000     -0.780
    13     14     17     16   3061.214     14.000     -0.780
    14     15     18     17   3375.854     15.000     -0.780
    15     16     19     18   3067.474     16.000     -0.780
    16     17     20     19   2652.810     17.000     -0.780
    17     18     21     20   2176.449     18.000     -0.780
    18     19     22     21   1983.705     19.000     -0.780
    19     20     23     22   1183.355     20.000     -0.780
    20     21     24     23   1056.246     21.000     -0.780
    21     22     25     24   1082.510     22.000     -0.780
    22     23     26     25    967.816     23.000     -0.780
    23     24     27     26   1215.092     24.000     -0.780
    24     25     28     27   1669.518     25.000     -0.780
    25     26     29     28   1590.312     26.000     -0.780
    26     27     30     29   1976.715     27.000     -0.780
    27     28     31     30   2213.527     28.000     -0.780
    28     29     32     31   1852.858     29.000     -0.780
    29     30     33     32   2024.598     30.000     -0.780
    30     31     34     33   2120.699     31.000     -0.780
    31     32     35     34   1596.755     32.000     -0.780
    32     33     36     35   1362.846     33.000     -0.780
    33     34     37     36   1025.550     34.000     -0.780
    34     35     38     37    881.604     35.000     -0.780
    35     36     39     38    762.832     36.000     -0.780
    36     37     40     39    937.985     37.000     -0.780
    37     38     41     40    845.306     38.000     -0.780
    38     39     42     41    663.872     39.000     -0.780
    39     40     43     42   1196.703     40.000     -0.780
    40     41     44     43   1175.784     41.000     -0.780
    41     42     45     44   1283.083     42.000     -0.780
    42     43     46     45   1612.200     43.000     -0.780
    43     44     47     46   2044.179     44.000     -0.780
    44     45     48     47   2050.911     45.000     -0.780
     1      2      6      5    753.468      2.500     -0.975
     2      3      7      6    586.461      3.500     -0.975
     3      4      8      7    791.593      4.500     -0.975
     4      5      9      8   1276.823      5.500     -0.975
     5      6     10      9   1544.807      6.500     -0.975
     6      7     11     10   1138.518      7.500     -0.975
     7      8     12     11   1743.139      8.500     -0.975
     8      9     13     12   2364.897      9.500     -0.975
     9     10     14     13   2821.640     10.500     -0.975
    10     11     15     14   2643.732     11.500     -0.975
    11     12     16     15   3507.401     12.500     -0.975
    12     13     17     16   3441.010     13.500     -0.975
    13     14     18     17   3059.762     14.500     -0.975
    14     15     19     18   2983.224     15.500     -0.975
    15     16     20     19   2971.220     16.500     -0.975
    16     17     21     20   2325.569     17.500     -0.975
    17     18     22     21   2155.655     18.500     -0.975
    18     19     23     22   1309.195     19.500     -0.975
    19     20     24     23   1447.702     20.500     -0.975
    20     21     25     24   1115.400     21.500     -0.975
    21     22     26     25   1116.800     22.500     -0.975
    22     23     27     26   1118.009     23.500     -0.975
    23     24     28     27   1522.470     24.500     -0.975
    24     25     29     28   1387.403     25.500     -0.975
    25     26     30     29   1626.498     26.500     -0.975
    26     27     31     30   1802.671     27.500     -0.975
    27     28     32     31   2144.749     28.500     -0.975
    28     29     33     32   1856.040     29.500     -0.975
    29     30     34     33   1651.288     30.500     -0.975
    30     31     35     34   1746.675     31.500     -0.975
    31     32     36     35   1187.620     32.500     -0.975
    32     33     37     36   1039.935     33.500     -0.975
    33     34     38     37    879.280     34.500     -0.975
    34     35     39     38    705.485     35.500     -0.975
    35     36     40     39    819.915     36.500     -0.975
    36     37     41     40    744.864     37.500     -0.975
    37     38     42     41    768.401     38.500     -0.975
    38     39     43     42    769.411     39.500     -0.975
    39     40     44     43   1090.829     40.500     -0.975
    40     41     45     44   1036.208     41.500     -0.975
    41     42     46     45   1225.001     42.500     -0.975
    42     43     47     46   1616.189     43.500     -0.975
    43     44     48     47   2088.821     44.500     -0.975
     1      2      7      6    581.350      3.000     -1.170
     2      3      8      7    630.383      4.000     -1.170
     3      4      9      8    960.447      5.000     -1.170
     4      5     10      9   1363.213      6.000     -1.170
     5      6     11     10   1588.365      7.000     -1.170
     6      7     12     11   1199.851      8.000     -1.170
     7      8     13     12   1375.772      9.000     -1.170
     8      9     14     13   1928.796     10.000     -1.170
     9     10     15     14   2785.516     11.000     -1.170
    10     11     16     15   3286.190     12.000     -1.170
    11     12     17     16   3554.171     13.000     -1.170
    12     13     18     17   3196.546     14.000     -1.170
    13     14     19     18   2680.498     15.000     -1.170
    14     15     20     19   2655.869     16.000     -1.170
    15     16     21     20   2450.925     17.000     -1.170
    16     17     22     21   2162.384     18.000     -1.170
    17     18     23     22   1349.623     19.000     -1.170
    18     19     24     23   1461.130     20.000     -1.170
    19     20     25     24   1412.038     21.000     -1.170
    20     21     26     25   1117.317     22.000     -1.170
    21     22     27     26   1268.204     23.000     -1.170
    22     23     28     27   1301.474     24.000     -1.170
    23     24     29     28   1215.386     25.000     -1.170
    24     25     30     29   1433.949     26.000     -1.170
    25     26     31     30   1469.017     27.000     -1.170
    26     27     32     31   1614.836     28.000     -1.170
    27     28     33     32   2054.146     29.000     -1.170
    28     29     34     33   1338.439     30.000     -1.170
    29     30     35     34   1289.888     31.000     -1.170
    30     31     36     35   1207.442     32.000     -1.170
    31     32     37     36    910.550     33.000     -1.170
    32     33     38     37    866.032     34.000     -1.170
    33     34     39     38    657.617     35.000     -1.170
    34     35     40     39    733.457     36.000     -1.170
    35     36     41     40    665.352     37.000     -1.170
    36     37     42     41    646.336     38.000     -1.170
    37     38     43     42    818.363     39.000     -1.170
    38     39     44     43    668.277     40.000     -1.170
    39     40     45     44    883.701     41.000     -1.170
    40     41     46     45    950.822     42.000     -1.170
    41     42     47     46   1143.771     43.000     -1.170
    42     43     48     47   1605.375     44.000     -1.170
     1      2      8      7    640.461      3.500     -1.365
     2      3      9      8    764.804      4.500     -1.365
     3      4     10      9   1059.951      5.500     -1.365
     4      5     11     10   1375.653      6.500     -1.365
     5      6     12     11   1707.014      7.500     -1.365
     6      7     13     12    996.691      8.500     -1.365
     7      8     14     13   1040.015      9.500     -1.365
     8      9     15     14   1687.059     10.500     -1.365
     9     10     16     15   3216.377     11.500     -1.365
    10     11     17     16   3095.177     12.500     -1.365
    11     12     18     17   3044.272     13.500     -1.365
    12     13     19     18   2543.257     14.500     -1.365
    13     14     20     19   2276.176     15.500     -1.365
    14     15     21     20   2065.615     16.500     -1.365
    15     16     22     21   2241.751     17.500     -1.365
    16     17     23     22   1333.409     18.500     -1.365
    17     18     24     23   1461.074     19.500     -1.365
    18     19     25     24   1425.983     20.500     -1.365
    19     20     26     25   1342.044     21.500     -1.365
    20     21     27     26   1240.618     22.500     -1.365
    21     22     28     27   1439.045     23.500     -1.365
    22     23     29     28    976.464     24.500     -1.365
    23     24     30     29   1237.512     25.500     -1.365
    24     25     31     30   1227.216     26.500     -1.365
    25     26     32     31   1317.928     27.500     -1.365
    26     27     33     32   1520.740     28.500     -1.365
    27     28     34     33   1420.768     29.500     -1.365
    28     29     35     34   1035.379     30.500     -1.365
    29     30     36     35    940.115     31.500     -1.365
    30     31     37     36    928.101     32.500     -1.365
    31     32     38     37    724.303     33.500     -1.365
    32     33     39     38    668.568     34.500     -1.365
    33     34     40     39    701.374     35.500     -1.365
    34     35     41     40    609.766     36.500     -1.365
    35     36     42     41    558.391     37.500     -1.365
    36     37     43     42    675.941     38.500     -1.365
    37     38     44     43    679.066     39.500     -1.365
    38     39     45     44    539.354     40.500     -1.365
    39     40     46     45    835.258     41.500     -1.365
    40     41     47     46    900.191     42.500     -1.365
    41     42     48     47   1109.404     43.500     -1.365
     1      3      9      7    695.912      4.000     -1.560
     2      4     10      8    929.515      5.000     -1.560
     3      5     11      9   1248.967      6.000     -1.560
     4      6     12     10   1536.436      7.000     -1.560
     5      7     13     11   1275.638      8.000     -1.560
     6      8     14     12   1120.767      9.000     -1.560
     7      9     15     13   1538.888     10.000     -1.560
     8     10     16     14   2517.835     11.000     -1.560
     9     11     17     15   3163.329     12.000     -1.560
    10     12     18     16   3198.810     13.000     -1.560
    11     13     19     17   2915.671     14.000     -1.560
    12     14     20     18   2476.550     15.000     -1.560
    13     15     21     19   2299.925     16.000     -1.560
    14     16     22     20   2212.863     17.000     -1.560
    15     17     23     21   1866.105     18.000     -1.560
    16     18     24     22   1386.106     19.000     -1.560
    17     19     25     23   1452.752     20.000     -1.560
    18     20     26     24   1396.872     21.000     -1.560
    19     21     27     25   1225.466     22.000     -1.560
    20     22     28     26   1315.407     23.000     -1.560
    21     23     29     27   1221.845     24.000     -1.560
    22     24     30     28   1130.318     25.000     -1.560
    23     25     31     29   1285.608     26.000     -1.560
    24     26     32     30   1321.193     27.000     -1.560
    25     27     33     31   1458.134     28.000     -1.560
    26     28     34     32   1651.121     29.000     -1.560
    27     29     35     33   1259.313     30.000     -1.560
    28     30     36     34   1064.908     31.000     -1.560
    29     31     37     35   1009.641     32.000     -1.560
    30     32     38     36    841.705     33.000     -1.560
    31     33     39     37    744.187     34.000     -1.560
    32     34     40     38    676.183     35.000     -1.560
    33     35     41     39    676.729     36.000     -1.560
    34     36     42     40    607.231     37.000     -1.560
    35     37     43     41    625.144     38.000     -1.560
    36     38     44     42    717.664     39.000     -1.560
    37     39     45     43    622.314     40.000     -1.560
    38     40     46     44    743.026     41.000     -1.560
    39     41     47     45    885.508     42.000     -1.560
    40     42     48     46   1040.229     43.000     -1.560
     1      3     11      9    877.161      5.000     -1.950
     2      4     12     10    948.758      6.000     -1.950
     3      5     13     11   1128.232      7.000     -1.950
     4      6     14     12   1037.544      8.000     -1.950
     5      7     15     13    780.121      9.000     -1.950
     6      8     16     14    884.619     10.000     -1.950
     7      9     17     15   1504.866     11.000     -1.950
     8     10     18     16   2235.964     12.000     -1.950
     9     11     19     17   2312.444     13.000     -1.950
    10     12     20     18   2091.003     14.000     -1.950
    11     13     21     19   1778.907     15.000     -1.950
    12     14     22     20   1554.277     16.000     -1.950
    13     15     23     21   1352.150     17.000     -1.950
    14     16     24     22   1165.162     18.000     -1.950
    15     17     25     23   1340.218     19.000     -1.950
    16     18     26     24   1305.787     20.000     -1.950
    17     19     27     25   1356.779     21.000     -1.950
    18     20     28     26   1474.085     22.000     -1.950
    19     21     29     27   1264.857     23.000     -1.950
    20     22     30     28    994.664     24.000     -1.950
    21     23     31     29    901.437     25.000     -1.950
    22     24     32     30    874.036     26.000     -1.950
    23     25     33     31    963.955     27.000     -1.950
    24     26     34     32    975.721     28.000     -1.950
    25     27     35     33    873.863     29.000     -1.950
    26     28     36     34    851.129     30.000     -1.950
    27     29     37     35    636.442     31.000     -1.950
    28     30     38     36    575.224     32.000     -1.950
    29     31     39     37    599.412     33.000     -1.950
    30     32     40     38    567.190     34.000     -1.950
    31     33     41     39    603.668     35.000     -1.950
    32     34     42     40    541.997     36.000     -1.950
    33     35     43     41    506.306     37.000     -1.950
    34     36     44     42    529.304     38.000     -1.950
    35     37     45     43    491.834     39.000     -1.950
    36     38     46     44    488.817     40.000     -1.950
    37     39     47     45    500.012     41.000     -1.950
    38     40     48     46    639.308     42.000     -1.950
     1      3     13     11    709.687      6.000     -2.340
     2      4     14     12    615.687      7.000     -2.340
     3      5     15     13    644.148      8.000     -2.340
     4      6     16     14    803.993      9.000     -2.340
     5      7     17     15    763.023     10.000     -2.340
     6      8     18     16    706.023     11.000     -2.340
     7      9     19     17    956.935     12.000     -2.340
     8     10     20     18   1277.830     13.000     -2.340
     9     11     21     19   1352.154     14.000     -2.340
    10     12     22     20   1149.913     15.000     -2.340
    11     13     23     21   1034.713     16.000     -2.340
    12     14     24     22    736.241     17.000     -2.340
    13     15     25     23    835.895     18.000     -2.340
    14     16     26     24   1040.149     19.000     -2.340
    15     17     27     25   1142.954     20.000     -2.340
    16     18     28     26   1295.304     21.000     -2.340
    17     19     29     27   1248.489     22.000     -2.340
    18     20     30     28   1012.509     23.000     -2.340
    19     21     31     29    851.284     24.000     -2.340
    20     22     32     30    718.687     25.000     -2.340
    21     23     33     31    614.637     26.000     -2.340
    22     24     34     32    589.714     27.000     -2.340
    23     25     35     33    530.478     28.000     -2.340
    24     26     36     34    472.512     29.000     -2.340
    25     27     37     35    433.335     30.000     -2.340
    26     28     38     36    439.668     31.000     -2.340
    27     29     39     37    374.696     32.000     -2.340
    28     30     40     38    401.530     33.000     -2.340
    29     31     41     39    475.137     34.000     -2.340
    30     32     42     40    450.142     35.000     -2.340
    31     33     43     41    483.001     36.000     -2.340
    32     34     44     42    488.279     37.000     -2.340
    33     35     45     43    412.810     38.000     -2.340
    34     36     46     44    358.656     39.000     -2.340
    35     37     47     45    402.440     40.000     -2.340
    36     38     48     46    452.931     41.000     -2.340
     1      3     15     13    480.719      7.000     -2.730
     2      4     16     14    547.165      8.000     -2.730
     3      5     17     15    622.111      9.000     -2.730
     4      6     18     16    603.042     10.000     -2.730
     5      7     19     17    511.685     11.000     -2.730
     6      8     20     18    397.828     12.000     -2.730
     7      9     21     19    510.566     13.000     -2.730
     8     10     22     20    746.107     14.000     -2.730
     9     11     23     21    537.882     15.000     -2.730
    10     12     24     22    620.032     16.000     -2.730
    11     13     25     23    677.534     17.000     -2.730
    12     14     26     24    621.747     18.000     -2.730
    13     15     27     25    762.574     19.000     -2.730
    14     16     28     26    982.793     20.000     -2.730
    15     17     29     27   1003.905     21.000     -2.730
    16     18     30     28    847.007     22.000     -2.730
    17     19     31     29    816.791     23.000     -2.730
    18     20     32     30    705.649     24.000     -2.730
    19     21     33     31    566.593     25.000     -2.730
    20     22     34     32    453.198     26.000     -2.730
    21     23     35     33    332.992     27.000     -2.730
    22     24     36     34    289.600     28.000     -2.730
    23     25     37     35    259.141     29.000     -2.730
    24     26     38     36    260.774     30.000     -2.730
    25     27     39     37    270.322     31.000     -2.730
    26     28     40     38    310.571     32.000     -2.730
    27     29     41     39    311.453     33.000     -2.730
    28     30     42     40    312.814     34.000     -2.730
    29     31     43     41    422.758     35.000     -2.730
    30     32     44     42    475.603     36.000     -2.730
    31     33     45     43    444.529     37.000     -2.730
    32     34     46     44    376.946     38.000     -2.730
    33     35     47     45    261.733     39.000     -2.730
    34     36     48     46    402.873     40.000     -2.730
     1      4     16     13    484.878      7.500     -2.925
     2      5     17     14    577.579      8.500     -2.925
     3      6     18     15    646.412      9.500     -2.925
     4      7     19     16    540.517     10.500     -2.925
     5      8     20     17    502.717     11.500     -2.925
     6      9     21     18    540.767     12.500     -2.925
     7     10     22     19    736.282     13.500     -2.925
     8     11     23     20    714.146     14.500     -2.925
     9     12     24     21    674.467     15.500     -2.925
    10     13     25     22    625.757     16.500     -2.925
    11     14     26     23    649.473     17.500     -2.925
    12     15     27     24    723.088     18.500     -2.925
    13     16     28     25    898.423     19.500     -2.925
    14     17     29     26    991.428     20.500     -2.925
    15     18     30     27   1003.897     21.500     -2.925
    16     19     31     28    846.115     22.500     -2.925
    17     20     32     29    789.756     23.500     -2.925
    18     21     33     30    639.976     24.500     -2.925
    19     22     34     31    531.179     25.500     -2.925
    20     23     35     32    416.573     26.500     -2.925
    21     24     36     33    346.933     27.500     -2.925
    22     25     37     34    307.599     28.500     -2.925
    23     26     38     35    287.827     29.500     -2.925
    24     27     39     36    281.344     30.500     -2.925
    25     28     40     37    310.847     31.500     -2.925
    26     29     41     38    293.641     32.500     -2.925
    27     30     42     39    325.343     33.500     -2.925
    28     31     43     40    378.774     34.500     -2.925
    29     32     44     41    440.986     35.500     -2.925
    30     33     45     42    442.448     36.500     -2.925
    31     34     46     43    421.327     37.500     -2.925
    32     35     47     44    322.702     38.500     -2.925
    33     36     48     45    326.564     39.500     -2.925
     1      4     19     16    337.722      9.000     -3.510
     2      5     20     17    309.862     10.000     -3.510
     3      6     21     18    301.000     11.000     -3.510
     4      7     22     19    233.757     12.000     -3.510
     5      8     23     20    197.972     13.000     -3.510
     6      9     24     21    168.649     14.000     -3.510
     7     10     25     22    175.129     15.000     -3.510
     8     11     26     23    304.827     16.000     -3.510
     9     12     27     24    439.248     17.000     -3.510
    10     13     28     25    467.176     18.000     -3.510
    11     14     29     26    507.038     19.000     -3.510
    12     15     30     27    529.138     20.000     -3.510
    13     16     31     28    525.575     21.000     -3.510
    14     17     32     29    567.760     22.000     -3.510
    15     18     33     30    513.903     23.000     -3.510
    16     19     34     31    454.663     24.000     -3.510
    17     20     35     32    371.437     25.000     -3.510
    18     21     36     33    269.274     26.000     -3.510
    19     22     37     34    203.315     27.000     -3.510
    20     23     38     35    149.060     28.000     -3.510
    21     24     39     36    136.762     29.000     -3.510
    22     25     40     37    142.225     30.000     -3.510
    23     26     41     38    159.169     31.000     -3.510
    24     27     42     39    195.713     32.000     -3.510
    25     28     43     40    239.334     33.000     -3.510
    26     29     44     41    261.257     34.000     -3.510
    27     30     45     42    319.645     35.000     -3.510
    28     31     46     43    415.328     36.000     -3.510
    29     32     47     44    565.636     37.000     -3.510
    30     33     48     45    583.379     38.000     -3.510
     1      4     22     19    153.409     10.500     -4.095
     2      5     23     20    121.234     11.500     -4.095
     3      6     24     21    204.946     12.500     -4.095
     4      7     25     22     78.205     13.500     -4.095
     5      8     26     23     94.285     14.500     -4.095
     6      9     27     24    217.035     15.500     -4.095
     7     10     28     25    306.392     16.500     -4.095
     8     11     29     26    324.613     17.500     -4.095
     9     12     30     27    336.840     18.500     -4.095
    10     13     31     28    302.489     19.500     -4.095
    11     14     32     29    327.122     20.500     -4.095
    12     15     33     30    286.766     21.500     -4.095
    13     16     34     31    293.535     22.500     -4.095
    14     17     35     32    245.144     23.500     -4.095
    15     18     36     33    225.253     24.500     -4.095
    16     19     37     34    183.413     25.500     -4.095
    17     20     38     35    148.590     26.500     -4.095
    18     21     39     36    120.308     27.500     -4.095
    19     22     40     37    114.141     28.500     -4.095
    20     23     41     38     99.257     29.500     -4.095
    21     24     42     39    111.746     30.500     -4.095
    22     25     43     40    129.376     31.500     -4.095
    23     26     44     41    119.528     32.500     -4.095
    24     27     45     42    195.905     33.500     -4.095
    25     28     46     43    183.393     34.500     -4.095
    26     29     47     44    282.278     35.500     -4.095
    27     30     48     45    377.786     36.500     -4.095
     1      5     25     21     73.326     12.000     -4.680
     2      6     26     22     92.981     13.000     -4.680
     3      7     27     23    108.009     14.000     -4.680
     4      8     28     24    141.954     15.000     -4.680
     5      9     29     25    176.607     16.000     -4.680
     6     10     30     26    203.868     17.000     -4.680
     7     11     31     27    233.816     18.000     -4.680
     8     12     32     28    248.853     19.000     -4.680
     9     13     33     29    244.529     20.000     -4.680
    10     14     34     30    226.843     21.000     -4.680
    11     15     35     31    208.250     22.000     -4.680
    12     16     36     32    172.255     23.000     -4.680
    13     17     37     33    170.886     24.000     -4.680
    14     18     38     34    150.631     25.000     -4.680
    15     19     39     35    132.595     26.000     -4.680
    16     20     40     36    124.769     27.000     -4.680
    17     21     41     37    112.844     28.000     -4.680
    18     22     42     38    106.402     29.000     -4.680
    19     23     43     39    103.519     30.000     -4.680
    20     24     44     40    101.471     31.000     -4.680
    21     25     45     41    104.641     32.000     -4.680
    22     26     46     42     76.752     33.000     -4.680
    23     27     47     43     77.377     34.000     -4.680
    24     28     48     44    180.039     35.000     -4.680
     1      5     29     25    127.392     14.000     -5.460
     2      6     30     26    107.162     15.000     -5.460
     3      7     31     27     99.863     16.000     -5.460
     4      8     32     28    102.132     17.000     -5.460
     5      9     33     29    106.998     18.000     -5.460
     6     10     34     30    126.347     19.000     -5.460
     7     11     35     31    139.858     20.000     -5.460
     8     12     36     32    116.076     21.000     -5.460
     9     13     37     33    115.100     22.000     -5.460
    10     14     38     34     97.298     23.000     -5.460
    11     15     39     35     89.196     24.000     -5.460
    12     16     40     36     95.635     25.000     -5.460
    13     17     41     37    100.148     26.000     -5.460
    14     18     42     38    109.859     27.000     -5.460
    15     19     43     39    119.438     28.000     -5.460
    16     20     44     40    112.683     29.000     -5.460
    17     21     45     41    110.999     30.000     -5.460
    18     22     46     42    102.243     31.000     -5.460
    19     23     47     43     95.392     32.000     -5.460
    20     24     48     44    112.609     33.000     -5.460
     1      6     31     26    114.080     15.000     -5.850
     2      7     32     27    105.381     16.000     -5.850
     3      8     33     28     89.354     17.000     -5.850
     4      9     34     29    102.402     18.000     -5.850
     5     10     35     30    114.677     19.000     -5.850
     6     11     36     31    117.719     20.000     -5.850
     7     12     37     32    109.795     21.000     -5.850
     8     13     38     33    104.837     22.000     -5.850
     9     14     39     34     94.267     23.000     -5.850
    10     15     40     35     93.117     24.000     -5.850
    11     16     41     36     91.741     25.000     -5.850
    12     17     42     37     98.357     26.000     -5.850
    13     18     43     38    106.176     27.000     -5.850
    14     19     44     39    117.696     28.000     -5.850
    15     20     45     40    109.836     29.000     -5.850
    16     21     46     41    109.176     30.000     -5.850
    17     22     47     42    111.797     31.000     -5.850
    18     23     48     43    118.941     32.000     -5.850
     1      6     36     31     80.945     17.500     -6.825
     2      7     37     32     48.126     18.500     -6.825
     3      8     38     33     56.196     19.500     -6.825
     4      9     39     34     54.692     20.500     -6.825
     5     10     40     35     62.484     21.500     -6.825
     6     11     41     36     67.451     22.500     -6.825
     7     12     42     37     78.700     23.500     -6.825
     8     13     43     38     89.018     24.500     -6.825
     9     14     44     39    100.082     25.500     -6.825
    10     15     45     40     97.971     26.500     -6.825
    11     16     46     41    109.120     27.500     -6.825
    12     17     47     42    130.133     28.500     -6.825
    13     18     48     43    153.039     29.500     -6.825
     1      7     37     31     71.895     18.000     -7.020
     2      8     38     32     50.926     19.000     -7.020
     3      9     39     33     58.811     20.000     -7.020
     4     10     40     34     63.687     21.000     -7.020
     5     11     41     35     65.936     22.000     -7.020
     6     12     42     36     72.735     23.000     -7.020
     7     13     43     37     81.842     24.000     -7.020
     8     14     44     38     90.718     25.000     -7.020
     9     15     45     39     91.496     26.000     -7.020
    10     16     46     40     96.382     27.000     -7.020
    11     17     47     41    118.119     28.000     -7.020
    12     18     48     42    149.266     29.000     -7.020
     1      7     43     37     57.373     21.000     -8.190
     2      8     44     38     56.961     22.000     -8.190
     3      9     45     39     62.907     23.000     -8.190
     4     10     46     40     66.517     24.000     -8.190
     5     11     47     41     80.854     25.000     -8.190
     6     12     48     42    114.524     26.000     -8.190
     1     10     46     37     64.482     22.500     -8.775
     2     11     47     38     72.558     23.500     -8.775
     3     12     48     39     95.914     24.500     -8.775
