48# Number of electrodes
# x z
0.000     0.000
1.000     0.000
2.000     0.000
3.000     0.000
4.000     0.000
5.000     0.000
6.000     0.000
7.000     0.000
8.000     0.000
9.000     0.000
10.000     0.000
11.000     0.000
12.000     0.000
13.000     0.000
14.000     0.000
15.000     0.000
16.000     0.000
17.000     0.000
18.000     0.000
19.000     0.000
20.000     0.000
21.000     0.000
22.000     0.000
23.000     0.000
24.000     0.000
25.000     0.000
26.000     0.000
27.000     0.000
28.000     0.000
29.000     0.000
30.000     0.000
31.000     0.000
32.000     0.000
33.000     0.000
34.000     0.000
35.000     0.000
36.000     0.000
37.000     0.000
38.000     0.000
39.000     0.000
40.000     0.000
41.000     0.000
42.000     0.000
43.000     0.000
44.000     0.000
45.000     0.000
46.000     0.000
47.000     0.000
909# Number of data
# a   b   m   n      rhoa      x      z
     1      4      2      3   4335.617      1.500     -0.330
     2      5      3      4   1652.490      2.500     -0.330
     3      6      4      5  26500.059      3.500     -0.330
     4      7      5      6   1845.314      4.500     -0.330
     5      8      6      7  20985.641      5.500     -0.330
     6      9      7      8  19556.811      6.500     -0.330
     7     10      8      9 1146739.880      7.500     -0.330
     8     11      9     10          -      8.500     -0.330
     9     12     10     11 126840.742      9.500     -0.330
    10     13     11     12          -     10.500     -0.330
    11     14     12     13          -     11.500     -0.330
    12     15     13     14 -102020.891     12.500     -0.330
    13     16     14     15          -     13.500     -0.330
    14     17     15     16          -     14.500     -0.330
    15     18     16     17          -     15.500     -0.330
    16     19     17     18          -     16.500     -0.330
    17     20     18     19          -     17.500     -0.330
    18     21     19     20          -     18.500     -0.330
    19     22     20     21 507510.031     19.500     -0.330
    20     23     21     22 534578.875     20.500     -0.330
    21     24     22     23   4848.024     21.500     -0.330
    22     25     23     24   6449.150     22.500     -0.330
    23     26     24     25   7053.850     23.500     -0.330
    24     27     25     26   9368.921     24.500     -0.330
    25     28     26     27  14041.833     25.500     -0.330
    26     29     27     28 539638.063     26.500     -0.330
    27     30     28     29 -71556.055     27.500     -0.330
    28     31     29     30 414436.125     28.500     -0.330
    29     32     30     31  12211.435     29.500     -0.330
    30     33     31     32  39131.301     30.500     -0.330
    31     34     32     33  12610.643     31.500     -0.330
    32     35     33     34   7709.054     32.500     -0.330
    33     36     34     35   6191.107     33.500     -0.330
    34     37     35     36   5092.532     34.500     -0.330
    35     38     36     37   3580.862     35.500     -0.330
    36     39     37     38   2882.815     36.500     -0.330
    37     40     38     39   2063.489     37.500     -0.330
    38     41     39     40   2680.234     38.500     -0.330
    39     42     40     41   2712.708     39.500     -0.330
    40     43     41     42   4063.424     40.500     -0.330
    41     44     42     43   4315.215     41.500     -0.330
    42     45     43     44   6208.253     42.500     -0.330
    43     46     44     45   3119.526     43.500     -0.330
    44     47     45     46 1069923.130     44.500     -0.330
    45     48     46     47          -     45.500     -0.330
     1      7      3      5  15433.741      3.000     -0.660
     2      8      4      6   5967.722      4.000     -0.660
     3      9      5      7 -367425.594      5.000     -0.660
     4     10      6      8 -46907.887      6.000     -0.660
     5     11      7      9 1656918.630      7.000     -0.660
     6     12      8     10          -      8.000     -0.660
     7     13      9     11          -      9.000     -0.660
     8     14     10     12 1065002.380     10.000     -0.660
     9     15     11     13 887206.688     11.000     -0.660
    10     16     12     14 281678.469     12.000     -0.660
    11     17     13     15          -     13.000     -0.660
    12     18     14     16 758267.750     14.000     -0.660
    13     19     15     17          -     15.000     -0.660
    14     20     16     18          -     16.000     -0.660
    15     21     17     19 2107664.000     17.000     -0.660
    16     22     18     20          -     18.000     -0.660
    17     23     19     21          -     19.000     -0.660
    18     24     20     22          -     20.000     -0.660
    19     25     21     23 1487022.500     21.000     -0.660
    20     26     22     24  -4855.105     22.000     -0.660
    21     27     23     25  11960.659     23.000     -0.660
    22     28     24     26   2494.588     24.000     -0.660
    23     29     25     27   3931.704     25.000     -0.660
    24     30     26     28 249715.750     26.000     -0.660
    25     31     27     29  86710.703     27.000     -0.660
    26     32     28     30  20436.361     28.000     -0.660
    27     33     29     31  19540.143     29.000     -0.660
    28     34     30     32 106499.500     30.000     -0.660
    29     35     31     33  74888.234     31.000     -0.660
    30     36     32     34  13853.269     32.000     -0.660
    31     37     33     35   3181.855     33.000     -0.660
    32     38     34     36   3705.652     34.000     -0.660
    33     39     35     37   2963.434     35.000     -0.660
    34     40     36     38   2535.951     36.000     -0.660
    35     41     37     39   1795.628     37.000     -0.660
    36     42     38     40   1646.536     38.000     -0.660
    37     43     39     41   2099.276     39.000     -0.660
    38     44     40     42   2946.825     40.000     -0.660
    39     45     41     43   2032.964     41.000     -0.660
    40     46     42     44   3560.154     42.000     -0.660
    41     47     43     45 -21561.203     43.000     -0.660
    42     48     44     46 761764.313     44.000     -0.660
     1     10      4      7   6891.737      4.500     -0.990
     2     11      5      8 -130506.172      5.500     -0.990
     3     12      6      9          -      6.500     -0.990
     4     13      7     10          -      7.500     -0.990
     5     14      8     11 1618703.750      8.500     -0.990
     6     15      9     12          -      9.500     -0.990
     7     16     10     13          -     10.500     -0.990
     8     17     11     14 -1410710.630     11.500     -0.990
     9     18     12     15 -757500.875     12.500     -0.990
    10     19     13     16 222828.703     13.500     -0.990
    11     20     14     17 -1541770.000     14.500     -0.990
    12     21     15     18 2384683.500     15.500     -0.990
    13     22     16     19          -     16.500     -0.990
    14     23     17     20 2359788.750     17.500     -0.990
    15     24     18     21          -     18.500     -0.990
    16     25     19     22          -     19.500     -0.990
    17     26     20     23          -     20.500     -0.990
    18     27     21     24 2497563.000     21.500     -0.990
    19     28     22     25   8290.034     22.500     -0.990
    20     29     23     26   8871.017     23.500     -0.990
    21     30     24     27  12441.726     24.500     -0.990
    22     31     25     28 206875.641     25.500     -0.990
    23     32     26     29  41475.563     26.500     -0.990
    24     33     27     30   7623.784     27.500     -0.990
    25     34     28     31  22432.801     28.500     -0.990
    26     35     29     32  13259.535     29.500     -0.990
    27     36     30     33   1826.090     30.500     -0.990
    28     37     31     34 141751.984     31.500     -0.990
    29     38     32     35  18897.490     32.500     -0.990
    30     39     33     36   1505.175     33.500     -0.990
    31     40     34     37   4148.127     34.500     -0.990
    32     41     35     38   1985.290     35.500     -0.990
    33     42     36     39   1552.395     36.500     -0.990
    34     43     37     40   1335.998     37.500     -0.990
    35     44     38     41   1393.455     38.500     -0.990
    36     45     39     42   1505.895     39.500     -0.990
    37     46     40     43   1692.822     40.500     -0.990
    38     47     41     44  11223.572     41.500     -0.990
    39     48     42     45    777.299     42.500     -0.990
     1     13      5      9          -      6.000     -1.320
     2     14      6     10 3926067.750      7.000     -1.320
     3     15      7     11          -      8.000     -1.320
     4     16      8     12          -      9.000     -1.320
     5     17      9     13          -     10.000     -1.320
     6     18     10     14 -1328453.130     11.000     -1.320
     7     19     11     15 3621266.750     12.000     -1.320
     8     20     12     16 1699647.000     13.000     -1.320
     9     21     13     17 2354597.250     14.000     -1.320
    10     22     14     18 -2598063.500     15.000     -1.320
    11     23     15     19          -     16.000     -1.320
    12     24     16     20          -     17.000     -1.320
    13     25     17     21          -     18.000     -1.320
    14     26     18     22 4651120.500     19.000     -1.320
    15     27     19     23          -     20.000     -1.320
    16     28     20     24 4214708.000     21.000     -1.320
    17     29     21     25 3647705.750     22.000     -1.320
    18     30     22     26  23491.320     23.000     -1.320
    19     31     23     27  15321.296     24.000     -1.320
    20     32     24     28 -273377.219     25.000     -1.320
    21     33     25     29 -88193.008     26.000     -1.320
    22     34     26     30    874.454     27.000     -1.320
    23     35     27     31   2569.086     28.000     -1.320
    24     36     28     32  -2602.249     29.000     -1.320
    25     37     29     33  11840.759     30.000     -1.320
    26     38     30     34   6586.336     31.000     -1.320
    27     39     31     35   2811.675     32.000     -1.320
    28     40     32     36  12380.791     33.000     -1.320
    29     41     33     37  -8160.149     34.000     -1.320
    30     42     34     38    405.014     35.000     -1.320
    31     43     35     39   1583.865     36.000     -1.320
    32     44     36     40    839.026     37.000     -1.320
    33     45     37     41   1111.031     38.000     -1.320
    34     46     38     42   -888.116     39.000     -1.320
    35     47     39     43   -964.469     40.000     -1.320
    36     48     40     44   2630.695     41.000     -1.320
     1     16      6     11          -      7.500     -1.650
     2     17      7     12          -      8.500     -1.650
     3     18      8     13          -      9.500     -1.650
     4     19      9     14 2212612.500     10.500     -1.650
     5     20     10     15  59436.766     11.500     -1.650
     6     21     11     16 824247.375     12.500     -1.650
     7     22     12     17  57464.539     13.500     -1.650
     8     23     13     18 233261.172     14.500     -1.650
     9     24     14     19 359653.906     15.500     -1.650
    10     25     15     20 4420159.000     16.500     -1.650
    11     26     16     21          -     17.500     -1.650
    12     27     17     22          -     18.500     -1.650
    13     28     18     23          -     19.500     -1.650
    14     29     19     24 4501711.000     20.500     -1.650
    15     30     20     25 3398190.500     21.500     -1.650
    16     31     21     26 2836922.000     22.500     -1.650
    17     32     22     27  53933.262     23.500     -1.650
    18     33     23     28 -101313.531     24.500     -1.650
    19     34     24     29 -328116.094     25.500     -1.650
    20     35     25     30 -174518.250     26.500     -1.650
    21     36     26     31 -128331.055     27.500     -1.650
    22     37     27     32    355.704     28.500     -1.650
    23     38     28     33  -3650.333     29.500     -1.650
    24     39     29     34    233.747     30.500     -1.650
    25     40     30     35  11204.688     31.500     -1.650
    26     41     31     36   7187.659     32.500     -1.650
    27     42     32     37   1308.866     33.500     -1.650
    28     43     33     38  -3158.243     34.500     -1.650
    29     44     34     39   1681.946     35.500     -1.650
    30     45     35     40  -2030.474     36.500     -1.650
    31     46     36     41  -9472.562     37.500     -1.650
    32     47     37     42    476.485     38.500     -1.650
    33     48     38     43   5114.262     39.500     -1.650
     1     19      7     13          -      9.000     -1.980
     2     20      8     14 2925260.250     10.000     -1.980
     3     21      9     15 1691576.630     11.000     -1.980
     4     22     10     16  28584.930     12.000     -1.980
     5     23     11     17 936398.813     13.000     -1.980
     6     24     12     18 440118.281     14.000     -1.980
     7     25     13     19 177172.297     15.000     -1.980
     8     26     14     20  98310.125     16.000     -1.980
     9     27     15     21 5150318.000     17.000     -1.980
    10     28     16     22 8401889.000     18.000     -1.980
    11     29     17     23          -     19.000     -1.980
    12     30     18     24          -     20.000     -1.980
    13     31     19     25          -     21.000     -1.980
    14     32     20     26 3122497.250     22.000     -1.980
    15     33     21     27 2748765.750     23.000     -1.980
    16     34     22     28 -132133.500     24.000     -1.980
    17     35     23     29 -357007.594     25.000     -1.980
    18     36     24     30 -98392.039     26.000     -1.980
    19     37     25     31 -298311.938     27.000     -1.980
    20     38     26     32 -45755.676     28.000     -1.980
    21     39     27     33    751.004     29.000     -1.980
    22     40     28     34  -3334.622     30.000     -1.980
    23     41     29     35  -2208.750     31.000     -1.980
    24     42     30     36   1987.064     32.000     -1.980
    25     43     31     37  10012.722     33.000     -1.980
    26     44     32     38   1746.117     34.000     -1.980
    27     45     33     39    308.982     35.000     -1.980
    28     46     34     40    552.556     36.000     -1.980
    29     47     35     41  10300.039     37.000     -1.980
    30     48     36     42   2963.037     38.000     -1.980
     1     22      8     15  29583.938     10.500     -2.310
     2     23      9     16  49121.340     11.500     -2.310
     3     24     10     17 173013.281     12.500     -2.310
     4     25     11     18  45404.730     13.500     -2.310
     5     26     12     19 1515965.130     14.500     -2.310
     6     27     13     20 705365.125     15.500     -2.310
     7     28     14     21 -233999.281     16.500     -2.310
     8     29     15     22 -436621.313     17.500     -2.310
     9     30     16     23 6297854.500     18.500     -2.310
    10     31     17     24 8666900.000     19.500     -2.310
    11     32     18     25          -     20.500     -2.310
    12     33     19     26          -     21.500     -2.310
    13     34     20     27 8091178.500     22.500     -2.310
    14     35     21     28 1644292.630     23.500     -2.310
    15     36     22     29 -434797.938     24.500     -2.310
    16     37     23     30 -131556.313     25.500     -2.310
    17     38     24     31 -289223.063     26.500     -2.310
    18     39     25     32 -76785.352     27.500     -2.310
    19     40     26     33   3375.729     28.500     -2.310
    20     41     27     34   2684.196     29.500     -2.310
    21     42     28     35 384339.594     30.500     -2.310
    22     43     29     36  -8137.011     31.500     -2.310
    23     44     30     37    221.284     32.500     -2.310
    24     45     31     38   -294.316     33.500     -2.310
    25     46     32     39  14695.894     34.500     -2.310
    26     47     33     40   1991.826     35.500     -2.310
    27     48     34     41   4847.333     36.500     -2.310
     1     25      9     17   4532.192     12.000     -2.640
     2     26     10     18  69985.836     13.000     -2.640
     3     27     11     19 158706.938     14.000     -2.640
     4     28     12     20 -529625.438     15.000     -2.640
     5     29     13     21 849100.375     16.000     -2.640
     6     30     14     22 386647.563     17.000     -2.640
     7     31     15     23 278362.563     18.000     -2.640
     8     32     16     24 613941.125     19.000     -2.640
     9     33     17     25 5788719.500     20.000     -2.640
    10     34     18     26          -     21.000     -2.640
    11     35     19     27 9249474.000     22.000     -2.640
    12     36     20     28 6310406.000     23.000     -2.640
    13     37     21     29 4652181.000     24.000     -2.640
    14     38     22     30 -92835.227     25.000     -2.640
    15     39     23     31 -400063.875     26.000     -2.640
    16     40     24     32 -56783.965     27.000     -2.640
    17     41     25     33  10802.103     28.000     -2.640
    18     42     26     34   6136.411     29.000     -2.640
    19     43     27     35   3957.603     30.000     -2.640
    20     44     28     36 687569.438     31.000     -2.640
    21     45     29     37 239615.313     32.000     -2.640
    22     46     30     38 -61004.508     33.000     -2.640
    23     47     31     39 -554599.500     34.000     -2.640
    24     48     32     40   7576.919     35.000     -2.640
     1     28     10     19 245021.813     13.500     -2.970
     2     29     11     20 -149925.406     14.500     -2.970
     3     30     12     21 173236.063     15.500     -2.970
     4     31     13     22 126520.289     16.500     -2.970
     5     32     14     23 1339614.750     17.500     -2.970
     6     33     15     24 1406960.250     18.500     -2.970
     7     34     16     25 425888.500     19.500     -2.970
     8     35     17     26 549426.625     20.500     -2.970
     9     36     18     27 8598987.000     21.500     -2.970
    10     37     19     28 10697109.000     22.500     -2.970
    11     38     20     29 5417078.500     23.500     -2.970
    12     39     21     30 3618272.750     24.500     -2.970
    13     40     22     31 -465582.688     25.500     -2.970
    14     41     23     32 -27418.301     26.500     -2.970
    15     42     24     33  54355.090     27.500     -2.970
    16     43     25     34  15404.987     28.500     -2.970
    17     44     26     35   6884.687     29.500     -2.970
    18     45     27     36   3011.839     30.500     -2.970
    19     46     28     37  79351.914     31.500     -2.970
    20     47     29     38 -165371.484     32.500     -2.970
    21     48     30     39  53535.586     33.500     -2.970
     1     31     11     21  94229.055     15.000     -3.300
     2     32     12     22 174132.453     16.000     -3.300
     3     33     13     23 334325.531     17.000     -3.300
     4     34     14     24  84071.594     18.000     -3.300
     5     35     15     25 2534853.000     19.000     -3.300
     6     36     16     26 1038349.130     20.000     -3.300
     7     37     17     27 275387.688     21.000     -3.300
     8     38     18     28 567771.563     22.000     -3.300
     9     39     19     29 5244023.000     23.000     -3.300
    10     40     20     30 8798075.000     24.000     -3.300
    11     41     21     31 4123989.250     25.000     -3.300
    12     42     22     32 -106709.969     26.000     -3.300
    13     43     23     33  24684.059     27.000     -3.300
    14     44     24     34  32190.076     28.000     -3.300
    15     45     25     35  16538.223     29.000     -3.300
    16     46     26     36  10440.832     30.000     -3.300
    17     47     27     37  26450.322     31.000     -3.300
    18     48     28     38 348721.781     32.000     -3.300
     1     34     12     23 111886.258     16.500     -3.630
     2     35     13     24 145186.359     17.500     -3.630
     3     36     14     25 202212.422     18.500     -3.630
     4     37     15     26 156934.047     19.500     -3.630
     5     38     16     27 2671687.000     20.500     -3.630
     6     39     17     28 1586228.000     21.500     -3.630
     7     40     18     29 480748.625     22.500     -3.630
     8     41     19     30 535711.813     23.500     -3.630
     9     42     20     31 3971373.250     24.500     -3.630
    10     43     21     32 4956289.500     25.500     -3.630
    11     44     22     33  17419.615     26.500     -3.630
    12     45     23     34  45092.309     27.500     -3.630
    13     46     24     35  54752.934     28.500     -3.630
    14     47     25     36  30081.836     29.500     -3.630
    15     48     26     37     42.368     30.500     -3.630
     1     37     13     25  99947.141     18.000     -3.960
     2     38     14     26  78069.211     19.000     -3.960
     3     39     15     27 273238.813     20.000     -3.960
     4     40     16     28 196869.516     21.000     -3.960
     5     41     17     29 2746049.750     22.000     -3.960
     6     42     18     30 1228920.130     23.000     -3.960
     7     43     19     31 189443.328     24.000     -3.960
     8     44     20     32 297377.688     25.000     -3.960
     9     45     21     33 2079311.000     26.000     -3.960
    10     46     22     34  32815.570     27.000     -3.960
    11     47     23     35  28382.152     28.000     -3.960
    12     48     24     36  40003.664     29.000     -3.960
     1     40     14     27  48563.828     19.500     -4.290
     2     41     15     28 164188.891     20.500     -4.290
     3     42     16     29 409844.156     21.500     -4.290
     4     43     17     30 146756.672     22.500     -4.290
     5     44     18     31 2869861.250     23.500     -4.290
     6     45     19     32 1315837.630     24.500     -4.290
     7     46     20     33 -253446.203     25.500     -4.290
     8     47     21     34 -393731.344     26.500     -4.290
     9     48     22     35  10152.999     27.500     -4.290
     1     43     15     29  97507.258     21.000     -4.620
     2     44     16     30 201260.438     22.000     -4.620
     3     45     17     31 298591.156     23.000     -4.620
     4     46     18     32 -392926.156     24.000     -4.620
     5     47     19     33 -140248.734     25.000     -4.620
     6     48     20     34 332543.906     26.000     -4.620
     1     46     16     31 -141113.047     22.500     -4.950
     2     47     17     32 -109453.703     23.500     -4.950
     3     48     18     33 -35028.316     24.500     -4.950
     1      2      4      3   4595.999      1.500     -0.585
     2      3      5      4 -10271.310      2.500     -0.585
     3      4      6      5 -11677.075      3.500     -0.585
     4      5      7      6  16206.967      4.500     -0.585
     5      6      8      7  17248.078      5.500     -0.585
     6      7      9      8 215175.391      6.500     -0.585
     7      8     10      9 -124536.945      7.500     -0.585
     8      9     11     10 100521.031      8.500     -0.585
     9     10     12     11 1775622.630      9.500     -0.585
    10     11     13     12 -4581579.500     10.500     -0.585
    11     12     14     13          -     11.500     -0.585
    12     13     15     14 290026.594     12.500     -0.585
    13     14     16     15 -645596.313     13.500     -0.585
    14     15     17     16 -196562.781     14.500     -0.585
    15     16     18     17          -     15.500     -0.585
    16     17     19     18          -     16.500     -0.585
    17     18     20     19          -     17.500     -0.585
    18     19     21     20 -3380728.250     18.500     -0.585
    19     20     22     21 -616188.188     19.500     -0.585
    20     21     23     22   6028.691     20.500     -0.585
    21     22     24     23   9833.154     21.500     -0.585
    22     23     25     24   5433.413     22.500     -0.585
    23     24     26     25   8220.368     23.500     -0.585
    24     25     27     26  10460.860     24.500     -0.585
    25     26     28     27  12289.148     25.500     -0.585
    26     27     29     28  19152.955     26.500     -0.585
    27     28     30     29 1225286.380     27.500     -0.585
    28     29     31     30 -64710.621     28.500     -0.585
    29     30     32     31 -30962.998     29.500     -0.585
    30     31     33     32   1633.936     30.500     -0.585
    31     32     34     33  12757.851     31.500     -0.585
    32     33     35     34   9294.929     32.500     -0.585
    33     34     36     35   8223.109     33.500     -0.585
    34     35     37     36   4676.518     34.500     -0.585
    35     36     38     37   3735.121     35.500     -0.585
    36     37     39     38   3213.433     36.500     -0.585
    37     38     40     39   2646.642     37.500     -0.585
    38     39     41     40   1427.338     38.500     -0.585
    39     40     42     41   3552.759     39.500     -0.585
    40     41     43     42   4177.761     40.500     -0.585
    41     42     44     43   5360.309     41.500     -0.585
    42     43     45     44   6468.564     42.500     -0.585
    43     44     46     45   3486.540     43.500     -0.585
    44     45     47     46 -62599.922     44.500     -0.585
    45     46     48     47 1539305.880     45.500     -0.585
     1      2      5      4 -28253.711      2.000     -0.780
     2      3      6      5  70393.695      3.000     -0.780
     3      4      7      6  -6484.165      4.000     -0.780
     4      5      8      7  -2111.030      5.000     -0.780
     5      6      9      8 1904068.500      6.000     -0.780
     6      7     10      9 316782.094      7.000     -0.780
     7      8     11     10 266450.219      8.000     -0.780
     8      9     12     11 -1029893.130      9.000     -0.780
     9     10     13     12 3784896.250     10.000     -0.780
    10     11     14     13          -     11.000     -0.780
    11     12     15     14 10002037.000     12.000     -0.780
    12     13     16     15 8800994.000     13.000     -0.780
    13     14     17     16 -3836481.750     14.000     -0.780
    14     15     18     17 14729800.000     15.000     -0.780
    15     16     19     18          -     16.000     -0.780
    16     17     20     19          -     17.000     -0.780
    17     18     21     20          -     18.000     -0.780
    18     19     22     21 -1013196.250     19.000     -0.780
    19     20     23     22  -8765.045     20.000     -0.780
    20     21     24     23  25323.252     21.000     -0.780
    21     22     25     24 -36926.137     22.000     -0.780
    22     23     26     25   5529.164     23.000     -0.780
    23     24     27     26   6975.799     24.000     -0.780
    24     25     28     27 -69088.656     25.000     -0.780
    25     26     29     28  48323.746     26.000     -0.780
    26     27     30     29  48643.117     27.000     -0.780
    27     28     31     30 469368.875     28.000     -0.780
    28     29     32     31 -510101.844     29.000     -0.780
    29     30     33     32 -112163.023     30.000     -0.780
    30     31     34     33  -5241.987     31.000     -0.780
    31     32     35     34   1834.138     32.000     -0.780
    32     33     36     35   5761.783     33.000     -0.780
    33     34     37     36   5689.371     34.000     -0.780
    34     35     38     37   3121.314     35.000     -0.780
    35     36     39     38   2252.213     36.000     -0.780
    36     37     40     39   2218.925     37.000     -0.780
    37     38     41     40   2293.569     38.000     -0.780
    38     39     42     41   1606.598     39.000     -0.780
    39     40     43     42   2608.091     40.000     -0.780
    40     41     44     43   4013.313     41.000     -0.780
    41     42     45     44   7533.444     42.000     -0.780
    42     43     46     45 -84563.227     43.000     -0.780
    43     44     47     46 -126386.867     44.000     -0.780
    44     45     48     47 210206.750     45.000     -0.780
     1      2      6      5  66016.547      2.500     -0.975
     2      3      7      6  21452.576      3.500     -0.975
     3      4      8      7  12053.099      4.500     -0.975
     4      5      9      8 -7031238.000      5.500     -0.975
     5      6     10      9 2165952.500      6.500     -0.975
     6      7     11     10 -550622.813      7.500     -0.975
     7      8     12     11 -80701.758      8.500     -0.975
     8      9     13     12 -2076324.880      9.500     -0.975
     9     10     14     13 8336497.000     10.500     -0.975
    10     11     15     14 -39288736.000     11.500     -0.975
    11     12     16     15 -24891974.000     12.500     -0.975
    12     13     17     16 -9983208.000     13.500     -0.975
    13     14     18     17 -6326873.000     14.500     -0.975
    14     15     19     18 -13978049.000     15.500     -0.975
    15     16     20     19 -33120032.000     16.500     -0.975
    16     17     21     20 -26812826.000     17.500     -0.975
    17     18     22     21 3878990.000     18.500     -0.975
    18     19     23     22 208289.391     19.500     -0.975
    19     20     24     23 -45275.109     20.500     -0.975
    20     21     25     24 -110705.469     21.500     -0.975
    21     22     26     25  -9376.708     22.500     -0.975
    22     23     27     26   4790.424     23.500     -0.975
    23     24     28     27  -4301.128     24.500     -0.975
    24     25     29     28 -15737.374     25.500     -0.975
    25     26     30     29  81200.922     26.500     -0.975
    26     27     31     30  15258.652     27.500     -0.975
    27     28     32     31 861626.875     28.500     -0.975
    28     29     33     32 -176294.734     29.500     -0.975
    29     30     34     33  64535.203     30.500     -0.975
    30     31     35     34  16057.365     31.500     -0.975
    31     32     36     35   -177.940     32.500     -0.975
    32     33     37     36   2353.932     33.500     -0.975
    33     34     38     37   2807.810     34.500     -0.975
    34     35     39     38   1516.371     35.500     -0.975
    35     36     40     39   1876.077     36.500     -0.975
    36     37     41     40   1580.761     37.500     -0.975
    37     38     42     41   2407.992     38.500     -0.975
    38     39     43     42   1423.490     39.500     -0.975
    39     40     44     43   1516.254     40.500     -0.975
    40     41     45     44   1526.146     41.500     -0.975
    41     42     46     45 -27136.219     42.500     -0.975
    42     43     47     46  -7954.565     43.500     -0.975
    43     44     48     47 314841.750     44.500     -0.975
     1      2      7      6  28724.461      3.000     -1.170
     2      3      8      7 -11244.967      4.000     -1.170
     3      4      9      8 790617.625      5.000     -1.170
     4      5     10      9 -6042285.000      6.000     -1.170
     5      6     11     10 1691790.130      7.000     -1.170
     6      7     12     11 3073520.000      8.000     -1.170
     7      8     13     12 -323178.781      9.000     -1.170
     8      9     14     13 22433710.000     10.000     -1.170
     9     10     15     14 9301800.000     11.000     -1.170
    10     11     16     15 56459412.000     12.000     -1.170
    11     12     17     16 33161784.000     13.000     -1.170
    12     13     18     17 46251080.000     14.000     -1.170
    13     14     19     18 6010648.500     15.000     -1.170
    14     15     20     19 38253956.000     16.000     -1.170
    15     16     21     20 11146301.000     17.000     -1.170
    16     17     22     21 3390006.500     18.000     -1.170
    17     18     23     22 370876.344     19.000     -1.170
    18     19     24     23  36149.680     20.000     -1.170
    19     20     25     24 -155666.813     21.000     -1.170
    20     21     26     25  -4627.943     22.000     -1.170
    21     22     27     26 -11275.053     23.000     -1.170
    22     23     28     27   2349.182     24.000     -1.170
    23     24     29     28   1911.986     25.000     -1.170
    24     25     30     29   4417.959     26.000     -1.170
    25     26     31     30  83336.188     27.000     -1.170
    26     27     32     31 -52230.801     28.000     -1.170
    27     28     33     32 -222925.813     29.000     -1.170
    28     29     34     33 -88914.875     30.000     -1.170
    29     30     35     34 -41660.539     31.000     -1.170
    30     31     36     35  47164.613     32.000     -1.170
    31     32     37     36   8703.972     33.000     -1.170
    32     33     38     37   3286.496     34.000     -1.170
    33     34     39     38   4166.619     35.000     -1.170
    34     35     40     39    984.437     36.000     -1.170
    35     36     41     40   1462.160     37.000     -1.170
    36     37     42     41   1923.786     38.000     -1.170
    37     38     43     42   1833.496     39.000     -1.170
    38     39     44     43   1382.709     40.000     -1.170
    39     40     45     44   5365.044     41.000     -1.170
    40     41     46     45 113233.102     42.000     -1.170
    41     42     47     46 212733.016     43.000     -1.170
    42     43     48     47 212703.031     44.000     -1.170
     1      2      8      7  -1632.474      3.500     -1.365
     2      3      9      8 -1798317.500      4.500     -1.365
     3      4     10      9 1381798.130      5.500     -1.365
     4      5     11     10 -2513876.750      6.500     -1.365
     5      6     12     11 -8742186.000      7.500     -1.365
     6      7     13     12 -1979820.380      8.500     -1.365
     7      8     14     13 3107802.750      9.500     -1.365
     8      9     15     14 -46408620.000     10.500     -1.365
     9     10     16     15 13430789.000     11.500     -1.365
    10     11     17     16 -5179067.500     12.500     -1.365
    11     12     18     17 -84943928.000     13.500     -1.365
    12     13     19     18 -26261620.000     14.500     -1.365
    13     14     20     19 -52066068.000     15.500     -1.365
    14     15     21     20 -6776297.500     16.500     -1.365
    15     16     22     21 16818420.000     17.500     -1.365
    16     17     23     22 -430400.906     18.500     -1.365
    17     18     24     23 1068110.130     19.500     -1.365
    18     19     25     24 -1414068.250     20.500     -1.365
    19     20     26     25   6531.371     21.500     -1.365
    20     21     27     26 -22902.023     22.500     -1.365
    21     22     28     27 836447.688     23.500     -1.365
    22     23     29     28 -13574.036     24.500     -1.365
    23     24     30     29  30595.648     25.500     -1.365
    24     25     31     30 -32904.586     26.500     -1.365
    25     26     32     31  27614.705     27.500     -1.365
    26     27     33     32 -19968.449     28.500     -1.365
    27     28     34     33 -89356.414     29.500     -1.365
    28     29     35     34  51233.004     30.500     -1.365
    29     30     36     35  31673.855     31.500     -1.365
    30     31     37     36 -33576.527     32.500     -1.365
    31     32     38     37 -11171.944     33.500     -1.365
    32     33     39     38    290.217     34.500     -1.365
    33     34     40     39   2288.553     35.500     -1.365
    34     35     41     40    617.445     36.500     -1.365
    35     36     42     41    880.878     37.500     -1.365
    36     37     43     42    851.057     38.500     -1.365
    37     38     44     43   2536.085     39.500     -1.365
    38     39     45     44   3951.948     40.500     -1.365
    39     40     46     45 -133404.578     41.500     -1.365
    40     41     47     46 -399080.125     42.500     -1.365
    41     42     48     47 -299423.000     43.500     -1.365
     1      3      9      7 -547131.875      4.000     -1.560
     2      4     10      8  11119.280      5.000     -1.560
     3      5     11      9 -2827815.750      6.000     -1.560
     4      6     12     10 -782993.438      7.000     -1.560
     5      7     13     11 -3649104.250      8.000     -1.560
     6      8     14     12 -1097616.000      9.000     -1.560
     7      9     15     13 587962.688     10.000     -1.560
     8     10     16     14 -8685300.000     11.000     -1.560
     9     11     17     15 12774613.000     12.000     -1.560
    10     12     18     16 15095468.000     13.000     -1.560
    11     13     19     17 -8930440.000     14.000     -1.560
    12     14     20     18 -18822516.000     15.000     -1.560
    13     15     21     19 2557511.250     16.000     -1.560
    14     16     22     20 13418413.000     17.000     -1.560
    15     17     23     21 5418409.500     18.000     -1.560
    16     18     24     22 -24220.930     19.000     -1.560
    17     19     25     23 -209671.938     20.000     -1.560
    18     20     26     24 -257926.813     21.000     -1.560
    19     21     27     25 -18415.266     22.000     -1.560
    20     22     28     26 258383.594     23.000     -1.560
    21     23     29     27  90378.367     24.000     -1.560
    22     24     30     28  10670.871     25.000     -1.560
    23     25     31     29  27559.109     26.000     -1.560
    24     26     32     30  33455.070     27.000     -1.560
    25     27     33     31 -16404.049     28.000     -1.560
    26     28     34     32 -113359.445     29.000     -1.560
    27     29     35     33 -43279.797     30.000     -1.560
    28     30     36     34  11418.611     31.000     -1.560
    29     31     37     35  13226.208     32.000     -1.560
    30     32     38     36  -2323.774     33.000     -1.560
    31     33     39     37   1601.911     34.000     -1.560
    32     34     40     38   2716.282     35.000     -1.560
    33     35     41     39    786.570     36.000     -1.560
    34     36     42     40   1190.734     37.000     -1.560
    35     37     43     41   1120.388     38.000     -1.560
    36     38     44     42   1365.251     39.000     -1.560
    37     39     45     43   1489.797     40.000     -1.560
    38     40     46     44  11886.107     41.000     -1.560
    39     41     47     45 -50499.977     42.000     -1.560
    40     42     48     46 -63423.484     43.000     -1.560
     1      3     11      9 -198853.000      5.000     -1.950
     2      4     12     10 -85947.914      6.000     -1.950
     3      5     13     11 9211330.000      7.000     -1.950
     4      6     14     12 4546922.000      8.000     -1.950
     5      7     15     13 1891560.130      9.000     -1.950
     6      8     16     14 -611904.250     10.000     -1.950
     7      9     17     15 13552347.000     11.000     -1.950
     8     10     18     16 -7807629.500     12.000     -1.950
     9     11     19     17 37042164.000     13.000     -1.950
    10     12     20     18 52098036.000     14.000     -1.950
    11     13     21     19 50288976.000     15.000     -1.950
    12     14     22     20 -12332896.000     16.000     -1.950
    13     15     23     21 -8709923.000     17.000     -1.950
    14     16     24     22 455770.719     18.000     -1.950
    15     17     25     23 -354793.750     19.000     -1.950
    16     18     26     24 -118559.883     20.000     -1.950
    17     19     27     25  13454.807     21.000     -1.950
    18     20     28     26 659353.438     22.000     -1.950
    19     21     29     27 -235291.375     23.000     -1.950
    20     22     30     28  -5605.102     24.000     -1.950
    21     23     31     29 920616.813     25.000     -1.950
    22     24     32     30  16647.131     26.000     -1.950
    23     25     33     31   6356.369     27.000     -1.950
    24     26     34     32  -5315.874     28.000     -1.950
    25     27     35     33   -102.165     29.000     -1.950
    26     28     36     34  -1173.196     30.000     -1.950
    27     29     37     35 -21292.451     31.000     -1.950
    28     30     38     36 -31035.029     32.000     -1.950
    29     31     39     37 -19131.162     33.000     -1.950
    30     32     40     38   9640.412     34.000     -1.950
    31     33     41     39   2108.510     35.000     -1.950
    32     34     42     40   1125.318     36.000     -1.950
    33     35     43     41   1093.613     37.000     -1.950
    34     36     44     42    468.524     38.000     -1.950
    35     37     45     43  -1438.070     39.000     -1.950
    36     38     46     44 -13223.033     40.000     -1.950
    37     39     47     45  32718.852     41.000     -1.950
    38     40     48     46 117786.750     42.000     -1.950
     1      3     13     11 109812.539      6.000     -2.340
     2      4     14     12 -96283.609      7.000     -2.340
     3      5     15     13 -4505793.000      8.000     -2.340
     4      6     16     14 -1306882.880      9.000     -2.340
     5      7     17     15 -1085496.380     10.000     -2.340
     6      8     18     16 2136041.500     11.000     -2.340
     7      9     19     17 24406354.000     12.000     -2.340
     8     10     20     18 89304152.000     13.000     -2.340
     9     11     21     19 17142382.000     14.000     -2.340
    10     12     22     20 -27289620.000     15.000     -2.340
    11     13     23     21 17992716.000     16.000     -2.340
    12     14     24     22 -260893.734     17.000     -2.340
    13     15     25     23 -681765.875     18.000     -2.340
    14     16     26     24 -71465.453     19.000     -2.340
    15     17     27     25  36349.484     20.000     -2.340
    16     18     28     26 826997.938     21.000     -2.340
    17     19     29     27 -1086873.000     22.000     -2.340
    18     20     30     28 -766777.375     23.000     -2.340
    19     21     31     29 3025489.750     24.000     -2.340
    20     22     32     30 -343435.188     25.000     -2.340
    21     23     33     31 -2270672.750     26.000     -2.340
    22     24     34     32 -10700.441     27.000     -2.340
    23     25     35     33    833.829     28.000     -2.340
    24     26     36     34   1441.991     29.000     -2.340
    25     27     37     35    680.469     30.000     -2.340
    26     28     38     36  24395.098     31.000     -2.340
    27     29     39     37 -13339.454     32.000     -2.340
    28     30     40     38  36222.063     33.000     -2.340
    29     31     41     39   7981.657     34.000     -2.340
    30     32     42     40   -542.113     35.000     -2.340
    31     33     43     41 -10346.898     36.000     -2.340
    32     34     44     42   1402.859     37.000     -2.340
    33     35     45     43   3659.076     38.000     -2.340
    34     36     46     44 -346789.906     39.000     -2.340
    35     37     47     45 -302405.250     40.000     -2.340
    36     38     48     46 -53975.105     41.000     -2.340
     1      3     15     13 1777841.130      7.000     -2.730
     2      4     16     14 244235.172      8.000     -2.730
     3      5     17     15 4611240.500      9.000     -2.730
     4      6     18     16 -1162400.250     10.000     -2.730
     5      7     19     17 -20828346.000     11.000     -2.730
     6      8     20     18 -2707625.750     12.000     -2.730
     7      9     21     19 68193496.000     13.000     -2.730
     8     10     22     20 163102672.000     14.000     -2.730
     9     11     23     21 59182524.000     15.000     -2.730
    10     12     24     22 178293.266     16.000     -2.730
    11     13     25     23 -205949.328     17.000     -2.730
    12     14     26     24 -1135104.880     18.000     -2.730
    13     15     27     25 -36483.316     19.000     -2.730
    14     16     28     26 -84089.758     20.000     -2.730
    15     17     29     27 -1272382.500     21.000     -2.730
    16     18     30     28 -1834616.000     22.000     -2.730
    17     19     31     29 7232866.500     23.000     -2.730
    18     20     32     30 1763958.380     24.000     -2.730
    19     21     33     31 -4318516.000     25.000     -2.730
    20     22     34     32 -1618298.250     26.000     -2.730
    21     23     35     33 -20145.652     27.000     -2.730
    22     24     36     34     96.321     28.000     -2.730
    23     25     37     35    -84.446     29.000     -2.730
    24     26     38     36   -291.867     30.000     -2.730
    25     27     39     37  -1970.495     31.000     -2.730
    26     28     40     38 -198370.297     32.000     -2.730
    27     29     41     39 -45596.891     33.000     -2.730
    28     30     42     40 -91315.172     34.000     -2.730
    29     31     43     41  78567.781     35.000     -2.730
    30     32     44     42 -19120.424     36.000     -2.730
    31     33     45     43 -18769.447     37.000     -2.730
    32     34     46     44 718899.500     38.000     -2.730
    33     35     47     45 1141630.630     39.000     -2.730
    34     36     48     46 391760.250     40.000     -2.730
     1      4     16     13  70066.859      7.500     -2.925
     2      5     17     14 -7288674.000      8.500     -2.925
     3      6     18     15 6290641.000      9.500     -2.925
     4      7     19     16 2006211.130     10.500     -2.925
     5      8     20     17 -7832746.000     11.500     -2.925
     6      9     21     18 57291560.000     12.500     -2.925
     7     10     22     19 99963112.000     13.500     -2.925
     8     11     23     20 48170572.000     14.500     -2.925
     9     12     24     21 23729370.000     15.500     -2.925
    10     13     25     22 -237758.875     16.500     -2.925
    11     14     26     23 -415604.438     17.500     -2.925
    12     15     27     24 -489700.156     18.500     -2.925
    13     16     28     25 891116.563     19.500     -2.925
    14     17     29     26 -902047.375     20.500     -2.925
    15     18     30     27 -289427.406     21.500     -2.925
    16     19     31     28 1622285.130     22.500     -2.925
    17     20     32     29 1576509.000     23.500     -2.925
    18     21     33     30 -313109.969     24.500     -2.925
    19     22     34     31 -2772307.750     25.500     -2.925
    20     23     35     32 -693368.125     26.500     -2.925
    21     24     36     33  -7290.254     27.500     -2.925
    22     25     37     34     18.435     28.500     -2.925
    23     26     38     35    -77.981     29.500     -2.925
    24     27     39     36    754.077     30.500     -2.925
    25     28     40     37 -73101.602     31.500     -2.925
    26     29     41     38 -29569.865     32.500     -2.925
    27     30     42     39  18208.107     33.500     -2.925
    28     31     43     40 -50634.809     34.500     -2.925
    29     32     44     41 -17250.738     35.500     -2.925
    30     33     45     42  -9983.668     36.500     -2.925
    31     34     46     43 3649063.250     37.500     -2.925
    32     35     47     44 1290826.380     38.500     -2.925
    33     36     48     45 170340.359     39.500     -2.925
     1      4     19     16 1271640.000      9.000     -3.510
     2      5     20     17 22996696.000     10.000     -3.510
     3      6     21     18 7563334.000     11.000     -3.510
     4      7     22     19 1369758.880     12.000     -3.510
     5      8     23     20 -16337212.000     13.000     -3.510
     6      9     24     21 30843550.000     14.000     -3.510
     7     10     25     22  -8726.597     15.000     -3.510
     8     11     26     23   -532.689     16.000     -3.510
     9     12     27     24 139352.969     17.000     -3.510
    10     13     28     25 986673.125     18.000     -3.510
    11     14     29     26 -613974.188     19.000     -3.510
    12     15     30     27 -215179.109     20.000     -3.510
    13     16     31     28 3980157.750     21.000     -3.510
    14     17     32     29 2708954.500     22.000     -3.510
    15     18     33     30 724060.875     23.000     -3.510
    16     19     34     31 -4440656.500     24.000     -3.510
    17     20     35     32 -1535218.130     25.000     -3.510
    18     21     36     33  -2363.736     26.000     -3.510
    19     22     37     34 -12796.973     27.000     -3.510
    20     23     38     35   5679.752     28.000     -3.510
    21     24     39     36  14746.772     29.000     -3.510
    22     25     40     37   1573.750     30.000     -3.510
    23     26     41     38    519.796     31.000     -3.510
    24     27     42     39   -934.071     32.000     -3.510
    25     28     43     40 253963.625     33.000     -3.510
    26     29     44     41 102872.273     34.000     -3.510
    27     30     45     42   5097.300     35.000     -3.510
    28     31     46     43 7222426.000     36.000     -3.510
    29     32     47     44 11918433.000     37.000     -3.510
    30     33     48     45 9680851.000     38.000     -3.510
     1      4     22     19 461254.031     10.500     -4.095
     2      5     23     20 29301088.000     11.500     -4.095
     3      6     24     21 5834715.000     12.500     -4.095
     4      7     25     22 -21709.461     13.500     -4.095
     5      8     26     23 -203024.484     14.500     -4.095
     6      9     27     24 193922.141     15.500     -4.095
     7     10     28     25 -985857.938     16.500     -4.095
     8     11     29     26 -2838924.750     17.500     -4.095
     9     12     30     27 -1632385.630     18.500     -4.095
    10     13     31     28 5251612.000     19.500     -4.095
    11     14     32     29 3024043.250     20.500     -4.095
    12     15     33     30 450545.344     21.500     -4.095
    13     16     34     31 -8994856.000     22.500     -4.095
    14     17     35     32 -1087586.880     23.500     -4.095
    15     18     36     33  88490.078     24.500     -4.095
    16     19     37     34 -22818.211     25.500     -4.095
    17     20     38     35  -4754.041     26.500     -4.095
    18     21     39     36  18828.141     27.500     -4.095
    19     22     40     37 151709.734     28.500     -4.095
    20     23     41     38  13343.774     29.500     -4.095
    21     24     42     39    -19.792     30.500     -4.095
    22     25     43     40   -826.119     31.500     -4.095
    23     26     44     41   3364.048     32.500     -4.095
    24     27     45     42  12888.757     33.500     -4.095
    25     28     46     43 -15857208.000     34.500     -4.095
    26     29     47     44 -18436190.000     35.500     -4.095
    27     30     48     45 -12825356.000     36.500     -4.095
     1      5     25     21 18258238.000     12.000     -4.680
     2      6     26     22 -47662.688     13.000     -4.680
     3      7     27     23 -20146.709     14.000     -4.680
     4      8     28     24 -29247.426     15.000     -4.680
     5      9     29     25 -843166.375     16.000     -4.680
     6     10     30     26 -1767854.750     17.000     -4.680
     7     11     31     27 -1330332.380     18.000     -4.680
     8     12     32     28 1536204.380     19.000     -4.680
     9     13     33     29 2558485.250     20.000     -4.680
    10     14     34     30 -348121.156     21.000     -4.680
    11     15     35     31 -2865742.000     22.000     -4.680
    12     16     36     32 -2164336.250     23.000     -4.680
    13     17     37     33 -34743.504     24.000     -4.680
    14     18     38     34 -12938.336     25.000     -4.680
    15     19     39     35  24036.953     26.000     -4.680
    16     20     40     36 100897.906     27.000     -4.680
    17     21     41     37   3085.296     28.000     -4.680
    18     22     42     38  38875.324     29.000     -4.680
    19     23     43     39  51807.637     30.000     -4.680
    20     24     44     40  16801.742     31.000     -4.680
    21     25     45     41 144835.484     32.000     -4.680
    22     26     46     42 -478969.250     33.000     -4.680
    23     27     47     43 -648824.438     34.000     -4.680
    24     28     48     44 -7204774.500     35.000     -4.680
     1      5     29     25 -1990245.000     14.000     -5.460
     2      6     30     26 -221898.547     15.000     -5.460
     3      7     31     27 137395.781     16.000     -5.460
     4      8     32     28  76821.594     17.000     -5.460
     5      9     33     29 1923047.000     18.000     -5.460
     6     10     34     30 3290626.500     19.000     -5.460
     7     11     35     31 2479807.250     20.000     -5.460
     8     12     36     32 194315.563     21.000     -5.460
     9     13     37     33  88161.641     22.000     -5.460
    10     14     38     34 -24882.549     23.000     -5.460
    11     15     39     35  30664.459     24.000     -5.460
    12     16     40     36 114392.680     25.000     -5.460
    13     17     41     37  18815.627     26.000     -5.460
    14     18     42     38  47078.648     27.000     -5.460
    15     19     43     39  84657.125     28.000     -5.460
    16     20     44     40  15453.621     29.000     -5.460
    17     21     45     41 110133.438     30.000     -5.460
    18     22     46     42 13620958.000     31.000     -5.460
    19     23     47     43 19487196.000     32.000     -5.460
    20     24     48     44 23545396.000     33.000     -5.460
     1      6     31     26 -90288.305     15.000     -5.850
     2      7     32     27  16686.926     16.000     -5.850
     3      8     33     28   9077.745     17.000     -5.850
     4      9     34     29 1608034.750     18.000     -5.850
     5     10     35     30 2003256.500     19.000     -5.850
     6     11     36     31 1284874.500     20.000     -5.850
     7     12     37     32 137435.703     21.000     -5.850
     8     13     38     33  84575.961     22.000     -5.850
     9     14     39     34   5534.223     23.000     -5.850
    10     15     40     35  77224.648     24.000     -5.850
    11     16     41     36  -8859.279     25.000     -5.850
    12     17     42     37  31919.797     26.000     -5.850
    13     18     43     38 123445.578     27.000     -5.850
    14     19     44     39  58075.406     28.000     -5.850
    15     20     45     40 -90817.031     29.000     -5.850
    16     21     46     41 3040900.750     30.000     -5.850
    17     22     47     42 15324599.000     31.000     -5.850
    18     23     48     43 26876170.000     32.000     -5.850
     1      6     36     31 172871.266     17.500     -6.825
     2      7     37     32 -28415.158     18.500     -6.825
     3      8     38     33   2923.290     19.500     -6.825
     4      9     39     34  -9302.277     20.500     -6.825
     5     10     40     35  26488.400     21.500     -6.825
     6     11     41     36 -26079.363     22.500     -6.825
     7     12     42     37   7623.249     23.500     -6.825
     8     13     43     38 -18802.473     24.500     -6.825
     9     14     44     39  78812.055     25.500     -6.825
    10     15     45     40 -254625.063     26.500     -6.825
    11     16     46     41 4516123.000     27.500     -6.825
    12     17     47     42 16168511.000     28.500     -6.825
    13     18     48     43 37192712.000     29.500     -6.825
     1      7     37     31  13701.073     18.000     -7.020
     2      8     38     32 -16789.084     19.000     -7.020
     3      9     39     33  35295.441     20.000     -7.020
     4     10     40     34  -1305.144     21.000     -7.020
     5     11     41     35 -13123.824     22.000     -7.020
     6     12     42     36  -7174.900     23.000     -7.020
     7     13     43     37 -18848.814     24.000     -7.020
     8     14     44     38   6190.952     25.000     -7.020
     9     15     45     39 -147569.500     26.000     -7.020
    10     16     46     40 1930932.500     27.000     -7.020
    11     17     47     41 6468817.000     28.000     -7.020
    12     18     48     42 21570074.000     29.000     -7.020
     1      7     43     37    365.361     21.000     -8.190
     2      8     44     38   2510.419     22.000     -8.190
     3      9     45     39 -181199.828     23.000     -8.190
     4     10     46     40 -6194231.000     24.000     -8.190
     5     11     47     41 374643.000     25.000     -8.190
     6     12     48     42 -2499204.750     26.000     -8.190
     1     10     46     37 -5298371.500     22.500     -8.775
     2     11     47     38 -3411838.750     23.500     -8.775
     3     12     48     39 -2300611.500     24.500     -8.775
