48# Number of electrodes
# x z
0.000     0.000
1.000     0.000
2.000     0.000
3.000     0.000
4.000     0.000
5.000     0.000
6.000     0.000
7.000     0.000
8.000     0.000
9.000     0.000
10.000     0.000
11.000     0.000
12.000     0.000
13.000     0.000
14.000     0.000
15.000     0.000
16.000     0.000
17.000     0.000
18.000     0.000
19.000     0.000
20.000     0.000
21.000     0.000
22.000     0.000
23.000     0.000
24.000     0.000
25.000     0.000
26.000     0.000
27.000     0.000
28.000     0.000
29.000     0.000
30.000     0.000
31.000     0.000
32.000     0.000
33.000     0.000
34.000     0.000
35.000     0.000
36.000     0.000
37.000     0.000
38.000     0.000
39.000     0.000
40.000     0.000
41.000     0.000
42.000     0.000
43.000     0.000
44.000     0.000
45.000     0.000
46.000     0.000
47.000     0.000
909# Number of data
# a   b   m   n      rhoa      x      z
     1      4      2      3   1173.818      1.500     -0.330
     2      5      3      4   1336.246      2.500     -0.330
     3      6      4      5   1577.360      3.500     -0.330
     4      7      5      6   1729.469      4.500     -0.330
     5      8      6      7   1377.251      5.500     -0.330
     6      9      7      8   2130.554      6.500     -0.330
     7     10      8      9   2481.192      7.500     -0.330
     8     11      9     10   3751.042      8.500     -0.330
     9     12     10     11   3458.778      9.500     -0.330
    10     13     11     12   4261.401     10.500     -0.330
    11     14     12     13   3779.771     11.500     -0.330
    12     15     13     14   3516.737     12.500     -0.330
    13     16     14     15   3877.874     13.500     -0.330
    14     17     15     16   4029.747     14.500     -0.330
    15     18     16     17   4078.604     15.500     -0.330
    16     19     17     18   3620.219     16.500     -0.330
    17     20     18     19   3422.949     17.500     -0.330
    18     21     19     20   3130.442     18.500     -0.330
    19     22     20     21   2195.819     19.500     -0.330
    20     23     21     22   2318.861     20.500     -0.330
    21     24     22     23   1440.650     21.500     -0.330
    22     25     23     24   1797.627     22.500     -0.330
    23     26     24     25   1790.129     23.500     -0.330
    24     27     25     26   1930.788     24.500     -0.330
    25     28     26     27   2460.452     25.500     -0.330
    26     29     27     28   2701.623     26.500     -0.330
    27     30     28     29   2247.689     27.500     -0.330
    28     31     29     30   2777.519     28.500     -0.330
    29     32     30     31   2358.218     29.500     -0.330
    30     33     31     32   2330.677     30.500     -0.330
    31     34     32     33   2365.024     31.500     -0.330
    32     35     33     34   1859.444     32.500     -0.330
    33     36     34     35   1518.483     33.500     -0.330
    34     37     35     36   1323.833     34.500     -0.330
    35     38     36     37   1101.439     35.500     -0.330
    36     39     37     38   1117.458     36.500     -0.330
    37     40     38     39    926.966     37.500     -0.330
    38     41     39     40   1220.483     38.500     -0.330
    39     42     40     41   1143.195     39.500     -0.330
    40     43     41     42   1314.667     40.500     -0.330
    41     44     42     43   1458.598     41.500     -0.330
    42     45     43     44   1781.377     42.500     -0.330
    43     46     44     45   1919.103     43.500     -0.330
    44     47     45     46   2711.716     44.500     -0.330
    45     48     46     47   3191.994     45.500     -0.330
     1      7      3      5    939.526      3.000     -0.660
     2      8      4      6   1171.448      4.000     -0.660
     3      9      5      7   1118.325      5.000     -0.660
     4     10      6      8   1277.029      6.000     -0.660
     5     11      7      9   1912.267      7.000     -0.660
     6     12      8     10   2421.145      8.000     -0.660
     7     13      9     11   2295.012      9.000     -0.660
     8     14     10     12   2572.424     10.000     -0.660
     9     15     11     13   3114.982     11.000     -0.660
    10     16     12     14   3070.822     12.000     -0.660
    11     17     13     15   2921.996     13.000     -0.660
    12     18     14     16   3356.592     14.000     -0.660
    13     19     15     17   3448.052     15.000     -0.660
    14     20     16     18   2917.934     16.000     -0.660
    15     21     17     19   2836.959     17.000     -0.660
    16     22     18     20   2827.984     18.000     -0.660
    17     23     19     21   2509.944     19.000     -0.660
    18     24     20     22   2080.702     20.000     -0.660
    19     25     21     23   1863.147     21.000     -0.660
    20     26     22     24   1731.087     22.000     -0.660
    21     27     23     25   1746.808     23.000     -0.660
    22     28     24     26   1672.893     24.000     -0.660
    23     29     25     27   1908.854     25.000     -0.660
    24     30     26     28   1947.534     26.000     -0.660
    25     31     27     29   1884.670     27.000     -0.660
    26     32     28     30   1747.784     28.000     -0.660
    27     33     29     31   1884.623     29.000     -0.660
    28     34     30     32   1764.311     30.000     -0.660
    29     35     31     33   1734.230     31.000     -0.660
    30     36     32     34   1502.719     32.000     -0.660
    31     37     33     35   1273.770     33.000     -0.660
    32     38     34     36   1000.626     34.000     -0.660
    33     39     35     37   1052.595     35.000     -0.660
    34     40     36     38    797.867     36.000     -0.660
    35     41     37     39    785.234     37.000     -0.660
    36     42     38     40    920.380     38.000     -0.660
    37     43     39     41   1047.903     39.000     -0.660
    38     44     40     42   1008.037     40.000     -0.660
    39     45     41     43   1009.670     41.000     -0.660
    40     46     42     44   1390.418     42.000     -0.660
    41     47     43     45   1636.457     43.000     -0.660
    42     48     44     46   1970.847     44.000     -0.660
     1     10      4      7    799.192      4.500     -0.990
     2     11      5      8    925.538      5.500     -0.990
     3     12      6      9   1116.829      6.500     -0.990
     4     13      7     10   1542.812      7.500     -0.990
     5     14      8     11   1904.377      8.500     -0.990
     6     15      9     12   2227.106      9.500     -0.990
     7     16     10     13   2068.909     10.500     -0.990
     8     17     11     14   1884.360     11.500     -0.990
     9     18     12     15   1994.070     12.500     -0.990
    10     19     13     16   2221.010     13.500     -0.990
    11     20     14     17   2299.031     14.500     -0.990
    12     21     15     18   2454.397     15.500     -0.990
    13     22     16     19   2318.304     16.500     -0.990
    14     23     17     20   2221.631     17.500     -0.990
    15     24     18     21   2083.948     18.500     -0.990
    16     25     19     22   1988.339     19.500     -0.990
    17     26     20     23   1668.824     20.500     -0.990
    18     27     21     24   1535.432     21.500     -0.990
    19     28     22     25   1376.314     22.500     -0.990
    20     29     23     26   1594.123     23.500     -0.990
    21     30     24     27   1535.700     24.500     -0.990
    22     31     25     28   1676.248     25.500     -0.990
    23     32     26     29   1472.842     26.500     -0.990
    24     33     27     30   1271.789     27.500     -0.990
    25     34     28     31   1137.167     28.500     -0.990
    26     35     29     32   1158.676     29.500     -0.990
    27     36     30     33   1169.212     30.500     -0.990
    28     37     31     34   1254.109     31.500     -0.990
    29     38     32     35   1114.546     32.500     -0.990
    30     39     33     36    928.091     33.500     -0.990
    31     40     34     37    850.054     34.500     -0.990
    32     41     35     38    763.404     35.500     -0.990
    33     42     36     39    731.054     36.500     -0.990
    34     43     37     40    765.858     37.500     -0.990
    35     44     38     41    800.898     38.500     -0.990
    36     45     39     42    799.916     39.500     -0.990
    37     46     40     43    856.609     40.500     -0.990
    38     47     41     44   1020.985     41.500     -0.990
    39     48     42     45   1120.302     42.500     -0.990
     1     13      5      9    741.622      6.000     -1.320
     2     14      6     10   1113.874      7.000     -1.320
     3     15      7     11   1386.767      8.000     -1.320
     4     16      8     12   1501.164      9.000     -1.320
     5     17      9     13   1504.593     10.000     -1.320
     6     18     10     14   1428.074     11.000     -1.320
     7     19     11     15   1303.563     12.000     -1.320
     8     20     12     16   1252.055     13.000     -1.320
     9     21     13     17   1320.879     14.000     -1.320
    10     22     14     18   1543.562     15.000     -1.320
    11     23     15     19   1824.230     16.000     -1.320
    12     24     16     20   1829.550     17.000     -1.320
    13     25     17     21   1686.270     18.000     -1.320
    14     26     18     22   1547.104     19.000     -1.320
    15     27     19     23   1327.546     20.000     -1.320
    16     28     20     24   1215.944     21.000     -1.320
    17     29     21     25   1167.879     22.000     -1.320
    18     30     22     26   1086.277     23.000     -1.320
    19     31     23     27   1298.507     24.000     -1.320
    20     32     24     28   1300.150     25.000     -1.320
    21     33     25     29   1154.560     26.000     -1.320
    22     34     26     30   1082.446     27.000     -1.320
    23     35     27     31    916.540     28.000     -1.320
    24     36     28     32    836.787     29.000     -1.320
    25     37     29     33    821.996     30.000     -1.320
    26     38     30     34   1090.630     31.000     -1.320
    27     39     31     35    869.188     32.000     -1.320
    28     40     32     36    828.953     33.000     -1.320
    29     41     33     37    687.553     34.000     -1.320
    30     42     34     38    637.172     35.000     -1.320
    31     43     35     39    596.684     36.000     -1.320
    32     44     36     40    618.689     37.000     -1.320
    33     45     37     41    636.471     38.000     -1.320
    34     46     38     42    924.982     39.000     -1.320
    35     47     39     43    722.460     40.000     -1.320
    36     48     40     44    790.266     41.000     -1.320
     1     16      6     11    898.112      7.500     -1.650
     2     17      7     12    972.047      8.500     -1.650
     3     18      8     13    993.192      9.500     -1.650
     4     19      9     14    934.089     10.500     -1.650
     5     20     10     15    924.046     11.500     -1.650
     6     21     11     16    967.405     12.500     -1.650
     7     22     12     17    876.461     13.500     -1.650
     8     23     13     18    920.466     14.500     -1.650
     9     24     14     19   1048.760     15.500     -1.650
    10     25     15     20   1296.640     16.500     -1.650
    11     26     16     21   1280.651     17.500     -1.650
    12     27     17     22   1187.899     18.500     -1.650
    13     28     18     23   1049.077     19.500     -1.650
    14     29     19     24    925.830     20.500     -1.650
    15     30     20     25    828.666     21.500     -1.650
    16     31     21     26    876.245     22.500     -1.650
    17     32     22     27    874.969     23.500     -1.650
    18     33     23     28    902.474     24.500     -1.650
    19     34     24     29    868.607     25.500     -1.650
    20     35     25     30    891.322     26.500     -1.650
    21     36     26     31    832.242     27.500     -1.650
    22     37     27     32    756.977     28.500     -1.650
    23     38     28     33    733.507     29.500     -1.650
    24     39     29     34    658.935     30.500     -1.650
    25     40     30     35    585.022     31.500     -1.650
    26     41     31     36    593.025     32.500     -1.650
    27     42     32     37    597.582     33.500     -1.650
    28     43     33     38    542.514     34.500     -1.650
    29     44     34     39    483.706     35.500     -1.650
    30     45     35     40    491.942     36.500     -1.650
    31     46     36     41    518.554     37.500     -1.650
    32     47     37     42    546.287     38.500     -1.650
    33     48     38     43    631.186     39.500     -1.650
     1     19      7     13    620.182      9.000     -1.980
     2     20      8     14    610.936     10.000     -1.980
     3     21      9     15    633.295     11.000     -1.980
     4     22     10     16    666.672     12.000     -1.980
     5     23     11     17    737.905     13.000     -1.980
     6     24     12     18    722.440     14.000     -1.980
     7     25     13     19    724.470     15.000     -1.980
     8     26     14     20    758.492     16.000     -1.980
     9     27     15     21    770.537     17.000     -1.980
    10     28     16     22    796.977     18.000     -1.980
    11     29     17     23    757.657     19.000     -1.980
    12     30     18     24    728.840     20.000     -1.980
    13     31     19     25    672.996     21.000     -1.980
    14     32     20     26    603.726     22.000     -1.980
    15     33     21     27    592.235     23.000     -1.980
    16     34     22     28    604.239     24.000     -1.980
    17     35     23     29    639.597     25.000     -1.980
    18     36     24     30    638.372     26.000     -1.980
    19     37     25     31    671.065     27.000     -1.980
    20     38     26     32    723.567     28.000     -1.980
    21     39     27     33    640.287     29.000     -1.980
    22     40     28     34    566.843     30.000     -1.980
    23     41     29     35    508.689     31.000     -1.980
    24     42     30     36    468.205     32.000     -1.980
    25     43     31     37    459.273     33.000     -1.980
    26     44     32     38    427.998     34.000     -1.980
    27     45     33     39    400.537     35.000     -1.980
    28     46     34     40    411.438     36.000     -1.980
    29     47     35     41    414.210     37.000     -1.980
    30     48     36     42    419.034     38.000     -1.980
     1     22      8     15    430.149     10.500     -2.310
     2     23      9     16    520.379     11.500     -2.310
     3     24     10     17    536.252     12.500     -2.310
     4     25     11     18    561.166     13.500     -2.310
     5     26     12     19    575.300     14.500     -2.310
     6     27     13     20    554.628     15.500     -2.310
     7     28     14     21    493.181     16.500     -2.310
     8     29     15     22    480.149     17.500     -2.310
     9     30     16     23    453.261     18.500     -2.310
    10     31     17     24    494.934     19.500     -2.310
    11     32     18     25    487.642     20.500     -2.310
    12     33     19     26    453.590     21.500     -2.310
    13     34     20     27    443.474     22.500     -2.310
    14     35     21     28    423.879     23.500     -2.310
    15     36     22     29    417.197     24.500     -2.310
    16     37     23     30    480.933     25.500     -2.310
    17     38     24     31    517.087     26.500     -2.310
    18     39     25     32    532.150     27.500     -2.310
    19     40     26     33    556.979     28.500     -2.310
    20     41     27     34    531.251     29.500     -2.310
    21     42     28     35    468.477     30.500     -2.310
    22     43     29     36    436.627     31.500     -2.310
    23     44     30     37    377.410     32.500     -2.310
    24     45     31     38    365.703     33.500     -2.310
    25     46     32     39    351.033     34.500     -2.310
    26     47     33     40    325.289     35.500     -2.310
    27     48     34     41    328.971     36.500     -2.310
     1     25      9     17    411.012     12.000     -2.640
     2     26     10     18    434.820     13.000     -2.640
     3     27     11     19    422.402     14.000     -2.640
     4     28     12     20    392.101     15.000     -2.640
     5     29     13     21    376.760     16.000     -2.640
     6     30     14     22    357.304     17.000     -2.640
     7     31     15     23    327.074     18.000     -2.640
     8     32     16     24    295.560     19.000     -2.640
     9     33     17     25    286.582     20.000     -2.640
    10     34     18     26    318.264     21.000     -2.640
    11     35     19     27    329.564     22.000     -2.640
    12     36     20     28    334.975     23.000     -2.640
    13     37     21     29    327.240     24.000     -2.640
    14     38     22     30    342.328     25.000     -2.640
    15     39     23     31    367.221     26.000     -2.640
    16     40     24     32    400.858     27.000     -2.640
    17     41     25     33    436.910     28.000     -2.640
    18     42     26     34    445.170     29.000     -2.640
    19     43     27     35    422.942     30.000     -2.640
    20     44     28     36    390.876     31.000     -2.640
    21     45     29     37    363.238     32.000     -2.640
    22     46     30     38    334.315     33.000     -2.640
    23     47     31     39    309.788     34.000     -2.640
    24     48     32     40    287.102     35.000     -2.640
     1     28     10     19    306.951     13.500     -2.970
     2     29     11     20    310.587     14.500     -2.970
     3     30     12     21    275.679     15.500     -2.970
     4     31     13     22    261.772     16.500     -2.970
     5     32     14     23    246.238     17.500     -2.970
     6     33     15     24    238.446     18.500     -2.970
     7     34     16     25    209.459     19.500     -2.970
     8     35     17     26    202.022     20.500     -2.970
     9     36     18     27    224.127     21.500     -2.970
    10     37     19     28    245.708     22.500     -2.970
    11     38     20     29    263.995     23.500     -2.970
    12     39     21     30    268.282     24.500     -2.970
    13     40     22     31    272.010     25.500     -2.970
    14     41     23     32    297.119     26.500     -2.970
    15     42     24     33    329.491     27.500     -2.970
    16     43     25     34    355.938     28.500     -2.970
    17     44     26     35    356.363     29.500     -2.970
    18     45     27     36    337.174     30.500     -2.970
    19     46     28     37    315.849     31.500     -2.970
    20     47     29     38    303.234     32.500     -2.970
    21     48     30     39    275.985     33.500     -2.970
     1     31     11     21    224.817     15.000     -3.300
     2     32     12     22    202.028     16.000     -3.300
     3     33     13     23    176.630     17.000     -3.300
     4     34     14     24    177.208     18.000     -3.300
     5     35     15     25    179.799     19.000     -3.300
     6     36     16     26    181.288     20.000     -3.300
     7     37     17     27    177.900     21.000     -3.300
     8     38     18     28    182.918     22.000     -3.300
     9     39     19     29    192.585     23.000     -3.300
    10     40     20     30    211.819     24.000     -3.300
    11     41     21     31    219.120     25.000     -3.300
    12     42     22     32    238.275     26.000     -3.300
    13     43     23     33    267.441     27.000     -3.300
    14     44     24     34    274.033     28.000     -3.300
    15     45     25     35    282.053     29.000     -3.300
    16     46     26     36    283.190     30.000     -3.300
    17     47     27     37    263.330     31.000     -3.300
    18     48     28     38    240.754     32.000     -3.300
     1     34     12     23    146.872     16.500     -3.630
     2     35     13     24    144.376     17.500     -3.630
     3     36     14     25    144.831     18.500     -3.630
     4     37     15     26    156.353     19.500     -3.630
     5     38     16     27    165.678     20.500     -3.630
     6     39     17     28    168.315     21.500     -3.630
     7     40     18     29    163.025     22.500     -3.630
     8     41     19     30    161.635     23.500     -3.630
     9     42     20     31    176.843     24.500     -3.630
    10     43     21     32    178.331     25.500     -3.630
    11     44     22     33    210.784     26.500     -3.630
    12     45     23     34    232.448     27.500     -3.630
    13     46     24     35    238.327     28.500     -3.630
    14     47     25     36    230.833     29.500     -3.630
    15     48     26     37    210.151     30.500     -3.630
     1     37     13     25    127.350     18.000     -3.960
     2     38     14     26    138.731     19.000     -3.960
     3     39     15     27    148.685     20.000     -3.960
     4     40     16     28    152.843     21.000     -3.960
     5     41     17     29    153.297     22.000     -3.960
     6     42     18     30    155.715     23.000     -3.960
     7     43     19     31    148.616     24.000     -3.960
     8     44     20     32    153.335     25.000     -3.960
     9     45     21     33    172.985     26.000     -3.960
    10     46     22     34    187.523     27.000     -3.960
    11     47     23     35    198.568     28.000     -3.960
    12     48     24     36    198.267     29.000     -3.960
     1     40     14     27    137.080     19.500     -4.290
     2     41     15     28    140.808     20.500     -4.290
     3     42     16     29    140.511     21.500     -4.290
     4     43     17     30    140.442     22.500     -4.290
     5     44     18     31    140.740     23.500     -4.290
     6     45     19     32    143.951     24.500     -4.290
     7     46     20     33    144.418     25.500     -4.290
     8     47     21     34    160.190     26.500     -4.290
     9     48     22     35    153.403     27.500     -4.290
     1     43     15     29    134.697     21.000     -4.620
     2     44     16     30    134.399     22.000     -4.620
     3     45     17     31    134.711     23.000     -4.620
     4     46     18     32    112.233     24.000     -4.620
     5     47     19     33    138.277     25.000     -4.620
     6     48     20     34    148.042     26.000     -4.620
     1     46     16     31    118.799     22.500     -4.950
     2     47     17     32    110.689     23.500     -4.950
     3     48     18     33    124.507     24.500     -4.950
     1      2      4      3   1616.591      1.500     -0.585
     2      3      5      4   1845.457      2.500     -0.585
     3      4      6      5   1610.156      3.500     -0.585
     4      5      7      6   1625.265      4.500     -0.585
     5      6      8      7   2258.049      5.500     -0.585
     6      7      9      8   1389.890      6.500     -0.585
     7      8     10      9   2507.766      7.500     -0.585
     8      9     11     10   3773.506      8.500     -0.585
     9     10     12     11   6044.323      9.500     -0.585
    10     11     13     12   4094.044     10.500     -0.585
    11     12     14     13   3583.029     11.500     -0.585
    12     13     15     14   3640.760     12.500     -0.585
    13     14     16     15   4009.321     13.500     -0.585
    14     15     17     16   4729.495     14.500     -0.585
    15     16     18     17   4176.788     15.500     -0.585
    16     17     19     18   4125.520     16.500     -0.585
    17     18     20     19   3718.109     17.500     -0.585
    18     19     21     20   2975.274     18.500     -0.585
    19     20     22     21   2908.407     19.500     -0.585
    20     21     23     22   1403.249     20.500     -0.585
    21     22     24     23   1923.298     21.500     -0.585
    22     23     25     24   1337.330     22.500     -0.585
    23     24     26     25   1607.645     23.500     -0.585
    24     25     27     26   2363.255     24.500     -0.585
    25     26     28     27   2469.550     25.500     -0.585
    26     27     29     28   2853.545     26.500     -0.585
    27     28     30     29   3567.842     27.500     -0.585
    28     29     31     30   1959.661     28.500     -0.585
    29     30     32     31   2596.200     29.500     -0.585
    30     31     33     32   3190.176     30.500     -0.585
    31     32     34     33   2414.176     31.500     -0.585
    32     33     35     34   2138.197     32.500     -0.585
    33     34     36     35   1685.852     33.500     -0.585
    34     35     37     36   1155.364     34.500     -0.585
    35     36     38     37   1223.737     35.500     -0.585
    36     37     39     38   1111.120     36.500     -0.585
    37     38     40     39   1279.892     37.500     -0.585
    38     39     41     40    879.032     38.500     -0.585
    39     40     42     41   1280.750     39.500     -0.585
    40     41     43     42   1469.249     40.500     -0.585
    41     42     44     43   1635.731     41.500     -0.585
    42     43     45     44   1672.085     42.500     -0.585
    43     44     46     45   2070.414     43.500     -0.585
    44     45     47     46   2305.838     44.500     -0.585
    45     46     48     47   3829.250     45.500     -0.585
     1      2      5      4   1166.402      2.000     -0.780
     2      3      6      5   1267.208      3.000     -0.780
     3      4      7      6   1168.128      4.000     -0.780
     4      5      8      7   1778.228      5.000     -0.780
     5      6      9      8   1834.187      6.000     -0.780
     6      7     10      9   1478.608      7.000     -0.780
     7      8     11     10   2219.332      8.000     -0.780
     8      9     12     11   3854.633      9.000     -0.780
     9     10     13     12   4804.316     10.000     -0.780
    10     11     14     13   3333.880     11.000     -0.780
    11     12     15     14   3586.828     12.000     -0.780
    12     13     16     15   4546.684     13.000     -0.780
    13     14     17     16   3838.209     14.000     -0.780
    14     15     18     17   4091.332     15.000     -0.780
    15     16     19     18   4706.383     16.000     -0.780
    16     17     20     19   3910.111     17.000     -0.780
    17     18     21     20   2955.701     18.000     -0.780
    18     19     22     21   2965.658     19.000     -0.780
    19     20     23     22   1972.834     20.000     -0.780
    20     21     24     23   1934.938     21.000     -0.780
    21     22     25     24   1682.177     22.000     -0.780
    22     23     26     25   1447.815     23.000     -0.780
    23     24     27     26   1917.135     24.000     -0.780
    24     25     28     27   1992.379     25.000     -0.780
    25     26     29     28   2086.620     26.000     -0.780
    26     27     30     29   3164.391     27.000     -0.780
    27     28     31     30   2545.075     28.000     -0.780
    28     29     32     31   2708.729     29.000     -0.780
    29     30     33     32   2507.256     30.000     -0.780
    30     31     34     33   2360.038     31.000     -0.780
    31     32     35     34   2047.172     32.000     -0.780
    32     33     36     35   1623.117     33.000     -0.780
    33     34     37     36   1291.594     34.000     -0.780
    34     35     38     37   1772.328     35.000     -0.780
    35     36     39     38    759.980     36.000     -0.780
    36     37     40     39   1140.199     37.000     -0.780
    37     38     41     40    990.829     38.000     -0.780
    38     39     42     41    825.311     39.000     -0.780
    39     40     43     42   1394.821     40.000     -0.780
    40     41     44     43   1562.290     41.000     -0.780
    41     42     45     44   1574.314     42.000     -0.780
    42     43     46     45   1539.206     43.000     -0.780
    43     44     47     46   2227.781     44.000     -0.780
    44     45     48     47   2625.769     45.000     -0.780
     1      2      6      5    928.995      2.500     -0.975
     2      3      7      6    869.998      3.500     -0.975
     3      4      8      7   1243.112      4.500     -0.975
     4      5      9      8   1679.950      5.500     -0.975
     5      6     10      9   1897.802      6.500     -0.975
     6      7     11     10   1465.336      7.500     -0.975
     7      8     12     11   2231.310      8.500     -0.975
     8      9     13     12   2963.200      9.500     -0.975
     9     10     14     13   3507.047     10.500     -0.975
    10     11     15     14   3427.349     11.500     -0.975
    11     12     16     15   4575.839     12.500     -0.975
    12     13     17     16   4333.383     13.500     -0.975
    13     14     18     17   3287.137     14.500     -0.975
    14     15     19     18   4083.334     15.500     -0.975
    15     16     20     19   4201.391     16.500     -0.975
    16     17     21     20   3042.988     17.500     -0.975
    17     18     22     21   2762.073     18.500     -0.975
    18     19     23     22   2013.462     19.500     -0.975
    19     20     24     23   2691.527     20.500     -0.975
    20     21     25     24   1731.459     21.500     -0.975
    21     22     26     25   1844.082     22.500     -0.975
    22     23     27     26   1656.866     23.500     -0.975
    23     24     28     27   1873.897     24.500     -0.975
    24     25     29     28   1569.002     25.500     -0.975
    25     26     30     29   2217.919     26.500     -0.975
    26     27     31     30   2221.041     27.500     -0.975
    27     28     32     31   2946.584     28.500     -0.975
    28     29     33     32   2412.799     29.500     -0.975
    29     30     34     33   1866.301     30.500     -0.975
    30     31     35     34   1823.055     31.500     -0.975
    31     32     36     35   1469.696     32.500     -0.975
    32     33     37     36   1257.020     33.500     -0.975
    33     34     38     37  -1128.981     34.500     -0.975
    34     35     39     38  -1386.885     35.500     -0.975
    35     36     40     39    944.746     36.500     -0.975
    36     37     41     40    867.943     37.500     -0.975
    37     38     42     41    808.343     38.500     -0.975
    38     39     43     42    846.682     39.500     -0.975
    39     40     44     43   1330.279     40.500     -0.975
    40     41     45     44   1340.454     41.500     -0.975
    41     42     46     45   1222.992     42.500     -0.975
    42     43     47     46   1518.254     43.500     -0.975
    43     44     48     47   2338.477     44.500     -0.975
     1      2      7      6    748.336      3.000     -1.170
     2      3      8      7    923.612      4.000     -1.170
     3      4      9      8   1207.563      5.000     -1.170
     4      5     10      9   1711.359      6.000     -1.170
     5      6     11     10   1804.377      7.000     -1.170
     6      7     12     11   1492.227      8.000     -1.170
     7      8     13     12   1706.351      9.000     -1.170
     8      9     14     13   2109.710     10.000     -1.170
     9     10     15     14   3520.796     11.000     -1.170
    10     11     16     15   4184.956     12.000     -1.170
    11     12     17     16   4343.055     13.000     -1.170
    12     13     18     17   3581.258     14.000     -1.170
    13     14     19     18   3231.628     15.000     -1.170
    14     15     20     19   3401.753     16.000     -1.170
    15     16     21     20   3076.711     17.000     -1.170
    16     17     22     21   2733.781     18.000     -1.170
    17     18     23     22   1820.128     19.000     -1.170
    18     19     24     23   2552.912     20.000     -1.170
    19     20     25     24   2206.616     21.000     -1.170
    20     21     26     25   1810.014     22.000     -1.170
    21     22     27     26   2004.775     23.000     -1.170
    22     23     28     27   1528.254     24.000     -1.170
    23     24     29     28   1464.047     25.000     -1.170
    24     25     30     29   1591.540     26.000     -1.170
    25     26     31     30   1638.581     27.000     -1.170
    26     27     32     31   2443.947     28.000     -1.170
    27     28     33     32   2465.545     29.000     -1.170
    28     29     34     33   1611.781     30.000     -1.170
    29     30     35     34   1459.691     31.000     -1.170
    30     31     36     35   1305.543     32.000     -1.170
    31     32     37     36   1184.280     33.000     -1.170
    32     33     38     37    415.399     34.000     -1.170
    33     34     39     38   4638.175     35.000     -1.170
    34     35     40     39    767.948     36.000     -1.170
    35     36     41     40    757.439     37.000     -1.170
    36     37     42     41    695.525     38.000     -1.170
    37     38     43     42    783.587     39.000     -1.170
    38     39     44     43    785.576     40.000     -1.170
    39     40     45     44   1074.505     41.000     -1.170
    40     41     46     45    983.659     42.000     -1.170
    41     42     47     46   1145.036     43.000     -1.170
    42     43     48     47   1579.514     44.000     -1.170
     1      2      8      7    833.486      3.500     -1.365
     2      3      9      8    933.208      4.500     -1.365
     3      4     10      9   1275.363      5.500     -1.365
     4      5     11     10   1633.235      6.500     -1.365
     5      6     12     11   1814.147      7.500     -1.365
     6      7     13     12   1170.501      8.500     -1.365
     7      8     14     13   1214.818      9.500     -1.365
     8      9     15     14   2029.337     10.500     -1.365
     9     10     16     15   4063.859     11.500     -1.365
    10     11     17     16   3724.208     12.500     -1.365
    11     12     18     17   3382.426     13.500     -1.365
    12     13     19     18   3154.052     14.500     -1.365
    13     14     20     19   2570.075     15.500     -1.365
    14     15     21     20   2368.506     16.500     -1.365
    15     16     22     21   2673.277     17.500     -1.365
    16     17     23     22   1738.427     18.500     -1.365
    17     18     24     23   2132.064     19.500     -1.365
    18     19     25     24   2010.759     20.500     -1.365
    19     20     26     25   2178.100     21.500     -1.365
    20     21     27     26   1895.463     22.500     -1.365
    21     22     28     27   1792.433     23.500     -1.365
    22     23     29     28   1132.594     24.500     -1.365
    23     24     30     29   1508.776     25.500     -1.365
    24     25     31     30   1086.560     26.500     -1.365
    25     26     32     31   1737.714     27.500     -1.365
    26     27     33     32   2076.059     28.500     -1.365
    27     28     34     33   1666.700     29.500     -1.365
    28     29     35     34   1221.103     30.500     -1.365
    29     30     36     35   1114.397     31.500     -1.365
    30     31     37     36    977.093     32.500     -1.365
    31     32     38     37    601.480     33.500     -1.365
    32     33     39     38   1902.391     34.500     -1.365
    33     34     40     39    913.879     35.500     -1.365
    34     35     41     40    654.505     36.500     -1.365
    35     36     42     41    609.947     37.500     -1.365
    36     37     43     42    683.672     38.500     -1.365
    37     38     44     43    711.664     39.500     -1.365
    38     39     45     44    658.522     40.500     -1.365
    39     40     46     45    891.477     41.500     -1.365
    40     41     47     46   1051.407     42.500     -1.365
    41     42     48     47   1274.563     43.500     -1.365
     1      3      9      7    900.058      4.000     -1.560
     2      4     10      8   1135.866      5.000     -1.560
     3      5     11      9   1517.463      6.000     -1.560
     4      6     12     10   1737.699      7.000     -1.560
     5      7     13     11   1473.880      8.000     -1.560
     6      8     14     12   1348.221      9.000     -1.560
     7      9     15     13   1753.531     10.000     -1.560
     8     10     16     14   3129.265     11.000     -1.560
     9     11     17     15   3940.012     12.000     -1.560
    10     12     18     16   3773.267     13.000     -1.560
    11     13     19     17   3379.599     14.000     -1.560
    12     14     20     18   2982.560     15.000     -1.560
    13     15     21     19   2741.474     16.000     -1.560
    14     16     22     20   2674.842     17.000     -1.560
    15     17     23     21   2345.609     18.000     -1.560
    16     18     24     22   1906.168     19.000     -1.560
    17     19     25     23   2208.321     20.000     -1.560
    18     20     26     24   2128.969     21.000     -1.560
    19     21     27     25   1973.053     22.000     -1.560
    20     22     28     26   1882.830     23.000     -1.560
    21     23     29     27   1463.418     24.000     -1.560
    22     24     30     28   1353.765     25.000     -1.560
    23     25     31     29   1392.144     26.000     -1.560
    24     26     32     30   1458.221     27.000     -1.560
    25     27     33     31   2033.061     28.000     -1.560
    26     28     34     32   2046.501     29.000     -1.560
    27     29     35     33   1477.962     30.000     -1.560
    28     30     36     34   1241.554     31.000     -1.560
    29     31     37     35   1124.126     32.000     -1.560
    30     32     38     36    916.258     33.000     -1.560
    31     33     39     37    898.174     34.000     -1.560
    32     34     40     38   2773.427     35.000     -1.560
    33     35     41     39    771.414     36.000     -1.560
    34     36     42     40    669.151     37.000     -1.560
    35     37     43     41    661.405     38.000     -1.560
    36     38     44     42    721.410     39.000     -1.560
    37     39     45     43    708.211     40.000     -1.560
    38     40     46     44    865.644     41.000     -1.560
    39     41     47     45    959.083     42.000     -1.560
    40     42     48     46   1117.470     43.000     -1.560
     1      3     11      9    989.061      5.000     -1.950
     2      4     12     10   1067.953      6.000     -1.950
     3      5     13     11   1286.896      7.000     -1.950
     4      6     14     12   1137.325      8.000     -1.950
     5      7     15     13    873.737      9.000     -1.950
     6      8     16     14   1042.766     10.000     -1.950
     7      9     17     15   1756.446     11.000     -1.950
     8     10     18     16   2550.057     12.000     -1.950
     9     11     19     17   2595.391     13.000     -1.950
    10     12     20     18   2527.178     14.000     -1.950
    11     13     21     19   2109.332     15.000     -1.950
    12     14     22     20   1608.583     16.000     -1.950
    13     15     23     21   1504.722     17.000     -1.950
    14     16     24     22   1529.871     18.000     -1.950
    15     17     25     23   1787.005     19.000     -1.950
    16     18     26     24   1605.676     20.000     -1.950
    17     19     27     25   1866.788     21.000     -1.950
    18     20     28     26   2030.722     22.000     -1.950
    19     21     29     27   1547.736     23.000     -1.950
    20     22     30     28   1216.883     24.000     -1.950
    21     23     31     29   1032.666     25.000     -1.950
    22     24     32     30    952.541     26.000     -1.950
    23     25     33     31   1092.531     27.000     -1.950
    24     26     34     32   1090.033     28.000     -1.950
    25     27     35     33   1070.632     29.000     -1.950
    26     28     36     34   1003.165     30.000     -1.950
    27     29     37     35    793.886     31.000     -1.950
    28     30     38     36    658.569     32.000     -1.950
    29     31     39     37    685.045     33.000     -1.950
    30     32     40     38    957.037     34.000     -1.950
    31     33     41     39    775.911     35.000     -1.950
    32     34     42     40    684.035     36.000     -1.950
    33     35     43     41    537.110     37.000     -1.950
    34     36     44     42    560.807     38.000     -1.950
    35     37     45     43    552.577     39.000     -1.950
    36     38     46     44    507.034     40.000     -1.950
    37     39     47     45    516.941     41.000     -1.950
    38     40     48     46    722.877     42.000     -1.950
     1      3     13     11    793.676      6.000     -2.340
     2      4     14     12    728.187      7.000     -2.340
     3      5     15     13    720.608      8.000     -2.340
     4      6     16     14    921.451      9.000     -2.340
     5      7     17     15    883.853     10.000     -2.340
     6      8     18     16    827.747     11.000     -2.340
     7      9     19     17   1091.729     12.000     -2.340
     8     10     20     18   1483.242     13.000     -2.340
     9     11     21     19   1459.491     14.000     -2.340
    10     12     22     20   1257.658     15.000     -2.340
    11     13     23     21   1081.226     16.000     -2.340
    12     14     24     22    950.184     17.000     -2.340
    13     15     25     23   1039.809     18.000     -2.340
    14     16     26     24   1212.230     19.000     -2.340
    15     17     27     25   1420.548     20.000     -2.340
    16     18     28     26   1472.362     21.000     -2.340
    17     19     29     27   1358.239     22.000     -2.340
    18     20     30     28   1226.435     23.000     -2.340
    19     21     31     29   1023.222     24.000     -2.340
    20     22     32     30    817.070     25.000     -2.340
    21     23     33     31    711.587     26.000     -2.340
    22     24     34     32    634.520     27.000     -2.340
    23     25     35     33    546.954     28.000     -2.340
    24     26     36     34    508.774     29.000     -2.340
    25     27     37     35    539.226     30.000     -2.340
    26     28     38     36    532.070     31.000     -2.340
    27     29     39     37    469.686     32.000     -2.340
    28     30     40     38    639.965     33.000     -2.340
    29     31     41     39    545.695     34.000     -2.340
    30     32     42     40    542.860     35.000     -2.340
    31     33     43     41    559.033     36.000     -2.340
    32     34     44     42    530.962     37.000     -2.340
    33     35     45     43    507.263     38.000     -2.340
    34     36     46     44    461.039     39.000     -2.340
    35     37     47     45    464.047     40.000     -2.340
    36     38     48     46    550.668     41.000     -2.340
     1      3     15     13    455.259      7.000     -2.730
     2      4     16     14    557.262      8.000     -2.730
     3      5     17     15    714.295      9.000     -2.730
     4      6     18     16    661.307     10.000     -2.730
     5      7     19     17    489.378     11.000     -2.730
     6      8     20     18    385.734     12.000     -2.730
     7      9     21     19    572.148     13.000     -2.730
     8     10     22     20    734.641     14.000     -2.730
     9     11     23     21    685.147     15.000     -2.730
    10     12     24     22    698.936     16.000     -2.730
    11     13     25     23    695.439     17.000     -2.730
    12     14     26     24    644.561     18.000     -2.730
    13     15     27     25    827.162     19.000     -2.730
    14     16     28     26   1086.913     20.000     -2.730
    15     17     29     27   1026.006     21.000     -2.730
    16     18     30     28    855.003     22.000     -2.730
    17     19     31     29    855.531     23.000     -2.730
    18     20     32     30    851.994     24.000     -2.730
    19     21     33     31    644.191     25.000     -2.730
    20     22     34     32    482.643     26.000     -2.730
    21     23     35     33    350.155     27.000     -2.730
    22     24     36     34    304.243     28.000     -2.730
    23     25     37     35    276.257     29.000     -2.730
    24     26     38     36    278.205     30.000     -2.730
    25     27     39     37    317.781     31.000     -2.730
    26     28     40     38    455.322     32.000     -2.730
    27     29     41     39    379.638     33.000     -2.730
    28     30     42     40    328.574     34.000     -2.730
    29     31     43     41    497.809     35.000     -2.730
    30     32     44     42    510.067     36.000     -2.730
    31     33     45     43    514.857     37.000     -2.730
    32     34     46     44    175.872     38.000     -2.730
    33     35     47     45    264.192     39.000     -2.730
    34     36     48     46    439.497     40.000     -2.730
     1      4     16     13    528.681      7.500     -2.925
     2      5     17     14    620.535      8.500     -2.925
     3      6     18     15    732.187      9.500     -2.925
     4      7     19     16    587.533     10.500     -2.925
     5      8     20     17    541.176     11.500     -2.925
     6      9     21     18    619.123     12.500     -2.925
     7     10     22     19    771.985     13.500     -2.925
     8     11     23     20    779.326     14.500     -2.925
     9     12     24     21    764.137     15.500     -2.925
    10     13     25     22    669.287     16.500     -2.925
    11     14     26     23    726.769     17.500     -2.925
    12     15     27     24    778.534     18.500     -2.925
    13     16     28     25    998.616     19.500     -2.925
    14     17     29     26   1092.803     20.500     -2.925
    15     18     30     27   1014.579     21.500     -2.925
    16     19     31     28    900.741     22.500     -2.925
    17     20     32     29    901.250     23.500     -2.925
    18     21     33     30    710.919     24.500     -2.925
    19     22     34     31    615.436     25.500     -2.925
    20     23     35     32    444.233     26.500     -2.925
    21     24     36     33    369.317     27.500     -2.925
    22     25     37     34    314.122     28.500     -2.925
    23     26     38     35    302.494     29.500     -2.925
    24     27     39     36    333.246     30.500     -2.925
    25     28     40     37    383.954     31.500     -2.925
    26     29     41     38    437.856     32.500     -2.925
    27     30     42     39    367.436     33.500     -2.925
    28     31     43     40    421.548     34.500     -2.925
    29     32     44     41    500.541     35.500     -2.925
    30     33     45     42    489.310     36.500     -2.925
    31     34     46     43    422.526     37.500     -2.925
    32     35     47     44    314.965     38.500     -2.925
    33     36     48     45    360.632     39.500     -2.925
     1      4     19     16    353.658      9.000     -3.510
     2      5     20     17    336.295     10.000     -3.510
     3      6     21     18    304.571     11.000     -3.510
     4      7     22     19    254.293     12.000     -3.510
     5      8     23     20    217.452     13.000     -3.510
     6      9     24     21    174.837     14.000     -3.510
     7     10     25     22    267.815     15.000     -3.510
     8     11     26     23    434.407     16.000     -3.510
     9     12     27     24    482.598     17.000     -3.510
    10     13     28     25    540.493     18.000     -3.510
    11     14     29     26    579.036     19.000     -3.510
    12     15     30     27    493.161     20.000     -3.510
    13     16     31     28    537.676     21.000     -3.510
    14     17     32     29    637.259     22.000     -3.510
    15     18     33     30    497.696     23.000     -3.510
    16     19     34     31    452.774     24.000     -3.510
    17     20     35     32    364.316     25.000     -3.510
    18     21     36     33    289.552     26.000     -3.510
    19     22     37     34    221.298     27.000     -3.510
    20     23     38     35    159.483     28.000     -3.510
    21     24     39     36    152.598     29.000     -3.510
    22     25     40     37    148.961     30.000     -3.510
    23     26     41     38    202.019     31.000     -3.510
    24     27     42     39    293.836     32.000     -3.510
    25     28     43     40    277.066     33.000     -3.510
    26     29     44     41    284.944     34.000     -3.510
    27     30     45     42    418.076     35.000     -3.510
    28     31     46     43    538.491     36.000     -3.510
    29     32     47     44    695.515     37.000     -3.510
    30     33     48     45    527.430     38.000     -3.510
     1      4     22     19    148.590     10.500     -4.095
     2      5     23     20    146.671     11.500     -4.095
     3      6     24     21    290.689     12.500     -4.095
     4      7     25     22    105.309     13.500     -4.095
     5      8     26     23    134.883     14.500     -4.095
     6      9     27     24    321.442     15.500     -4.095
     7     10     28     25    403.876     16.500     -4.095
     8     11     29     26    341.828     17.500     -4.095
     9     12     30     27    306.064     18.500     -4.095
    10     13     31     28    343.332     19.500     -4.095
    11     14     32     29    475.226     20.500     -4.095
    12     15     33     30    281.561     21.500     -4.095
    13     16     34     31    235.743     22.500     -4.095
    14     17     35     32     52.607     23.500     -4.095
    15     18     36     33    215.060     24.500     -4.095
    16     19     37     34    179.810     25.500     -4.095
    17     20     38     35    155.545     26.500     -4.095
    18     21     39     36    130.924     27.500     -4.095
    19     22     40     37    141.295     28.500     -4.095
    20     23     41     38    120.581     29.500     -4.095
    21     24     42     39    136.450     30.500     -4.095
    22     25     43     40    111.449     31.500     -4.095
    23     26     44     41    123.720     32.500     -4.095
    24     27     45     42    112.442     33.500     -4.095
    25     28     46     43    178.623     34.500     -4.095
    26     29     47     44    282.523     35.500     -4.095
    27     30     48     45    992.649     36.500     -4.095
     1      5     25     21    -12.362     12.000     -4.680
     2      6     26     22     85.013     13.000     -4.680
     3      7     27     23     79.069     14.000     -4.680
     4      8     28     24    174.888     15.000     -4.680
     5      9     29     25    223.149     16.000     -4.680
     6     10     30     26    216.981     17.000     -4.680
     7     11     31     27    223.993     18.000     -4.680
     8     12     32     28    304.458     19.000     -4.680
     9     13     33     29    240.943     20.000     -4.680
    10     14     34     30    223.149     21.000     -4.680
    11     15     35     31    143.649     22.000     -4.680
    12     16     36     32     72.473     23.000     -4.680
    13     17     37     33    162.905     24.000     -4.680
    14     18     38     34    141.990     25.000     -4.680
    15     19     39     35    134.918     26.000     -4.680
    16     20     40     36    142.895     27.000     -4.680
    17     21     41     37    121.874     28.000     -4.680
    18     22     42     38    127.906     29.000     -4.680
    19     23     43     39    112.208     30.000     -4.680
    20     24     44     40    108.444     31.000     -4.680
    21     25     45     41     90.749     32.000     -4.680
    22     26     46     42    -35.525     33.000     -4.680
    23     27     47     43    -52.544     34.000     -4.680
    24     28     48     44     55.351     35.000     -4.680
     1      5     29     25    174.983     14.000     -5.460
     2      6     30     26     92.183     15.000     -5.460
     3      7     31     27    139.273     16.000     -5.460
     4      8     32     28    157.175     17.000     -5.460
     5      9     33     29    101.494     18.000     -5.460
     6     10     34     30    149.617     19.000     -5.460
     7     11     35     31    162.031     20.000     -5.460
     8     12     36     32      6.888     21.000     -5.460
     9     13     37     33    116.667     22.000     -5.460
    10     14     38     34     90.832     23.000     -5.460
    11     15     39     35     86.874     24.000     -5.460
    12     16     40     36    119.623     25.000     -5.460
    13     17     41     37    104.792     26.000     -5.460
    14     18     42     38    120.124     27.000     -5.460
    15     19     43     39    123.080     28.000     -5.460
    16     20     44     40     99.541     29.000     -5.460
    17     21     45     41    109.331     30.000     -5.460
    18     22     46     42     89.909     31.000     -5.460
    19     23     47     43     86.082     32.000     -5.460
    20     24     48     44     75.474     33.000     -5.460
     1      6     31     26    116.716     15.000     -5.850
     2      7     32     27    143.513     16.000     -5.850
     3      8     33     28     91.213     17.000     -5.850
     4      9     34     29    104.181     18.000     -5.850
     5     10     35     30    125.236     19.000     -5.850
     6     11     36     31    145.386     20.000     -5.850
     7     12     37     32     84.936     21.000     -5.850
     8     13     38     33    105.878     22.000     -5.850
     9     14     39     34     89.460     23.000     -5.850
    10     15     40     35    115.755     24.000     -5.850
    11     16     41     36     95.793     25.000     -5.850
    12     17     42     37    104.408     26.000     -5.850
    13     18     43     38    106.142     27.000     -5.850
    14     19     44     39    122.202     28.000     -5.850
    15     20     45     40    101.090     29.000     -5.850
    16     21     46     41    106.274     30.000     -5.850
    17     22     47     42     97.546     31.000     -5.850
    18     23     48     43    152.474     32.000     -5.850
     1      6     36     31     49.513     17.500     -6.825
     2      7     37     32    -20.254     18.500     -6.825
     3      8     38     33     57.364     19.500     -6.825
     4      9     39     34     49.414     20.500     -6.825
     5     10     40     35     75.936     21.500     -6.825
     6     11     41     36     65.809     22.500     -6.825
     7     12     42     37     81.312     23.500     -6.825
     8     13     43     38     96.816     24.500     -6.825
     9     14     44     39    105.096     25.500     -6.825
    10     15     45     40     69.767     26.500     -6.825
    11     16     46     41     93.617     27.500     -6.825
    12     17     47     42    111.067     28.500     -6.825
    13     18     48     43    254.163     29.500     -6.825
     1      7     37     31     56.856     18.000     -7.020
     2      8     38     32      4.927     19.000     -7.020
     3      9     39     33     58.268     20.000     -7.020
     4     10     40     34     71.953     21.000     -7.020
     5     11     41     35     70.053     22.000     -7.020
     6     12     42     36     77.132     23.000     -7.020
     7     13     43     37     84.529     24.000     -7.020
     8     14     44     38     95.386     25.000     -7.020
     9     15     45     39     98.327     26.000     -7.020
    10     16     46     40     74.305     27.000     -7.020
    11     17     47     41    111.424     28.000     -7.020
    12     18     48     42    203.032     29.000     -7.020
     1      7     43     37     59.914     21.000     -8.190
     2      8     44     38     64.007     22.000     -8.190
     3      9     45     39     63.176     23.000     -8.190
     4     10     46     40     46.630     24.000     -8.190
     5     11     47     41     76.714     25.000     -8.190
     6     12     48     42    108.896     26.000     -8.190
     1     10     46     37     65.110     22.500     -8.775
     2     11     47     38     74.017     23.500     -8.775
     3     12     48     39    126.166     24.500     -8.775
