48# Number of electrodes
# x z
0.000     0.000
1.000     0.000
2.000     0.000
3.000     0.000
4.000     0.000
5.000     0.000
6.000     0.000
7.000     0.000
8.000     0.000
9.000     0.000
10.000     0.000
11.000     0.000
12.000     0.000
13.000     0.000
14.000     0.000
15.000     0.000
16.000     0.000
17.000     0.000
18.000     0.000
19.000     0.000
20.000     0.000
21.000     0.000
22.000     0.000
23.000     0.000
24.000     0.000
25.000     0.000
26.000     0.000
27.000     0.000
28.000     0.000
29.000     0.000
30.000     0.000
31.000     0.000
32.000     0.000
33.000     0.000
34.000     0.000
35.000     0.000
36.000     0.000
37.000     0.000
38.000     0.000
39.000     0.000
40.000     0.000
41.000     0.000
42.000     0.000
43.000     0.000
44.000     0.000
45.000     0.000
46.000     0.000
47.000     0.000
909# Number of data
# a   b   m   n      rhoa      x      z
     1      4      2      3    882.777      1.500     -0.330
     2      5      3      4    988.309      2.500     -0.330
     3      6      4      5   1198.730      3.500     -0.330
     4      7      5      6   1360.179      4.500     -0.330
     5      8      6      7   1303.835      5.500     -0.330
     6      9      7      8   1738.689      6.500     -0.330
     7     10      8      9   2023.700      7.500     -0.330
     8     11      9     10   2730.089      8.500     -0.330
     9     12     10     11   2653.435      9.500     -0.330
    10     13     11     12   3237.786     10.500     -0.330
    11     14     12     13   2877.155     11.500     -0.330
    12     15     13     14   2878.082     12.500     -0.330
    13     16     14     15   3190.873     13.500     -0.330
    14     17     15     16   3131.200     14.500     -0.330
    15     18     16     17   3299.564     15.500     -0.330
    16     19     17     18   2991.940     16.500     -0.330
    17     20     18     19   2931.041     17.500     -0.330
    18     21     19     20   2817.453     18.500     -0.330
    19     22     20     21   2161.227     19.500     -0.330
    20     23     21     22   2300.161     20.500     -0.330
    21     24     22     23   1725.193     21.500     -0.330
    22     25     23     24   1905.991     22.500     -0.330
    23     26     24     25   1851.606     23.500     -0.330
    24     27     25     26   1925.379     24.500     -0.330
    25     28     26     27   2276.692     25.500     -0.330
    26     29     27     28   2317.098     26.500     -0.330
    27     30     28     29   2024.773     27.500     -0.330
    28     31     29     30   2305.041     28.500     -0.330
    29     32     30     31   1856.131     29.500     -0.330
    30     33     31     32   1789.390     30.500     -0.330
    31     34     32     33   1648.037     31.500     -0.330
    32     35     33     34   1306.949     32.500     -0.330
    33     36     34     35   1079.481     33.500     -0.330
    34     37     35     36    984.743     34.500     -0.330
    35     38     36     37    851.318     35.500     -0.330
    36     39     37     38    884.363     36.500     -0.330
    37     40     38     39    726.172     37.500     -0.330
    38     41     39     40    967.367     38.500     -0.330
    39     42     40     41    867.452     39.500     -0.330
    40     43     41     42    972.740     40.500     -0.330
    41     44     42     43   1097.023     41.500     -0.330
    42     45     43     44   1223.832     42.500     -0.330
    43     46     44     45   1356.224     43.500     -0.330
    44     47     45     46   1959.069     44.500     -0.330
    45     48     46     47   2330.824     45.500     -0.330
     1      7      3      5   1011.789      3.000     -0.660
     2      8      4      6   1174.252      4.000     -0.660
     3      9      5      7   1222.001      5.000     -0.660
     4     10      6      8   1414.413      6.000     -0.660
     5     11      7      9   1864.675      7.000     -0.660
     6     12      8     10   2252.595      8.000     -0.660
     7     13      9     11   2382.957      9.000     -0.660
     8     14     10     12   2598.851     10.000     -0.660
     9     15     11     13   2808.577     11.000     -0.660
    10     16     12     14   2829.046     12.000     -0.660
    11     17     13     15   2942.041     13.000     -0.660
    12     18     14     16   3230.071     14.000     -0.660
    13     19     15     17   3213.184     15.000     -0.660
    14     20     16     18   2904.778     16.000     -0.660
    15     21     17     19   2915.860     17.000     -0.660
    16     22     18     20   2926.656     18.000     -0.660
    17     23     19     21   2639.338     19.000     -0.660
    18     24     20     22   2329.784     20.000     -0.660
    19     25     21     23   2194.606     21.000     -0.660
    20     26     22     24   2084.733     22.000     -0.660
    21     27     23     25   1980.120     23.000     -0.660
    22     28     24     26   2009.919     24.000     -0.660
    23     29     25     27   2167.979     25.000     -0.660
    24     30     26     28   2119.277     26.000     -0.660
    25     31     27     29   1970.319     27.000     -0.660
    26     32     28     30   1875.375     28.000     -0.660
    27     33     29     31   1902.794     29.000     -0.660
    28     34     30     32   1712.704     30.000     -0.660
    29     35     31     33   1648.616     31.000     -0.660
    30     36     32     34   1413.809     32.000     -0.660
    31     37     33     35   1234.189     33.000     -0.660
    32     38     34     36   1009.843     34.000     -0.660
    33     39     35     37   1044.035     35.000     -0.660
    34     40     36     38    772.026     36.000     -0.660
    35     41     37     39    816.028     37.000     -0.660
    36     42     38     40    963.243     38.000     -0.660
    37     43     39     41   1044.910     39.000     -0.660
    38     44     40     42    964.422     40.000     -0.660
    39     45     41     43   1003.428     41.000     -0.660
    40     46     42     44   1266.919     42.000     -0.660
    41     47     43     45   1430.405     43.000     -0.660
    42     48     44     46   1746.267     44.000     -0.660
     1     10      4      7    989.566      4.500     -0.990
     2     11      5      8   1099.276      5.500     -0.990
     3     12      6      9   1305.638      6.500     -0.990
     4     13      7     10   1752.464      7.500     -0.990
     5     14      8     11   2113.233      8.500     -0.990
     6     15      9     12   2362.278      9.500     -0.990
     7     16     10     13   2276.472     10.500     -0.990
     8     17     11     14   2134.869     11.500     -0.990
     9     18     12     15   2228.318     12.500     -0.990
    10     19     13     16   2454.110     13.500     -0.990
    11     20     14     17   2549.662     14.500     -0.990
    12     21     15     18   2644.934     15.500     -0.990
    13     22     16     19   2578.033     16.500     -0.990
    14     23     17     20   2517.293     17.500     -0.990
    15     24     18     21   2422.626     18.500     -0.990
    16     25     19     22   2323.864     19.500     -0.990
    17     26     20     23   2030.980     20.500     -0.990
    18     27     21     24   1896.997     21.500     -0.990
    19     28     22     25   1765.294     22.500     -0.990
    20     29     23     26   1896.119     23.500     -0.990
    21     30     24     27   1846.232     24.500     -0.990
    22     31     25     28   1944.057     25.500     -0.990
    23     32     26     29   1748.744     26.500     -0.990
    24     33     27     30   1556.799     27.500     -0.990
    25     34     28     31   1408.875     28.500     -0.990
    26     35     29     32   1408.023     29.500     -0.990
    27     36     30     33   1344.494     30.500     -0.990
    28     37     31     34   1364.813     31.500     -0.990
    29     38     32     35   1223.881     32.500     -0.990
    30     39     33     36   1102.359     33.500     -0.990
    31     40     34     37    985.380     34.500     -0.990
    32     41     35     38    891.287     35.500     -0.990
    33     42     36     39    842.092     36.500     -0.990
    34     43     37     40    889.333     37.500     -0.990
    35     44     38     41    934.762     38.500     -0.990
    36     45     39     42    968.616     39.500     -0.990
    37     46     40     43    988.625     40.500     -0.990
    38     47     41     44   1091.363     41.500     -0.990
    39     48     42     45   1161.661     42.500     -0.990
     1     13      5      9    966.655      6.000     -1.320
     2     14      6     10   1354.735      7.000     -1.320
     3     15      7     11   1633.129      8.000     -1.320
     4     16      8     12   1792.371      9.000     -1.320
     5     17      9     13   1804.635     10.000     -1.320
     6     18     10     14   1760.254     11.000     -1.320
     7     19     11     15   1666.351     12.000     -1.320
     8     20     12     16   1583.210     13.000     -1.320
     9     21     13     17   1693.897     14.000     -1.320
    10     22     14     18   1907.729     15.000     -1.320
    11     23     15     19   2120.085     16.000     -1.320
    12     24     16     20   2182.841     17.000     -1.320
    13     25     17     21   2031.186     18.000     -1.320
    14     26     18     22   1933.590     19.000     -1.320
    15     27     19     23   1729.021     20.000     -1.320
    16     28     20     24   1580.868     21.000     -1.320
    17     29     21     25   1531.914     22.000     -1.320
    18     30     22     26   1440.094     23.000     -1.320
    19     31     23     27   1581.112     24.000     -1.320
    20     32     24     28   1584.845     25.000     -1.320
    21     33     25     29   1449.156     26.000     -1.320
    22     34     26     30   1409.157     27.000     -1.320
    23     35     27     31   1236.061     28.000     -1.320
    24     36     28     32   1136.461     29.000     -1.320
    25     37     29     33   1077.908     30.000     -1.320
    26     38     30     34   1238.124     31.000     -1.320
    27     39     31     35   1052.867     32.000     -1.320
    28     40     32     36    984.151     33.000     -1.320
    29     41     33     37    863.096     34.000     -1.320
    30     42     34     38    824.688     35.000     -1.320
    31     43     35     39    785.026     36.000     -1.320
    32     44     36     40    814.751     37.000     -1.320
    33     45     37     41    829.433     38.000     -1.320
    34     46     38     42   1086.224     39.000     -1.320
    35     47     39     43    925.444     40.000     -1.320
    36     48     40     44    938.665     41.000     -1.320
     1     16      6     11   1166.805      7.500     -1.650
     2     17      7     12   1263.010      8.500     -1.650
     3     18      8     13   1293.261      9.500     -1.650
     4     19      9     14   1267.303     10.500     -1.650
     5     20     10     15   1259.331     11.500     -1.650
     6     21     11     16   1287.464     12.500     -1.650
     7     22     12     17   1220.566     13.500     -1.650
     8     23     13     18   1252.060     14.500     -1.650
     9     24     14     19   1388.544     15.500     -1.650
    10     25     15     20   1603.162     16.500     -1.650
    11     26     16     21   1620.256     17.500     -1.650
    12     27     17     22   1543.310     18.500     -1.650
    13     28     18     23   1403.800     19.500     -1.650
    14     29     19     24   1278.449     20.500     -1.650
    15     30     20     25   1152.892     21.500     -1.650
    16     31     21     26   1189.722     22.500     -1.650
    17     32     22     27   1181.261     23.500     -1.650
    18     33     23     28   1184.282     24.500     -1.650
    19     34     24     29   1165.834     25.500     -1.650
    20     35     25     30   1194.424     26.500     -1.650
    21     36     26     31   1116.475     27.500     -1.650
    22     37     27     32   1033.217     28.500     -1.650
    23     38     28     33    989.880     29.500     -1.650
    24     39     29     34    884.246     30.500     -1.650
    25     40     30     35    765.124     31.500     -1.650
    26     41     31     36    765.976     32.500     -1.650
    27     42     32     37    755.355     33.500     -1.650
    28     43     33     38    704.377     34.500     -1.650
    29     44     34     39    665.425     35.500     -1.650
    30     45     35     40    710.745     36.500     -1.650
    31     46     36     41    727.778     37.500     -1.650
    32     47     37     42    754.814     38.500     -1.650
    33     48     38     43    834.875     39.500     -1.650
     1     19      7     13    868.711      9.000     -1.980
     2     20      8     14    865.912     10.000     -1.980
     3     21      9     15    925.099     11.000     -1.980
     4     22     10     16    958.451     12.000     -1.980
     5     23     11     17   1005.740     13.000     -1.980
     6     24     12     18    988.565     14.000     -1.980
     7     25     13     19   1001.462     15.000     -1.980
     8     26     14     20   1035.151     16.000     -1.980
     9     27     15     21   1029.853     17.000     -1.980
    10     28     16     22   1088.142     18.000     -1.980
    11     29     17     23   1060.999     19.000     -1.980
    12     30     18     24   1021.509     20.000     -1.980
    13     31     19     25    941.751     21.000     -1.980
    14     32     20     26    860.879     22.000     -1.980
    15     33     21     27    871.815     23.000     -1.980
    16     34     22     28    885.615     24.000     -1.980
    17     35     23     29    906.487     25.000     -1.980
    18     36     24     30    913.249     26.000     -1.980
    19     37     25     31    929.127     27.000     -1.980
    20     38     26     32    970.562     28.000     -1.980
    21     39     27     33    859.125     29.000     -1.980
    22     40     28     34    766.437     30.000     -1.980
    23     41     29     35    694.772     31.000     -1.980
    24     42     30     36    636.163     32.000     -1.980
    25     43     31     37    603.516     33.000     -1.980
    26     44     32     38    565.771     34.000     -1.980
    27     45     33     39    553.750     35.000     -1.980
    28     46     34     40    594.031     36.000     -1.980
    29     47     35     41    601.208     37.000     -1.980
    30     48     36     42    609.941     38.000     -1.980
     1     22      8     15    648.942     10.500     -2.310
     2     23      9     16    731.027     11.500     -2.310
     3     24     10     17    764.895     12.500     -2.310
     4     25     11     18    776.237     13.500     -2.310
     5     26     12     19    781.436     14.500     -2.310
     6     27     13     20    760.661     15.500     -2.310
     7     28     14     21    707.421     16.500     -2.310
     8     29     15     22    686.472     17.500     -2.310
     9     30     16     23    663.385     18.500     -2.310
    10     31     17     24    707.980     19.500     -2.310
    11     32     18     25    708.924     20.500     -2.310
    12     33     19     26    681.224     21.500     -2.310
    13     34     20     27    657.127     22.500     -2.310
    14     35     21     28    657.984     23.500     -2.310
    15     36     22     29    656.333     24.500     -2.310
    16     37     23     30    711.892     25.500     -2.310
    17     38     24     31    752.206     26.500     -2.310
    18     39     25     32    752.755     27.500     -2.310
    19     40     26     33    744.794     28.500     -2.310
    20     41     27     34    701.346     29.500     -2.310
    21     42     28     35    632.852     30.500     -2.310
    22     43     29     36    596.187     31.500     -2.310
    23     44     30     37    522.959     32.500     -2.310
    24     45     31     38    496.296     33.500     -2.310
    25     46     32     39    460.470     34.500     -2.310
    26     47     33     40    464.555     35.500     -2.310
    27     48     34     41    474.537     36.500     -2.310
     1     25      9     17    574.697     12.000     -2.640
     2     26     10     18    594.964     13.000     -2.640
     3     27     11     19    580.634     14.000     -2.640
     4     28     12     20    549.858     15.000     -2.640
     5     29     13     21    527.323     16.000     -2.640
     6     30     14     22    505.424     17.000     -2.640
     7     31     15     23    471.452     18.000     -2.640
     8     32     16     24    440.492     19.000     -2.640
     9     33     17     25    433.686     20.000     -2.640
    10     34     18     26    483.484     21.000     -2.640
    11     35     19     27    507.426     22.000     -2.640
    12     36     20     28    509.870     23.000     -2.640
    13     37     21     29    509.476     24.000     -2.640
    14     38     22     30    537.461     25.000     -2.640
    15     39     23     31    559.000     26.000     -2.640
    16     40     24     32    581.795     27.000     -2.640
    17     41     25     33    603.687     28.000     -2.640
    18     42     26     34    599.835     29.000     -2.640
    19     43     27     35    568.313     30.000     -2.640
    20     44     28     36    535.999     31.000     -2.640
    21     45     29     37    497.909     32.000     -2.640
    22     46     30     38    452.653     33.000     -2.640
    23     47     31     39    417.654     34.000     -2.640
    24     48     32     40    393.448     35.000     -2.640
     1     28     10     19    420.803     13.500     -2.970
     2     29     11     20    418.540     14.500     -2.970
     3     30     12     21    379.623     15.500     -2.970
     4     31     13     22    366.617     16.500     -2.970
     5     32     14     23    352.578     17.500     -2.970
     6     33     15     24    338.098     18.500     -2.970
     7     34     16     25    317.837     19.500     -2.970
     8     35     17     26    309.988     20.500     -2.970
     9     36     18     27    338.377     21.500     -2.970
    10     37     19     28    375.952     22.500     -2.970
    11     38     20     29    401.633     23.500     -2.970
    12     39     21     30    422.687     24.500     -2.970
    13     40     22     31    420.397     25.500     -2.970
    14     41     23     32    442.517     26.500     -2.970
    15     42     24     33    469.663     27.500     -2.970
    16     43     25     34    486.853     28.500     -2.970
    17     44     26     35    488.147     29.500     -2.970
    18     45     27     36    466.563     30.500     -2.970
    19     46     28     37    441.141     31.500     -2.970
    20     47     29     38    420.418     32.500     -2.970
    21     48     30     39    369.701     33.500     -2.970
     1     31     11     21    288.909     15.000     -3.300
     2     32     12     22    270.702     16.000     -3.300
     3     33     13     23    253.566     17.000     -3.300
     4     34     14     24    255.187     18.000     -3.300
     5     35     15     25    257.131     19.000     -3.300
     6     36     16     26    258.435     20.000     -3.300
     7     37     17     27    258.408     21.000     -3.300
     8     38     18     28    272.238     22.000     -3.300
     9     39     19     29    281.713     23.000     -3.300
    10     40     20     30    310.096     24.000     -3.300
    11     41     21     31    332.313     25.000     -3.300
    12     42     22     32    355.451     26.000     -3.300
    13     43     23     33    373.461     27.000     -3.300
    14     44     24     34    378.172     28.000     -3.300
    15     45     25     35    392.111     29.000     -3.300
    16     46     26     36    398.911     30.000     -3.300
    17     47     27     37    380.905     31.000     -3.300
    18     48     28     38    347.840     32.000     -3.300
     1     34     12     23    195.454     16.500     -3.630
     2     35     13     24    197.359     17.500     -3.630
     3     36     14     25    203.564     18.500     -3.630
     4     37     15     26    211.129     19.500     -3.630
     5     38     16     27    228.295     20.500     -3.630
     6     39     17     28    229.745     21.500     -3.630
     7     40     18     29    226.025     22.500     -3.630
     8     41     19     30    232.042     23.500     -3.630
     9     42     20     31    246.478     24.500     -3.630
    10     43     21     32    273.360     25.500     -3.630
    11     44     22     33    295.630     26.500     -3.630
    12     45     23     34    313.875     27.500     -3.630
    13     46     24     35    319.698     28.500     -3.630
    14     47     25     36    318.992     29.500     -3.630
    15     48     26     37    310.086     30.500     -3.630
     1     37     13     25    163.787     18.000     -3.960
     2     38     14     26    180.219     19.000     -3.960
     3     39     15     27    190.772     20.000     -3.960
     4     40     16     28    197.026     21.000     -3.960
     5     41     17     29    200.023     22.000     -3.960
     6     42     18     30    209.407     23.000     -3.960
     7     43     19     31    207.924     24.000     -3.960
     8     44     20     32    212.514     25.000     -3.960
     9     45     21     33    228.630     26.000     -3.960
    10     46     22     34    246.551     27.000     -3.960
    11     47     23     35    262.435     28.000     -3.960
    12     48     24     36    262.555     29.000     -3.960
     1     40     14     27    162.254     19.500     -4.290
     2     41     15     28    172.376     20.500     -4.290
     3     42     16     29    178.781     21.500     -4.290
     4     43     17     30    184.824     22.500     -4.290
     5     44     18     31    189.042     23.500     -4.290
     6     45     19     32    193.259     24.500     -4.290
     7     46     20     33    195.337     25.500     -4.290
     8     47     21     34    196.405     26.500     -4.290
     9     48     22     35    197.471     27.500     -4.290
     1     43     15     29    159.051     21.000     -4.620
     2     44     16     30    169.714     22.000     -4.620
     3     45     17     31    173.015     23.000     -4.620
     4     46     18     32    176.796     24.000     -4.620
     5     47     19     33    178.242     25.000     -4.620
     6     48     20     34    172.773     26.000     -4.620
     1     46     16     31    157.940     22.500     -4.950
     2     47     17     32    161.100     23.500     -4.950
     3     48     18     33    158.935     24.500     -4.950
     1      2      4      3   1055.023      1.500     -0.585
     2      3      5      4   1119.627      2.500     -0.585
     3      4      6      5   1039.932      3.500     -0.585
     4      5      7      6   1307.650      4.500     -0.585
     5      6      8      7   1767.416      5.500     -0.585
     6      7      9      8   1322.804      6.500     -0.585
     7      8     10      9   1792.862      7.500     -0.585
     8      9     11     10   2651.734      8.500     -0.585
     9     10     12     11   3932.482      9.500     -0.585
    10     11     13     12   2772.811     10.500     -0.585
    11     12     14     13   2859.403     11.500     -0.585
    12     13     15     14   2842.930     12.500     -0.585
    13     14     16     15   2888.728     13.500     -0.585
    14     15     17     16   3519.623     14.500     -0.585
    15     16     18     17   3068.041     15.500     -0.585
    16     17     19     18   3153.067     16.500     -0.585
    17     18     20     19   2961.984     17.500     -0.585
    18     19     21     20   2529.552     18.500     -0.585
    19     20     22     21   2590.979     19.500     -0.585
    20     21     23     22   1611.969     20.500     -0.585
    21     22     24     23   1910.161     21.500     -0.585
    22     23     25     24   1545.353     22.500     -0.585
    23     24     26     25   1710.162     23.500     -0.585
    24     25     27     26   2053.661     24.500     -0.585
    25     26     28     27   2033.122     25.500     -0.585
    26     27     29     28   2434.894     26.500     -0.585
    27     28     30     29   2817.895     27.500     -0.585
    28     29     31     30   1624.870     28.500     -0.585
    29     30     32     31   1937.659     29.500     -0.585
    30     31     33     32   2122.085     30.500     -0.585
    31     32     34     33   1619.479     31.500     -0.585
    32     33     35     34   1251.332     32.500     -0.585
    33     34     36     35    993.807     33.500     -0.585
    34     35     37     36    824.920     34.500     -0.585
    35     36     38     37    932.737     35.500     -0.585
    36     37     39     38    759.268     36.500     -0.585
    37     38     40     39    894.342     37.500     -0.585
    38     39     41     40    621.811     38.500     -0.585
    39     40     42     41    913.897     39.500     -0.585
    40     41     43     42   1006.878     40.500     -0.585
    41     42     44     43   1058.021     41.500     -0.585
    42     43     45     44   1131.754     42.500     -0.585
    43     44     46     45   1249.506     43.500     -0.585
    44     45     47     46   1447.316     44.500     -0.585
    45     46     48     47   2678.619     45.500     -0.585
     1      2      5      4    932.250      2.000     -0.780
     2      3      6      5   1046.222      3.000     -0.780
     3      4      7      6   1197.273      4.000     -0.780
     4      5      8      7   1715.753      5.000     -0.780
     5      6      9      8   1706.015      6.000     -0.780
     6      7     10      9   1590.115      7.000     -0.780
     7      8     11     10   2106.097      8.000     -0.780
     8      9     12     11   3093.496      9.000     -0.780
     9     10     13     12   3518.502     10.000     -0.780
    10     11     14     13   3047.463     11.000     -0.780
    11     12     15     14   3293.057     12.000     -0.780
    12     13     16     15   3482.088     13.000     -0.780
    13     14     17     16   3353.315     14.000     -0.780
    14     15     18     17   3640.729     15.000     -0.780
    15     16     19     18   3929.903     16.000     -0.780
    16     17     20     19   3565.232     17.000     -0.780
    17     18     21     20   2763.740     18.000     -0.780
    18     19     22     21   2883.170     19.000     -0.780
    19     20     23     22   2358.635     20.000     -0.780
    20     21     24     23   2079.964     21.000     -0.780
    21     22     25     24   2108.613     22.000     -0.780
    22     23     26     25   1852.018     23.000     -0.780
    23     24     27     26   2184.623     24.000     -0.780
    24     25     28     27   2009.581     25.000     -0.780
    25     26     29     28   2243.374     26.000     -0.780
    26     27     30     29   2996.570     27.000     -0.780
    27     28     31     30   2345.057     28.000     -0.780
    28     29     32     31   2394.074     29.000     -0.780
    29     30     33     32   2124.394     30.000     -0.780
    30     31     34     33   1824.199     31.000     -0.780
    31     32     35     34   1502.636     32.000     -0.780
    32     33     36     35   1195.007     33.000     -0.780
    33     34     37     36    961.769     34.000     -0.780
    34     35     38     37   1514.182     35.000     -0.780
    35     36     39     38    762.065     36.000     -0.780
    36     37     40     39   1066.677     37.000     -0.780
    37     38     41     40    818.227     38.000     -0.780
    38     39     42     41    715.518     39.000     -0.780
    39     40     43     42   1186.474     40.000     -0.780
    40     41     44     43   1190.163     41.000     -0.780
    41     42     45     44   1200.449     42.000     -0.780
    42     43     46     45   1272.486     43.000     -0.780
    43     44     47     46   1623.422     44.000     -0.780
    44     45     48     47   1987.111     45.000     -0.780
     1      2      6      5    918.476      2.500     -0.975
     2      3      7      6   1079.291      3.500     -0.975
     3      4      8      7   1414.390      4.500     -0.975
     4      5      9      8   1704.374      5.500     -0.975
     5      6     10      9   1891.678      6.500     -0.975
     6      7     11     10   1812.135      7.500     -0.975
     7      8     12     11   2233.989      8.500     -0.975
     8      9     13     12   2621.516      9.500     -0.975
     9     10     14     13   3382.335     10.500     -0.975
    10     11     15     14   3503.100     11.500     -0.975
    11     12     16     15   3971.907     12.500     -0.975
    12     13     17     16   3818.902     13.500     -0.975
    13     14     18     17   3323.645     14.500     -0.975
    14     15     19     18   4010.460     15.500     -0.975
    15     16     20     19   3978.601     16.500     -0.975
    16     17     21     20   3049.056     17.500     -0.975
    17     18     22     21   2871.355     18.500     -0.975
    18     19     23     22   2502.189     19.500     -0.975
    19     20     24     23   2779.954     20.500     -0.975
    20     21     25     24   2136.104     21.500     -0.975
    21     22     26     25   2331.044     22.500     -0.975
    22     23     27     26   2143.906     23.500     -0.975
    23     24     28     27   2116.667     24.500     -0.975
    24     25     29     28   1916.181     25.500     -0.975
    25     26     30     29   2500.476     26.500     -0.975
    26     27     31     30   2359.458     27.500     -0.975
    27     28     32     31   2790.962     28.500     -0.975
    28     29     33     32   2282.339     29.500     -0.975
    29     30     34     33   1864.122     30.500     -0.975
    30     31     35     34   1610.635     31.500     -0.975
    31     32     36     35   1387.451     32.500     -0.975
    32     33     37     36   1140.255     33.500     -0.975
    33     34     38     37   -435.122     34.500     -0.975
    34     35     39     38   -584.578     35.500     -0.975
    35     36     40     39   1138.367     36.500     -0.975
    36     37     41     40    874.371     37.500     -0.975
    37     38     42     41    772.674     38.500     -0.975
    38     39     43     42    822.290     39.500     -0.975
    39     40     44     43   1244.077     40.500     -0.975
    40     41     45     44   1177.272     41.500     -0.975
    41     42     46     45   1183.363     42.500     -0.975
    42     43     47     46   1465.729     43.500     -0.975
    43     44     48     47   1978.782     44.500     -0.975
     1      2      7      6    961.802      3.000     -1.170
     2      3      8      7   1215.486      4.000     -1.170
     3      4      9      8   1408.598      5.000     -1.170
     4      5     10      9   1850.545      6.000     -1.170
     5      6     11     10   2033.069      7.000     -1.170
     6      7     12     11   1861.745      8.000     -1.170
     7      8     13     12   1824.389      9.000     -1.170
     8      9     14     13   2345.791     10.000     -1.170
     9     10     15     14   3664.804     11.000     -1.170
    10     11     16     15   3989.686     12.000     -1.170
    11     12     17     16   4225.720     13.000     -1.170
    12     13     18     17   3562.243     14.000     -1.170
    13     14     19     18   3516.887     15.000     -1.170
    14     15     20     19   3728.111     16.000     -1.170
    15     16     21     20   3159.348     17.000     -1.170
    16     17     22     21   3021.212     18.000     -1.170
    17     18     23     22   2366.070     19.000     -1.170
    18     19     24     23   2745.287     20.000     -1.170
    19     20     25     24   2628.123     21.000     -1.170
    20     21     26     25   2216.130     22.000     -1.170
    21     22     27     26   2520.065     23.000     -1.170
    22     23     28     27   1965.250     24.000     -1.170
    23     24     29     28   1898.194     25.000     -1.170
    24     25     30     29   2019.150     26.000     -1.170
    25     26     31     30   1938.224     27.000     -1.170
    26     27     32     31   2588.060     28.000     -1.170
    27     28     33     32   2486.771     29.000     -1.170
    28     29     34     33   1742.895     30.000     -1.170
    29     30     35     34   1671.219     31.000     -1.170
    30     31     36     35   1438.110     32.000     -1.170
    31     32     37     36   1279.427     33.000     -1.170
    32     33     38     37    662.670     34.000     -1.170
    33     34     39     38   3627.679     35.000     -1.170
    34     35     40     39   1016.836     36.000     -1.170
    35     36     41     40    907.844     37.000     -1.170
    36     37     42     41    789.953     38.000     -1.170
    37     38     43     42    824.998     39.000     -1.170
    38     39     44     43    826.176     40.000     -1.170
    39     40     45     44   1152.315     41.000     -1.170
    40     41     46     45   1113.296     42.000     -1.170
    41     42     47     46   1279.666     43.000     -1.170
    42     43     48     47   1711.038     44.000     -1.170
     1      2      8      7   1075.907      3.500     -1.365
     2      3      9      8   1206.687      4.500     -1.365
     3      4     10      9   1538.473      5.500     -1.365
     4      5     11     10   1941.814      6.500     -1.365
     5      6     12     11   2024.339      7.500     -1.365
     6      7     13     12   1512.092      8.500     -1.365
     7      8     14     13   1589.236      9.500     -1.365
     8      9     15     14   2503.428     10.500     -1.365
     9     10     16     15   3956.523     11.500     -1.365
    10     11     17     16   4043.453     12.500     -1.365
    11     12     18     17   3729.578     13.500     -1.365
    12     13     19     18   3450.047     14.500     -1.365
    13     14     20     19   3175.256     15.500     -1.365
    14     15     21     20   2835.671     16.500     -1.365
    15     16     22     21   3027.805     17.500     -1.365
    16     17     23     22   2409.121     18.500     -1.365
    17     18     24     23   2461.082     19.500     -1.365
    18     19     25     24   2482.113     20.500     -1.365
    19     20     26     25   2601.261     21.500     -1.365
    20     21     27     26   2304.844     22.500     -1.365
    21     22     28     27   2235.118     23.500     -1.365
    22     23     29     28   1667.041     24.500     -1.365
    23     24     30     29   1925.500     25.500     -1.365
    24     25     31     30   1499.445     26.500     -1.365
    25     26     32     31   2006.394     27.500     -1.365
    26     27     33     32   2237.117     28.500     -1.365
    27     28     34     33   1847.290     29.500     -1.365
    28     29     35     34   1470.334     30.500     -1.365
    29     30     36     35   1514.434     31.500     -1.365
    30     31     37     36   1237.851     32.500     -1.365
    31     32     38     37    896.532     33.500     -1.365
    32     33     39     38   1675.470     34.500     -1.365
    33     34     40     39   1113.065     35.500     -1.365
    34     35     41     40    807.632     36.500     -1.365
    35     36     42     41    801.807     37.500     -1.365
    36     37     43     42    814.451     38.500     -1.365
    37     38     44     43    793.771     39.500     -1.365
    38     39     45     44    767.499     40.500     -1.365
    39     40     46     45   1097.287     41.500     -1.365
    40     41     47     46   1189.738     42.500     -1.365
    41     42     48     47   1458.681     43.500     -1.365
     1      3      9      7   1162.506      4.000     -1.560
     2      4     10      8   1383.555      5.000     -1.560
     3      5     11      9   1762.953      6.000     -1.560
     4      6     12     10   1987.260      7.000     -1.560
     5      7     13     11   1778.332      8.000     -1.560
     6      8     14     12   1621.842      9.000     -1.560
     7      9     15     13   2109.157     10.000     -1.560
     8     10     16     14   3312.412     11.000     -1.560
     9     11     17     15   3970.752     12.000     -1.560
    10     12     18     16   3964.334     13.000     -1.560
    11     13     19     17   3583.150     14.000     -1.560
    12     14     20     18   3359.590     15.000     -1.560
    13     15     21     19   3194.625     16.000     -1.560
    14     16     22     20   2976.811     17.000     -1.560
    15     17     23     21   2787.616     18.000     -1.560
    16     18     24     22   2406.941     19.000     -1.560
    17     19     25     23   2540.088     20.000     -1.560
    18     20     26     24   2562.543     21.000     -1.560
    19     21     27     25   2385.759     22.000     -1.560
    20     22     28     26   2332.223     23.000     -1.560
    21     23     29     27   1938.950     24.000     -1.560
    22     24     30     28   1816.835     25.000     -1.560
    23     25     31     29   1797.901     26.000     -1.560
    24     26     32     30   1793.944     27.000     -1.560
    25     27     33     31   2242.489     28.000     -1.560
    26     28     34     32   2162.084     29.000     -1.560
    27     29     35     33   1670.712     30.000     -1.560
    28     30     36     34   1527.508     31.000     -1.560
    29     31     37     35   1385.968     32.000     -1.560
    30     32     38     36   1122.358     33.000     -1.560
    31     33     39     37   1059.719     34.000     -1.560
    32     34     40     38   2247.924     35.000     -1.560
    33     35     41     39    966.274     36.000     -1.560
    34     36     42     40    832.346     37.000     -1.560
    35     37     43     41    802.355     38.000     -1.560
    36     38     44     42    807.590     39.000     -1.560
    37     39     45     43    787.588     40.000     -1.560
    38     40     46     44    990.885     41.000     -1.560
    39     41     47     45   1130.490     42.000     -1.560
    40     42     48     46   1299.070     43.000     -1.560
     1      3     11      9   1304.585      5.000     -1.950
     2      4     12     10   1471.331      6.000     -1.950
     3      5     13     11   1567.875      7.000     -1.950
     4      6     14     12   1418.159      8.000     -1.950
     5      7     15     13   1309.883      9.000     -1.950
     6      8     16     14   1520.723     10.000     -1.950
     7      9     17     15   2165.621     11.000     -1.950
     8     10     18     16   3049.293     12.000     -1.950
     9     11     19     17   3241.357     13.000     -1.950
    10     12     20     18   3189.641     14.000     -1.950
    11     13     21     19   2650.654     15.000     -1.950
    12     14     22     20   2167.207     16.000     -1.950
    13     15     23     21   2173.572     17.000     -1.950
    14     16     24     22   2163.444     18.000     -1.950
    15     17     25     23   2252.746     19.000     -1.950
    16     18     26     24   2121.674     20.000     -1.950
    17     19     27     25   2299.366     21.000     -1.950
    18     20     28     26   2419.040     22.000     -1.950
    19     21     29     27   1935.581     23.000     -1.950
    20     22     30     28   1702.684     24.000     -1.950
    21     23     31     29   1499.527     25.000     -1.950
    22     24     32     30   1314.477     26.000     -1.950
    23     25     33     31   1363.453     27.000     -1.950
    24     26     34     32   1326.004     28.000     -1.950
    25     27     35     33   1344.470     29.000     -1.950
    26     28     36     34   1334.388     30.000     -1.950
    27     29     37     35   1151.076     31.000     -1.950
    28     30     38     36   1023.200     32.000     -1.950
    29     31     39     37   1011.237     33.000     -1.950
    30     32     40     38   1228.242     34.000     -1.950
    31     33     41     39   1018.966     35.000     -1.950
    32     34     42     40    795.616     36.000     -1.950
    33     35     43     41    709.058     37.000     -1.950
    34     36     44     42    754.404     38.000     -1.950
    35     37     45     43    730.119     39.000     -1.950
    36     38     46     44    675.039     40.000     -1.950
    37     39     47     45    702.260     41.000     -1.950
    38     40     48     46   1006.446     42.000     -1.950
     1      3     13     11   1110.560      6.000     -2.340
     2      4     14     12   1000.513      7.000     -2.340
     3      5     15     13   1069.706      8.000     -2.340
     4      6     16     14   1253.289      9.000     -2.340
     5      7     17     15   1260.089     10.000     -2.340
     6      8     18     16   1278.149     11.000     -2.340
     7      9     19     17   1581.167     12.000     -2.340
     8     10     20     18   2152.852     13.000     -2.340
     9     11     21     19   2163.243     14.000     -2.340
    10     12     22     20   1863.807     15.000     -2.340
    11     13     23     21   1670.470     16.000     -2.340
    12     14     24     22   1493.539     17.000     -2.340
    13     15     25     23   1612.768     18.000     -2.340
    14     16     26     24   1759.849     19.000     -2.340
    15     17     27     25   1915.703     20.000     -2.340
    16     18     28     26   1913.978     21.000     -2.340
    17     19     29     27   1748.600     22.000     -2.340
    18     20     30     28   1652.974     23.000     -2.340
    19     21     31     29   1381.009     24.000     -2.340
    20     22     32     30   1144.326     25.000     -2.340
    21     23     33     31   1027.553     26.000     -2.340
    22     24     34     32    874.595     27.000     -2.340
    23     25     35     33    751.369     28.000     -2.340
    24     26     36     34    765.367     29.000     -2.340
    25     27     37     35    841.830     30.000     -2.340
    26     28     38     36    806.167     31.000     -2.340
    27     29     39     37    752.794     32.000     -2.340
    28     30     40     38    980.696     33.000     -2.340
    29     31     41     39    882.707     34.000     -2.340
    30     32     42     40    754.641     35.000     -2.340
    31     33     43     41    730.573     36.000     -2.340
    32     34     44     42    698.438     37.000     -2.340
    33     35     45     43    626.344     38.000     -2.340
    34     36     46     44    625.573     39.000     -2.340
    35     37     47     45    645.274     40.000     -2.340
    36     38     48     46    695.133     41.000     -2.340
     1      3     15     13    746.975      7.000     -2.730
     2      4     16     14    855.201      8.000     -2.730
     3      5     17     15    992.476      9.000     -2.730
     4      6     18     16    985.462     10.000     -2.730
     5      7     19     17    867.896     11.000     -2.730
     6      8     20     18    857.227     12.000     -2.730
     7      9     21     19    987.227     13.000     -2.730
     8     10     22     20   1203.968     14.000     -2.730
     9     11     23     21   1242.372     15.000     -2.730
    10     12     24     22   1212.180     16.000     -2.730
    11     13     25     23   1152.451     17.000     -2.730
    12     14     26     24   1119.540     18.000     -2.730
    13     15     27     25   1350.806     19.000     -2.730
    14     16     28     26   1528.117     20.000     -2.730
    15     17     29     27   1425.359     21.000     -2.730
    16     18     30     28   1256.177     22.000     -2.730
    17     19     31     29   1183.279     23.000     -2.730
    18     20     32     30   1062.524     24.000     -2.730
    19     21     33     31    889.335     25.000     -2.730
    20     22     34     32    705.554     26.000     -2.730
    21     23     35     33    538.678     27.000     -2.730
    22     24     36     34    481.965     28.000     -2.730
    23     25     37     35    446.854     29.000     -2.730
    24     26     38     36    438.528     30.000     -2.730
    25     27     39     37    536.274     31.000     -2.730
    26     28     40     38    704.121     32.000     -2.730
    27     29     41     39    632.635     33.000     -2.730
    28     30     42     40    591.687     34.000     -2.730
    29     31     43     41    623.074     35.000     -2.730
    30     32     44     42    639.708     36.000     -2.730
    31     33     45     43    635.995     37.000     -2.730
    32     34     46     44    544.970     38.000     -2.730
    33     35     47     45    525.217     39.000     -2.730
    34     36     48     46    622.636     40.000     -2.730
     1      4     16     13    813.438      7.500     -2.925
     2      5     17     14    949.267      8.500     -2.925
     3      6     18     15   1017.974      9.500     -2.925
     4      7     19     16    960.354     10.500     -2.925
     5      8     20     17    921.831     11.500     -2.925
     6      9     21     18   1051.174     12.500     -2.925
     7     10     22     19   1269.815     13.500     -2.925
     8     11     23     20   1293.178     14.500     -2.925
     9     12     24     21   1324.355     15.500     -2.925
    10     13     25     22   1192.130     16.500     -2.925
    11     14     26     23   1189.858     17.500     -2.925
    12     15     27     24   1290.684     18.500     -2.925
    13     16     28     25   1463.619     19.500     -2.925
    14     17     29     26   1531.080     20.500     -2.925
    15     18     30     27   1404.217     21.500     -2.925
    16     19     31     28   1264.779     22.500     -2.925
    17     20     32     29   1204.523     23.500     -2.925
    18     21     33     30    966.959     24.500     -2.925
    19     22     34     31    853.539     25.500     -2.925
    20     23     35     32    655.896     26.500     -2.925
    21     24     36     33    551.872     27.500     -2.925
    22     25     37     34    492.664     28.500     -2.925
    23     26     38     35    489.812     29.500     -2.925
    24     27     39     36    551.053     30.500     -2.925
    25     28     40     37    611.647     31.500     -2.925
    26     29     41     38    681.864     32.500     -2.925
    27     30     42     39    667.798     33.500     -2.925
    28     31     43     40    621.692     34.500     -2.925
    29     32     44     41    652.191     35.500     -2.925
    30     33     45     42    642.393     36.500     -2.925
    31     34     46     43    594.090     37.500     -2.925
    32     35     47     44    557.271     38.500     -2.925
    33     36     48     45    584.972     39.500     -2.925
     1      4     19     16    566.370      9.000     -3.510
     2      5     20     17    555.695     10.000     -3.510
     3      6     21     18    512.142     11.000     -3.510
     4      7     22     19    460.608     12.000     -3.510
     5      8     23     20    398.709     13.000     -3.510
     6      9     24     21    455.070     14.000     -3.510
     7     10     25     22    593.671     15.000     -3.510
     8     11     26     23    773.880     16.000     -3.510
     9     12     27     24    825.602     17.000     -3.510
    10     13     28     25    838.203     18.000     -3.510
    11     14     29     26    823.587     19.000     -3.510
    12     15     30     27    819.085     20.000     -3.510
    13     16     31     28    812.965     21.000     -3.510
    14     17     32     29    820.271     22.000     -3.510
    15     18     33     30    699.383     23.000     -3.510
    16     19     34     31    633.540     24.000     -3.510
    17     20     35     32    528.511     25.000     -3.510
    18     21     36     33    406.483     26.000     -3.510
    19     22     37     34    341.068     27.000     -3.510
    20     23     38     35    268.457     28.000     -3.510
    21     24     39     36    253.845     29.000     -3.510
    22     25     40     37    251.015     30.000     -3.510
    23     26     41     38    309.611     31.000     -3.510
    24     27     42     39    365.698     32.000     -3.510
    25     28     43     40    385.113     33.000     -3.510
    26     29     44     41    406.992     34.000     -3.510
    27     30     45     42    486.721     35.000     -3.510
    28     31     46     43    537.672     36.000     -3.510
    29     32     47     44    571.273     37.000     -3.510
    30     33     48     45    616.469     38.000     -3.510
     1      4     22     19    267.120     10.500     -4.095
     2      5     23     20    242.298     11.500     -4.095
     3      6     24     21    295.888     12.500     -4.095
     4      7     25     22    213.775     13.500     -4.095
     5      8     26     23    228.384     14.500     -4.095
     6      9     27     24    351.348     15.500     -4.095
     7     10     28     25    482.763     16.500     -4.095
     8     11     29     26    538.505     17.500     -4.095
     9     12     30     27    527.204     18.500     -4.095
    10     13     31     28    482.347     19.500     -4.095
    11     14     32     29    474.296     20.500     -4.095
    12     15     33     30    419.393     21.500     -4.095
    13     16     34     31    401.560     22.500     -4.095
    14     17     35     32    342.216     23.500     -4.095
    15     18     36     33    298.186     24.500     -4.095
    16     19     37     34    257.474     25.500     -4.095
    17     20     38     35    223.935     26.500     -4.095
    18     21     39     36    191.571     27.500     -4.095
    19     22     40     37    186.461     28.500     -4.095
    20     23     41     38    178.033     29.500     -4.095
    21     24     42     39    180.721     30.500     -4.095
    22     25     43     40    167.599     31.500     -4.095
    23     26     44     41    183.931     32.500     -4.095
    24     27     45     42    229.619     33.500     -4.095
    25     28     46     43    260.186     34.500     -4.095
    26     29     47     44    340.541     35.500     -4.095
    27     30     48     45    650.385     36.500     -4.095
     1      5     25     21    185.833     12.000     -4.680
     2      6     26     22    165.429     13.000     -4.680
     3      7     27     23    167.601     14.000     -4.680
     4      8     28     24    197.220     15.000     -4.680
     5      9     29     25    267.220     16.000     -4.680
     6     10     30     26    327.832     17.000     -4.680
     7     11     31     27    355.566     18.000     -4.680
     8     12     32     28    370.398     19.000     -4.680
     9     13     33     29    354.281     20.000     -4.680
    10     14     34     30    317.903     21.000     -4.680
    11     15     35     31    280.421     22.000     -4.680
    12     16     36     32    246.082     23.000     -4.680
    13     17     37     33    229.280     24.000     -4.680
    14     18     38     34    202.339     25.000     -4.680
    15     19     39     35    187.440     26.000     -4.680
    16     20     40     36    178.178     27.000     -4.680
    17     21     41     37    160.855     28.000     -4.680
    18     22     42     38    165.933     29.000     -4.680
    19     23     43     39    150.769     30.000     -4.680
    20     24     44     40    139.396     31.000     -4.680
    21     25     45     41    145.329     32.000     -4.680
    22     26     46     42     93.817     33.000     -4.680
    23     27     47     43    100.240     34.000     -4.680
    24     28     48     44    177.267     35.000     -4.680
     1      5     29     25    145.221     14.000     -5.460
     2      6     30     26    131.477     15.000     -5.460
     3      7     31     27    140.265     16.000     -5.460
     4      8     32     28    137.357     17.000     -5.460
     5      9     33     29    138.623     18.000     -5.460
     6     10     34     30    163.910     19.000     -5.460
     7     11     35     31    175.009     20.000     -5.460
     8     12     36     32    152.494     21.000     -5.460
     9     13     37     33    144.450     22.000     -5.460
    10     14     38     34    125.883     23.000     -5.460
    11     15     39     35    119.122     24.000     -5.460
    12     16     40     36    124.991     25.000     -5.460
    13     17     41     37    126.622     26.000     -5.460
    14     18     42     38    135.710     27.000     -5.460
    15     19     43     39    135.483     28.000     -5.460
    16     20     44     40    128.632     29.000     -5.460
    17     21     45     41    125.376     30.000     -5.460
    18     22     46     42    113.094     31.000     -5.460
    19     23     47     43    109.965     32.000     -5.460
    20     24     48     44    102.692     33.000     -5.460
     1      6     31     26    133.324     15.000     -5.850
     2      7     32     27    132.524     16.000     -5.850
     3      8     33     28    117.862     17.000     -5.850
     4      9     34     29    127.423     18.000     -5.850
     5     10     35     30    141.145     19.000     -5.850
     6     11     36     31    151.758     20.000     -5.850
     7     12     37     32    135.935     21.000     -5.850
     8     13     38     33    128.490     22.000     -5.850
     9     14     39     34    119.936     23.000     -5.850
    10     15     40     35    120.807     24.000     -5.850
    11     16     41     36    115.661     25.000     -5.850
    12     17     42     37    120.709     26.000     -5.850
    13     18     43     38    127.053     27.000     -5.850
    14     19     44     39    135.076     28.000     -5.850
    15     20     45     40    124.712     29.000     -5.850
    16     21     46     41    120.513     30.000     -5.850
    17     22     47     42    118.058     31.000     -5.850
    18     23     48     43    135.626     32.000     -5.850
     1      6     36     31     73.719     17.500     -6.825
     2      7     37     32     54.160     18.500     -6.825
     3      8     38     33     62.800     19.500     -6.825
     4      9     39     34     61.481     20.500     -6.825
     5     10     40     35     75.322     21.500     -6.825
     6     11     41     36     79.109     22.500     -6.825
     7     12     42     37     90.892     23.500     -6.825
     8     13     43     38    101.593     24.500     -6.825
     9     14     44     39    107.346     25.500     -6.825
    10     15     45     40     96.651     26.500     -6.825
    11     16     46     41    107.801     27.500     -6.825
    12     17     47     42    117.816     28.500     -6.825
    13     18     48     43    167.322     29.500     -6.825
     1      7     37     31     73.274     18.000     -7.020
     2      8     38     32     58.236     19.000     -7.020
     3      9     39     33     66.375     20.000     -7.020
     4     10     40     34     74.694     21.000     -7.020
     5     11     41     35     79.580     22.000     -7.020
     6     12     42     36     86.786     23.000     -7.020
     7     13     43     37     91.917     24.000     -7.020
     8     14     44     38    101.620     25.000     -7.020
     9     15     45     39    108.438     26.000     -7.020
    10     16     46     40    103.566     27.000     -7.020
    11     17     47     41    117.947     28.000     -7.020
    12     18     48     42    150.125     29.000     -7.020
     1      7     43     37     61.007     21.000     -8.190
     2      8     44     38     64.189     22.000     -8.190
     3      9     45     39     67.887     23.000     -8.190
     4     10     46     40     68.932     24.000     -8.190
     5     11     47     41     85.161     25.000     -8.190
     6     12     48     42    116.124     26.000     -8.190
     1     10     46     37     69.450     22.500     -8.775
     2     11     47     38     80.480     23.500     -8.775
     3     12     48     39    105.242     24.500     -8.775
