48# Number of electrodes
# x z
0.000     0.000
1.000     0.000
2.000     0.000
3.000     0.000
4.000     0.000
5.000     0.000
6.000     0.000
7.000     0.000
8.000     0.000
9.000     0.000
10.000     0.000
11.000     0.000
12.000     0.000
13.000     0.000
14.000     0.000
15.000     0.000
16.000     0.000
17.000     0.000
18.000     0.000
19.000     0.000
20.000     0.000
21.000     0.000
22.000     0.000
23.000     0.000
24.000     0.000
25.000     0.000
26.000     0.000
27.000     0.000
28.000     0.000
29.000     0.000
30.000     0.000
31.000     0.000
32.000     0.000
33.000     0.000
34.000     0.000
35.000     0.000
36.000     0.000
37.000     0.000
38.000     0.000
39.000     0.000
40.000     0.000
41.000     0.000
42.000     0.000
43.000     0.000
44.000     0.000
45.000     0.000
46.000     0.000
47.000     0.000
909# Number of data
# a   b   m   n      rhoa      x      z
     1      4      2      3   3284.395      1.500     -0.330
     2      5      3      4   3833.471      2.500     -0.330
     3      6      4      5   4644.459      3.500     -0.330
     4      7      5      6   5068.872      4.500     -0.330
     5      8      6      7   5499.484      5.500     -0.330
     6      9      7      8   5806.457      6.500     -0.330
     7     10      8      9   6883.787      7.500     -0.330
     8     11      9     10   8132.263      8.500     -0.330
     9     12     10     11   9574.475      9.500     -0.330
    10     13     11     12   9285.383     10.500     -0.330
    11     14     12     13  10111.018     11.500     -0.330
    12     15     13     14  10218.668     12.500     -0.330
    13     16     14     15  10674.728     13.500     -0.330
    14     17     15     16  11731.605     14.500     -0.330
    15     18     16     17  12178.243     15.500     -0.330
    16     19     17     18  10383.912     16.500     -0.330
    17     20     18     19  10448.648     17.500     -0.330
    18     21     19     20  10301.340     18.500     -0.330
    19     22     20     21   8782.021     19.500     -0.330
    20     23     21     22   9953.407     20.500     -0.330
    21     24     22     23   7889.349     21.500     -0.330
    22     25     23     24   8219.299     22.500     -0.330
    23     26     24     25   7886.474     23.500     -0.330
    24     27     25     26   7631.704     24.500     -0.330
    25     28     26     27   8496.322     25.500     -0.330
    26     29     27     28   7915.786     26.500     -0.330
    27     30     28     29   7620.452     27.500     -0.330
    28     31     29     30   6897.290     28.500     -0.330
    29     32     30     31   6414.394     29.500     -0.330
    30     33     31     32   5824.617     30.500     -0.330
    31     34     32     33   5716.269     31.500     -0.330
    32     35     33     34   5731.923     32.500     -0.330
    33     36     34     35   4375.558     33.500     -0.330
    34     37     35     36   5881.206     34.500     -0.330
    35     38     36     37   4044.816     35.500     -0.330
    36     39     37     38   4239.260     36.500     -0.330
    37     40     38     39   3041.903     37.500     -0.330
    38     41     39     40   3408.042     38.500     -0.330
    39     42     40     41   2840.094     39.500     -0.330
    40     43     41     42   3941.637     40.500     -0.330
    41     44     42     43   3979.790     41.500     -0.330
    42     45     43     44   4565.003     42.500     -0.330
    43     46     44     45   5088.933     43.500     -0.330
    44     47     45     46   5436.900     44.500     -0.330
    45     48     46     47   6496.240     45.500     -0.330
     1      7      3      5   3196.667      3.000     -0.660
     2      8      4      6   3934.220      4.000     -0.660
     3      9      5      7   4735.648      5.000     -0.660
     4     10      6      8   5518.067      6.000     -0.660
     5     11      7      9   5596.583      7.000     -0.660
     6     12      8     10   7126.023      8.000     -0.660
     7     13      9     11   7956.286      9.000     -0.660
     8     14     10     12   8290.694     10.000     -0.660
     9     15     11     13   9029.459     11.000     -0.660
    10     16     12     14  10066.601     12.000     -0.660
    11     17     13     15   9265.033     13.000     -0.660
    12     18     14     16  10047.378     14.000     -0.660
    13     19     15     17  11341.218     15.000     -0.660
    14     20     16     18  10392.502     16.000     -0.660
    15     21     17     19   9503.778     17.000     -0.660
    16     22     18     20   9592.126     18.000     -0.660
    17     23     19     21   8721.996     19.000     -0.660
    18     24     20     22   7994.574     20.000     -0.660
    19     25     21     23   8127.323     21.000     -0.660
    20     26     22     24   7271.368     22.000     -0.660
    21     27     23     25   6754.728     23.000     -0.660
    22     28     24     26   6763.990     24.000     -0.660
    23     29     25     27   7077.269     25.000     -0.660
    24     30     26     28   7249.978     26.000     -0.660
    25     31     27     29   7637.999     27.000     -0.660
    26     32     28     30   7121.914     28.000     -0.660
    27     33     29     31   6984.369     29.000     -0.660
    28     34     30     32   6573.890     30.000     -0.660
    29     35     31     33   6761.775     31.000     -0.660
    30     36     32     34   5898.172     32.000     -0.660
    31     37     33     35   5336.582     33.000     -0.660
    32     38     34     36   4435.072     34.000     -0.660
    33     39     35     37   4882.293     35.000     -0.660
    34     40     36     38   3226.552     36.000     -0.660
    35     41     37     39   3087.982     37.000     -0.660
    36     42     38     40   3197.108     38.000     -0.660
    37     43     39     41   3238.875     39.000     -0.660
    38     44     40     42   3502.353     40.000     -0.660
    39     45     41     43   3403.994     41.000     -0.660
    40     46     42     44   4057.231     42.000     -0.660
    41     47     43     45   4740.094     43.000     -0.660
    42     48     44     46   5543.568     44.000     -0.660
     1     10      4      7   3425.466      4.500     -0.990
     2     11      5      8   3528.612      5.500     -0.990
     3     12      6      9   4030.069      6.500     -0.990
     4     13      7     10   5018.771      7.500     -0.990
     5     14      8     11   6081.041      8.500     -0.990
     6     15      9     12   7159.627      9.500     -0.990
     7     16     10     13   7595.661     10.500     -0.990
     8     17     11     14   6836.668     11.500     -0.990
     9     18     12     15   6814.908     12.500     -0.990
    10     19     13     16   7725.747     13.500     -0.990
    11     20     14     17   8007.365     14.500     -0.990
    12     21     15     18   8229.903     15.500     -0.990
    13     22     16     19   7786.458     16.500     -0.990
    14     23     17     20   7095.789     17.500     -0.990
    15     24     18     21   6728.130     18.500     -0.990
    16     25     19     22   7128.350     19.500     -0.990
    17     26     20     23   6818.557     20.500     -0.990
    18     27     21     24   6298.794     21.500     -0.990
    19     28     22     25   5735.250     22.500     -0.990
    20     29     23     26   5359.418     23.500     -0.990
    21     30     24     27   5277.431     24.500     -0.990
    22     31     25     28   5855.662     25.500     -0.990
    23     32     26     29   6068.505     26.500     -0.990
    24     33     27     30   5668.090     27.500     -0.990
    25     34     28     31   5392.398     28.500     -0.990
    26     35     29     32   4982.134     29.500     -0.990
    27     36     30     33   4484.353     30.500     -0.990
    28     37     31     34   4634.075     31.500     -0.990
    29     38     32     35   4531.494     32.500     -0.990
    30     39     33     36   4304.718     33.500     -0.990
    31     40     34     37   3985.976     34.500     -0.990
    32     41     35     38   3764.270     35.500     -0.990
    33     42     36     39   2950.854     36.500     -0.990
    34     43     37     40   2809.764     37.500     -0.990
    35     44     38     41   2846.692     38.500     -0.990
    36     45     39     42   2849.732     39.500     -0.990
    37     46     40     43   3038.948     40.500     -0.990
    38     47     41     44   3548.374     41.500     -0.990
    39     48     42     45   3732.785     42.500     -0.990
     1     13      5      9   2434.869      6.000     -1.320
     2     14      6     10   3417.916      7.000     -1.320
     3     15      7     11   4540.573      8.000     -1.320
     4     16      8     12   4845.691      9.000     -1.320
     5     17      9     13   5034.268     10.000     -1.320
     6     18     10     14   5386.968     11.000     -1.320
     7     19     11     15   5035.961     12.000     -1.320
     8     20     12     16   5047.231     13.000     -1.320
     9     21     13     17   5073.863     14.000     -1.320
    10     22     14     18   5138.225     15.000     -1.320
    11     23     15     19   5760.374     16.000     -1.320
    12     24     16     20   5552.601     17.000     -1.320
    13     25     17     21   5135.552     18.000     -1.320
    14     26     18     22   5247.644     19.000     -1.320
    15     27     19     23   4999.375     20.000     -1.320
    16     28     20     24   4815.927     21.000     -1.320
    17     29     21     25   4705.925     22.000     -1.320
    18     30     22     26   4254.753     23.000     -1.320
    19     31     23     27   4294.838     24.000     -1.320
    20     32     24     28   4471.405     25.000     -1.320
    21     33     25     29   4456.997     26.000     -1.320
    22     34     26     30   4203.931     27.000     -1.320
    23     35     27     31   4043.622     28.000     -1.320
    24     36     28     32   3251.735     29.000     -1.320
    25     37     29     33   2874.375     30.000     -1.320
    26     38     30     34   3362.272     31.000     -1.320
    27     39     31     35   2750.039     32.000     -1.320
    28     40     32     36   3043.016     33.000     -1.320
    29     41     33     37   3187.658     34.000     -1.320
    30     42     34     38   2884.292     35.000     -1.320
    31     43     35     39   2794.749     36.000     -1.320
    32     44     36     40   2334.037     37.000     -1.320
    33     45     37     41   2184.536     38.000     -1.320
    34     46     38     42   3020.915     39.000     -1.320
    35     47     39     43   2438.902     40.000     -1.320
    36     48     40     44   2799.726     41.000     -1.320
     1     16      6     11   2901.411      7.500     -1.650
     2     17      7     12   2929.783      8.500     -1.650
     3     18      8     13   3190.234      9.500     -1.650
     4     19      9     14   3463.229     10.500     -1.650
     5     20     10     15   3491.486     11.500     -1.650
     6     21     11     16   3665.589     12.500     -1.650
     7     22     12     17   3502.318     13.500     -1.650
     8     23     13     18   3195.021     14.500     -1.650
     9     24     14     19   3186.748     15.500     -1.650
    10     25     15     20   3807.287     16.500     -1.650
    11     26     16     21   3960.398     17.500     -1.650
    12     27     17     22   3652.392     18.500     -1.650
    13     28     18     23   3598.780     19.500     -1.650
    14     29     19     24   3385.254     20.500     -1.650
    15     30     20     25   3204.925     21.500     -1.650
    16     31     21     26   3433.113     22.500     -1.650
    17     32     22     27   3424.500     23.500     -1.650
    18     33     23     28   3367.219     24.500     -1.650
    19     34     24     29   3278.087     25.500     -1.650
    20     35     25     30   3140.098     26.500     -1.650
    21     36     26     31   2654.491     27.500     -1.650
    22     37     27     32   2355.014     28.500     -1.650
    23     38     28     33   2059.678     29.500     -1.650
    24     39     29     34   1811.242     30.500     -1.650
    25     40     30     35   1692.871     31.500     -1.650
    26     41     31     36   1838.511     32.500     -1.650
    27     42     32     37   1944.297     33.500     -1.650
    28     43     33     38   2086.584     34.500     -1.650
    29     44     34     39   2050.797     35.500     -1.650
    30     45     35     40   2018.616     36.500     -1.650
    31     46     36     41   1902.249     37.500     -1.650
    32     47     37     42   1958.776     38.500     -1.650
    33     48     38     43   1967.886     39.500     -1.650
     1     19      7     13   1925.567      9.000     -1.980
     2     20      8     14   2043.123     10.000     -1.980
     3     21      9     15   2189.215     11.000     -1.980
     4     22     10     16   2419.605     12.000     -1.980
     5     23     11     17   2364.390     13.000     -1.980
     6     24     12     18   2240.230     14.000     -1.980
     7     25     13     19   2260.861     15.000     -1.980
     8     26     14     20   2209.199     16.000     -1.980
     9     27     15     21   2272.968     17.000     -1.980
    10     28     16     22   2477.644     18.000     -1.980
    11     29     17     23   2405.932     19.000     -1.980
    12     30     18     24   2335.598     20.000     -1.980
    13     31     19     25   2349.205     21.000     -1.980
    14     32     20     26   2345.760     22.000     -1.980
    15     33     21     27   2405.158     23.000     -1.980
    16     34     22     28   2475.780     24.000     -1.980
    17     35     23     29   2471.570     25.000     -1.980
    18     36     24     30   2115.818     26.000     -1.980
    19     37     25     31   1965.425     27.000     -1.980
    20     38     26     32   1762.915     28.000     -1.980
    21     39     27     33   1562.411     29.000     -1.980
    22     40     28     34   1423.891     30.000     -1.980
    23     41     29     35   1269.307     31.000     -1.980
    24     42     30     36   1200.602     32.000     -1.980
    25     43     31     37   1197.661     33.000     -1.980
    26     44     32     38   1238.742     34.000     -1.980
    27     45     33     39   1306.788     35.000     -1.980
    28     46     34     40   1447.534     36.000     -1.980
    29     47     35     41   1587.703     37.000     -1.980
    30     48     36     42   1558.568     38.000     -1.980
     1     22      8     15   1266.537     10.500     -2.310
     2     23      9     16   1469.903     11.500     -2.310
     3     24     10     17   1550.459     12.500     -2.310
     4     25     11     18   1524.485     13.500     -2.310
     5     26     12     19   1527.234     14.500     -2.310
     6     27     13     20   1492.078     15.500     -2.310
     7     28     14     21   1412.478     16.500     -2.310
     8     29     15     22   1408.857     17.500     -2.310
     9     30     16     23   1378.672     18.500     -2.310
    10     31     17     24   1402.440     19.500     -2.310
    11     32     18     25   1643.471     20.500     -2.310
    12     33     19     26   1599.887     21.500     -2.310
    13     34     20     27   1656.705     22.500     -2.310
    14     35     21     28   1707.587     23.500     -2.310
    15     36     22     29   1545.483     24.500     -2.310
    16     37     23     30   1529.900     25.500     -2.310
    17     38     24     31   1494.707     26.500     -2.310
    18     39     25     32   1356.020     27.500     -2.310
    19     40     26     33   1269.043     28.500     -2.310
    20     41     27     34   1197.928     29.500     -2.310
    21     42     28     35   1007.489     30.500     -2.310
    22     43     29     36    904.892     31.500     -2.310
    23     44     30     37    870.867     32.500     -2.310
    24     45     31     38    839.845     33.500     -2.310
    25     46     32     39    859.586     34.500     -2.310
    26     47     33     40    913.586     35.500     -2.310
    27     48     34     41   1051.073     36.500     -2.310
     1     25      9     17   1001.933     12.000     -2.640
     2     26     10     18    985.839     13.000     -2.640
     3     27     11     19    974.456     14.000     -2.640
     4     28     12     20    933.286     15.000     -2.640
     5     29     13     21    894.764     16.000     -2.640
     6     30     14     22    877.995     17.000     -2.640
     7     31     15     23    926.500     18.000     -2.640
     8     32     16     24    895.316     19.000     -2.640
     9     33     17     25    871.460     20.000     -2.640
    10     34     18     26   1036.653     21.000     -2.640
    11     35     19     27   1154.672     22.000     -2.640
    12     36     20     28   1119.837     23.000     -2.640
    13     37     21     29   1094.032     24.000     -2.640
    14     38     22     30   1022.123     25.000     -2.640
    15     39     23     31   1015.372     26.000     -2.640
    16     40     24     32   1067.241     27.000     -2.640
    17     41     25     33   1062.504     28.000     -2.640
    18     42     26     34    953.218     29.000     -2.640
    19     43     27     35    851.316     30.000     -2.640
    20     44     28     36    770.538     31.000     -2.640
    21     45     29     37    681.649     32.000     -2.640
    22     46     30     38    654.407     33.000     -2.640
    23     47     31     39    616.627     34.000     -2.640
    24     48     32     40    651.354     35.000     -2.640
     1     28     10     19    582.762     13.500     -2.970
     2     29     11     20    557.389     14.500     -2.970
     3     30     12     21    541.015     15.500     -2.970
     4     31     13     22    559.261     16.500     -2.970
     5     32     14     23    561.004     17.500     -2.970
     6     33     15     24    588.296     18.500     -2.970
     7     34     16     25    577.133     19.500     -2.970
     8     35     17     26    595.168     20.500     -2.970
     9     36     18     27    629.137     21.500     -2.970
    10     37     19     28    690.543     22.500     -2.970
    11     38     20     29    751.681     23.500     -2.970
    12     39     21     30    737.460     24.500     -2.970
    13     40     22     31    733.470     25.500     -2.970
    14     41     23     32    747.299     26.500     -2.970
    15     42     24     33    757.828     27.500     -2.970
    16     43     25     34    775.395     28.500     -2.970
    17     44     26     35    715.999     29.500     -2.970
    18     45     27     36    669.926     30.500     -2.970
    19     46     28     37    587.519     31.500     -2.970
    20     47     29     38    497.558     32.500     -2.970
    21     48     30     39    502.786     33.500     -2.970
     1     31     11     21    352.806     15.000     -3.300
     2     32     12     22    331.251     16.000     -3.300
     3     33     13     23    344.921     17.000     -3.300
     4     34     14     24    360.491     18.000     -3.300
     5     35     15     25    396.017     19.000     -3.300
     6     36     16     26    431.359     20.000     -3.300
     7     37     17     27    398.562     21.000     -3.300
     8     38     18     28    439.773     22.000     -3.300
     9     39     19     29    457.682     23.000     -3.300
    10     40     20     30    531.223     24.000     -3.300
    11     41     21     31    536.479     25.000     -3.300
    12     42     22     32    528.102     26.000     -3.300
    13     43     23     33    557.562     27.000     -3.300
    14     44     24     34    575.785     28.000     -3.300
    15     45     25     35    557.729     29.000     -3.300
    16     46     26     36    526.603     30.000     -3.300
    17     47     27     37    489.526     31.000     -3.300
    18     48     28     38    462.669     32.000     -3.300
     1     34     12     23    180.104     16.500     -3.630
     2     35     13     24    216.601     17.500     -3.630
     3     36     14     25    246.473     18.500     -3.630
     4     37     15     26    282.734     19.500     -3.630
     5     38     16     27    294.545     20.500     -3.630
     6     39     17     28    277.540     21.500     -3.630
     7     40     18     29    345.742     22.500     -3.630
     8     41     19     30    328.576     23.500     -3.630
     9     42     20     31    353.053     24.500     -3.630
    10     43     21     32    359.546     25.500     -3.630
    11     44     22     33    337.219     26.500     -3.630
    12     45     23     34    458.755     27.500     -3.630
    13     46     24     35    451.418     28.500     -3.630
    14     47     25     36    396.497     29.500     -3.630
    15     48     26     37    387.276     30.500     -3.630
     1     37     13     25    157.013     18.000     -3.960
     2     38     14     26    209.663     19.000     -3.960
     3     39     15     27    228.621     20.000     -3.960
     4     40     16     28    236.107     21.000     -3.960
     5     41     17     29    245.699     22.000     -3.960
     6     42     18     30    278.723     23.000     -3.960
     7     43     19     31    281.483     24.000     -3.960
     8     44     20     32    285.777     25.000     -3.960
     9     45     21     33    274.404     26.000     -3.960
    10     46     22     34    232.947     27.000     -3.960
    11     47     23     35    355.144     28.000     -3.960
    12     48     24     36    407.079     29.000     -3.960
     1     40     14     27    186.527     19.500     -4.290
     2     41     15     28    204.615     20.500     -4.290
     3     42     16     29    193.032     21.500     -4.290
     4     43     17     30    204.266     22.500     -4.290
     5     44     18     31    251.130     23.500     -4.290
     6     45     19     32    210.656     24.500     -4.290
     7     46     20     33    227.227     25.500     -4.290
     8     47     21     34    183.275     26.500     -4.290
     9     48     22     35    227.212     27.500     -4.290
     1     43     15     29    199.174     21.000     -4.620
     2     44     16     30    193.076     22.000     -4.620
     3     45     17     31    162.898     23.000     -4.620
     4     46     18     32    209.231     24.000     -4.620
     5     47     19     33    205.437     25.000     -4.620
     6     48     20     34    205.440     26.000     -4.620
     1     46     16     31    191.498     22.500     -4.950
     2     47     17     32    173.526     23.500     -4.950
     3     48     18     33    171.766     24.500     -4.950
     1      2      4      3   4013.589      1.500     -0.585
     2      3      5      4   4198.795      2.500     -0.585
     3      4      6      5   4246.555      3.500     -0.585
     4      5      7      6   5774.829      4.500     -0.585
     5      6      8      7   6348.907      5.500     -0.585
     6      7      9      8   5311.106      6.500     -0.585
     7      8     10      9   5169.642      7.500     -0.585
     8      9     11     10   9200.896      8.500     -0.585
     9     10     12     11  10988.904      9.500     -0.585
    10     11     13     12  10487.067     10.500     -0.585
    11     12     14     13   8656.447     11.500     -0.585
    12     13     15     14   9160.558     12.500     -0.585
    13     14     16     15  11485.396     13.500     -0.585
    14     15     17     16  13649.137     14.500     -0.585
    15     16     18     17  11474.051     15.500     -0.585
    16     17     19     18  10834.110     16.500     -0.585
    17     18     20     19   9737.511     17.500     -0.585
    18     19     21     20   9785.424     18.500     -0.585
    19     20     22     21  11066.728     19.500     -0.585
    20     21     23     22   8315.711     20.500     -0.585
    21     22     24     23  10015.883     21.500     -0.585
    22     23     25     24   7457.725     22.500     -0.585
    23     24     26     25   7620.906     23.500     -0.585
    24     25     27     26   9077.183     24.500     -0.585
    25     26     28     27   7904.083     25.500     -0.585
    26     27     29     28   8768.337     26.500     -0.585
    27     28     30     29   7974.487     27.500     -0.585
    28     29     31     30   6034.190     28.500     -0.585
    29     30     32     31   5495.840     29.500     -0.585
    30     31     33     32   6020.537     30.500     -0.585
    31     32     34     33   5015.065     31.500     -0.585
    32     33     35     34   4523.942     32.500     -0.585
    33     34     36     35   5948.005     33.500     -0.585
    34     35     37     36   3741.252     34.500     -0.585
    35     36     38     37   5981.277     35.500     -0.585
    36     37     39     38   4350.833     36.500     -0.585
    37     38     40     39   3482.789     37.500     -0.585
    38     39     41     40   1846.904     38.500     -0.585
    39     40     42     41   3562.157     39.500     -0.585
    40     41     43     42   3530.284     40.500     -0.585
    41     42     44     43   4414.437     41.500     -0.585
    42     43     45     44   4730.467     42.500     -0.585
    43     44     46     45   4716.056     43.500     -0.585
    44     45     47     46   5008.627     44.500     -0.585
    45     46     48     47   6044.781     45.500     -0.585
     1      2      5      4   3700.599      2.000     -0.780
     2      3      6      5   4613.281      3.000     -0.780
     3      4      7      6   5753.510      4.000     -0.780
     4      5      8      7   5912.086      5.000     -0.780
     5      6      9      8   5799.105      6.000     -0.780
     6      7     10      9   6207.615      7.000     -0.780
     7      8     11     10   8546.616      8.000     -0.780
     8      9     12     11   8221.638      9.000     -0.780
     9     10     13     12  12517.271     10.000     -0.780
    10     11     14     13  10490.292     11.000     -0.780
    11     12     15     14   8637.695     12.000     -0.780
    12     13     16     15  13395.638     13.000     -0.780
    13     14     17     16  13927.285     14.000     -0.780
    14     15     18     17  11597.664     15.000     -0.780
    15     16     19     18  14395.757     16.000     -0.780
    16     17     20     19  13132.650     17.000     -0.780
    17     18     21     20  10437.968     18.000     -0.780
    18     19     22     21  11621.561     19.000     -0.780
    19     20     23     22   9561.597     20.000     -0.780
    20     21     24     23   7493.729     21.000     -0.780
    21     22     25     24   7510.441     22.000     -0.780
    22     23     26     25   8113.474     23.000     -0.780
    23     24     27     26   8193.792     24.000     -0.780
    24     25     28     27   9076.665     25.000     -0.780
    25     26     29     28   9247.104     26.000     -0.780
    26     27     30     29   9274.002     27.000     -0.780
    27     28     31     30   8512.529     28.000     -0.780
    28     29     32     31   8959.382     29.000     -0.780
    29     30     33     32   7134.561     30.000     -0.780
    30     31     34     33   8097.009     31.000     -0.780
    31     32     35     34   6445.960     32.000     -0.780
    32     33     36     35   7895.294     33.000     -0.780
    33     34     37     36   5887.103     34.000     -0.780
    34     35     38     37   4188.541     35.000     -0.780
    35     36     39     38   4794.312     36.000     -0.780
    36     37     40     39   3812.136     37.000     -0.780
    37     38     41     40   2655.348     38.000     -0.780
    38     39     42     41   2553.634     39.000     -0.780
    39     40     43     42   3667.082     40.000     -0.780
    40     41     44     43   4135.087     41.000     -0.780
    41     42     45     44   5895.998     42.000     -0.780
    42     43     46     45   4325.210     43.000     -0.780
    43     44     47     46   5766.665     44.000     -0.780
    44     45     48     47   6489.732     45.000     -0.780
     1      2      6      5   3555.800      2.500     -0.975
     2      3      7      6   4869.064      3.500     -0.975
     3      4      8      7   5195.296      4.500     -0.975
     4      5      9      8   5411.292      5.500     -0.975
     5      6     10      9   6390.114      6.500     -0.975
     6      7     11     10   8927.023      7.500     -0.975
     7      8     12     11   7156.319      8.500     -0.975
     8      9     13     12   8267.072      9.500     -0.975
     9     10     14     13  10946.960     10.500     -0.975
    10     11     15     14  10035.434     11.500     -0.975
    11     12     16     15  11913.783     12.500     -0.975
    12     13     17     16  14247.266     13.500     -0.975
    13     14     18     17  11805.802     14.500     -0.975
    14     15     19     18  11959.029     15.500     -0.975
    15     16     20     19  14554.148     16.500     -0.975
    16     17     21     20  11884.912     17.500     -0.975
    17     18     22     21  10848.055     18.500     -0.975
    18     19     23     22   9072.438     19.500     -0.975
    19     20     24     23   8073.124     20.500     -0.975
    20     21     25     24   6122.827     21.500     -0.975
    21     22     26     25   7613.583     22.500     -0.975
    22     23     27     26   8033.951     23.500     -0.975
    23     24     28     27   7494.780     24.500     -0.975
    24     25     29     28   8687.429     25.500     -0.975
    25     26     30     29   7917.178     26.500     -0.975
    26     27     31     30   8213.521     27.500     -0.975
    27     28     32     31   9556.214     28.500     -0.975
    28     29     33     32   9449.616     29.500     -0.975
    29     30     34     33   8613.837     30.500     -0.975
    30     31     35     34   8067.117     31.500     -0.975
    31     32     36     35   8610.993     32.500     -0.975
    32     33     37     36   6084.325     33.500     -0.975
    33     34     38     37   5594.472     34.500     -0.975
    34     35     39     38   3128.556     35.500     -0.975
    35     36     40     39   4149.379     36.500     -0.975
    36     37     41     40   2731.086     37.500     -0.975
    37     38     42     41   3385.004     38.500     -0.975
    38     39     43     42   2397.427     39.500     -0.975
    39     40     44     43   3456.004     40.500     -0.975
    40     41     45     44   4586.076     41.500     -0.975
    41     42     46     45   4422.519     42.500     -0.975
    42     43     47     46   4906.928     43.500     -0.975
    43     44     48     47   6464.524     44.500     -0.975
     1      2      7      6   3682.702      3.000     -1.170
     2      3      8      7   3993.192      4.000     -1.170
     3      4      9      8   4552.605      5.000     -1.170
     4      5     10      9   6115.453      6.000     -1.170
     5      6     11     10   8500.570      7.000     -1.170
     6      7     12     11   6913.497      8.000     -1.170
     7      8     13     12   6878.475      9.000     -1.170
     8      9     14     13   7074.438     10.000     -1.170
     9     10     15     14   9306.573     11.000     -1.170
    10     11     16     15  13608.141     12.000     -1.170
    11     12     17     16  12978.211     13.000     -1.170
    12     13     18     17  11453.398     14.000     -1.170
    13     14     19     18  11663.088     15.000     -1.170
    14     15     20     19  11052.701     16.000     -1.170
    15     16     21     20  11854.498     17.000     -1.170
    16     17     22     21  11607.098     18.000     -1.170
    17     18     23     22   8491.926     19.000     -1.170
    18     19     24     23   7580.387     20.000     -1.170
    19     20     25     24   6841.583     21.000     -1.170
    20     21     26     25   6169.607     22.000     -1.170
    21     22     27     26   7247.271     23.000     -1.170
    22     23     28     27   7285.128     24.000     -1.170
    23     24     29     28   6707.306     25.000     -1.170
    24     25     30     29   6662.056     26.000     -1.170
    25     26     31     30   6458.261     27.000     -1.170
    26     27     32     31   8059.856     28.000     -1.170
    27     28     33     32   9058.645     29.000     -1.170
    28     29     34     33   9433.103     30.000     -1.170
    29     30     35     34   7392.947     31.000     -1.170
    30     31     36     35   9259.672     32.000     -1.170
    31     32     37     36   5838.541     33.000     -1.170
    32     33     38     37   5052.360     34.000     -1.170
    33     34     39     38   3838.090     35.000     -1.170
    34     35     40     39   2485.097     36.000     -1.170
    35     36     41     40   2973.044     37.000     -1.170
    36     37     42     41   3072.410     38.000     -1.170
    37     38     43     42   2892.404     39.000     -1.170
    38     39     44     43   2149.634     40.000     -1.170
    39     40     45     44   3388.076     41.000     -1.170
    40     41     46     45   3070.439     42.000     -1.170
    41     42     47     46   4838.441     43.000     -1.170
    42     43     48     47   5208.363     44.000     -1.170
     1      2      8      7   3054.247      3.500     -1.365
     2      3      9      8   3423.654      4.500     -1.365
     3      4     10      9   4886.773      5.500     -1.365
     4      5     11     10   7291.272      6.500     -1.365
     5      6     12     11   7196.371      7.500     -1.365
     6      7     13     12   6709.737      8.500     -1.365
     7      8     14     13   5689.292      9.500     -1.365
     8      9     15     14   5254.805     10.500     -1.365
     9     10     16     15  11938.048     11.500     -1.365
    10     11     17     16  13112.038     12.500     -1.365
    11     12     18     17   9064.805     13.500     -1.365
    12     13     19     18   9712.176     14.500     -1.365
    13     14     20     19  11066.657     15.500     -1.365
    14     15     21     20   8919.702     16.500     -1.365
    15     16     22     21  11302.697     17.500     -1.365
    16     17     23     22   8894.725     18.500     -1.365
    17     18     24     23   6891.897     19.500     -1.365
    18     19     25     24   6105.223     20.500     -1.365
    19     20     26     25   6343.862     21.500     -1.365
    20     21     27     26   5684.174     22.500     -1.365
    21     22     28     27   6443.746     23.500     -1.365
    22     23     29     28   6265.182     24.500     -1.365
    23     24     30     29   4898.311     25.500     -1.365
    24     25     31     30   5170.445     26.500     -1.365
    25     26     32     31   5881.335     27.500     -1.365
    26     27     33     32   7092.436     28.500     -1.365
    27     28     34     33   8457.169     29.500     -1.365
    28     29     35     34   7620.613     30.500     -1.365
    29     30     36     35   8020.498     31.500     -1.365
    30     31     37     36   5903.555     32.500     -1.365
    31     32     38     37   4507.299     33.500     -1.365
    32     33     39     38   3171.792     34.500     -1.365
    33     34     40     39   3166.664     35.500     -1.365
    34     35     41     40   1798.572     36.500     -1.365
    35     36     42     41   3156.216     37.500     -1.365
    36     37     43     42   2415.591     38.500     -1.365
    37     38     44     43   2342.361     39.500     -1.365
    38     39     45     44   2106.381     40.500     -1.365
    39     40     46     45   2303.872     41.500     -1.365
    40     41     47     46   3431.097     42.500     -1.365
    41     42     48     47   5032.873     43.500     -1.365
     1      3      9      7   3452.677      4.000     -1.560
     2      4     10      8   4245.468      5.000     -1.560
     3      5     11      9   6090.968      6.000     -1.560
     4      6     12     10   7483.991      7.000     -1.560
     5      7     13     11   6710.095      8.000     -1.560
     6      8     14     12   6316.842      9.000     -1.560
     7      9     15     13   5910.770     10.000     -1.560
     8     10     16     14   8650.582     11.000     -1.560
     9     11     17     15  12816.137     12.000     -1.560
    10     12     18     16  11780.164     13.000     -1.560
    11     13     19     17  10307.196     14.000     -1.560
    12     14     20     18  10890.990     15.000     -1.560
    13     15     21     19  10147.417     16.000     -1.560
    14     16     22     20  10551.236     17.000     -1.560
    15     17     23     21  10553.521     18.000     -1.560
    16     18     24     22   8008.312     19.000     -1.560
    17     19     25     23   6745.439     20.000     -1.560
    18     20     26     24   6447.747     21.000     -1.560
    19     21     27     25   6041.730     22.000     -1.560
    20     22     28     26   6382.010     23.000     -1.560
    21     23     29     27   6591.548     24.000     -1.560
    22     24     30     28   5866.438     25.000     -1.560
    23     25     31     29   5518.390     26.000     -1.560
    24     26     32     30   5746.612     27.000     -1.560
    25     27     33     31   6878.741     28.000     -1.560
    26     28     34     32   8074.967     29.000     -1.560
    27     29     35     33   8361.998     30.000     -1.560
    28     30     36     34   7612.084     31.000     -1.560
    29     31     37     35   7532.634     32.000     -1.560
    30     32     38     36   5318.037     33.000     -1.560
    31     33     39     37   4183.083     34.000     -1.560
    32     34     40     38   3344.499     35.000     -1.560
    33     35     41     39   2431.156     36.000     -1.560
    34     36     42     40   2596.399     37.000     -1.560
    35     37     43     41   2849.990     38.000     -1.560
    36     38     44     42   2491.897     39.000     -1.560
    37     39     45     43   2163.215     40.000     -1.560
    38     40     46     44   2560.345     41.000     -1.560
    39     41     47     45   2854.977     42.000     -1.560
    40     42     48     46   4353.436     43.000     -1.560
     1      3     11      9   3493.168      5.000     -1.950
     2      4     12     10   4528.729      6.000     -1.950
     3      5     13     11   4591.392      7.000     -1.950
     4      6     14     12   4625.208      8.000     -1.950
     5      7     15     13   4312.332      9.000     -1.950
     6      8     16     14   4381.638     10.000     -1.950
     7      9     17     15   5949.781     11.000     -1.950
     8     10     18     16   7956.560     12.000     -1.950
     9     11     19     17   8676.240     13.000     -1.950
    10     12     20     18   8199.550     14.000     -1.950
    11     13     21     19   7282.104     15.000     -1.950
    12     14     22     20   6996.722     16.000     -1.950
    13     15     23     21   6848.836     17.000     -1.950
    14     16     24     22   6817.150     18.000     -1.950
    15     17     25     23   6374.616     19.000     -1.950
    16     18     26     24   5168.999     20.000     -1.950
    17     19     27     25   5104.409     21.000     -1.950
    18     20     28     26   5218.648     22.000     -1.950
    19     21     29     27   4583.268     23.000     -1.950
    20     22     30     28   4196.569     24.000     -1.950
    21     23     31     29   3730.480     25.000     -1.950
    22     24     32     30   3382.955     26.000     -1.950
    23     25     33     31   3658.773     27.000     -1.950
    24     26     34     32   4105.737     28.000     -1.950
    25     27     35     33   4832.590     29.000     -1.950
    26     28     36     34   5548.757     30.000     -1.950
    27     29     37     35   5785.899     31.000     -1.950
    28     30     38     36   3909.728     32.000     -1.950
    29     31     39     37   3199.715     33.000     -1.950
    30     32     40     38   2384.151     34.000     -1.950
    31     33     41     39   2030.371     35.000     -1.950
    32     34     42     40   1918.101     36.000     -1.950
    33     35     43     41   1782.680     37.000     -1.950
    34     36     44     42   1836.108     38.000     -1.950
    35     37     45     43   1715.923     39.000     -1.950
    36     38     46     44   1594.955     40.000     -1.950
    37     39     47     45   1563.172     41.000     -1.950
    38     40     48     46   1971.840     42.000     -1.950
     1      3     13     11   2331.758      6.000     -2.340
     2      4     14     12   2787.991      7.000     -2.340
     3      5     15     13   2713.914      8.000     -2.340
     4      6     16     14   2856.559      9.000     -2.340
     5      7     17     15   3910.959     10.000     -2.340
     6      8     18     16   3639.540     11.000     -2.340
     7      9     19     17   3477.065     12.000     -2.340
     8     10     20     18   4735.808     13.000     -2.340
     9     11     21     19   5825.185     14.000     -2.340
    10     12     22     20   4087.248     15.000     -2.340
    11     13     23     21   5047.685     16.000     -2.340
    12     14     24     22   4788.632     17.000     -2.340
    13     15     25     23   3942.506     18.000     -2.340
    14     16     26     24   4455.900     19.000     -2.340
    15     17     27     25   4604.849     20.000     -2.340
    16     18     28     26   3918.521     21.000     -2.340
    17     19     29     27   3619.598     22.000     -2.340
    18     20     30     28   3188.176     23.000     -2.340
    19     21     31     29   2398.101     24.000     -2.340
    20     22     32     30   2261.841     25.000     -2.340
    21     23     33     31   2208.211     26.000     -2.340
    22     24     34     32   2072.969     27.000     -2.340
    23     25     35     33   2236.560     28.000     -2.340
    24     26     36     34   2381.536     29.000     -2.340
    25     27     37     35   2843.245     30.000     -2.340
    26     28     38     36   2577.994     31.000     -2.340
    27     29     39     37   2160.529     32.000     -2.340
    28     30     40     38   1640.530     33.000     -2.340
    29     31     41     39   1422.471     34.000     -2.340
    30     32     42     40   1316.521     35.000     -2.340
    31     33     43     41   1426.225     36.000     -2.340
    32     34     44     42   1328.214     37.000     -2.340
    33     35     45     43    982.419     38.000     -2.340
    34     36     46     44   1122.182     39.000     -2.340
    35     37     47     45   1010.389     40.000     -2.340
    36     38     48     46   1384.515     41.000     -2.340
     1      3     15     13   1417.537      7.000     -2.730
     2      4     16     14   1807.292      8.000     -2.730
     3      5     17     15   2421.898      9.000     -2.730
     4      6     18     16   2319.220     10.000     -2.730
     5      7     19     17   2108.749     11.000     -2.730
     6      8     20     18   2091.253     12.000     -2.730
     7      9     21     19   2086.714     13.000     -2.730
     8     10     22     20   4590.684     14.000     -2.730
     9     11     23     21   2708.685     15.000     -2.730
    10     12     24     22   4451.849     16.000     -2.730
    11     13     25     23   2489.139     17.000     -2.730
    12     14     26     24   2061.697     18.000     -2.730
    13     15     27     25   2847.572     19.000     -2.730
    14     16     28     26   3224.716     20.000     -2.730
    15     17     29     27   3130.374     21.000     -2.730
    16     18     30     28   2328.771     22.000     -2.730
    17     19     31     29   1820.155     23.000     -2.730
    18     20     32     30   1642.356     24.000     -2.730
    19     21     33     31   1343.721     25.000     -2.730
    20     22     34     32   1284.635     26.000     -2.730
    21     23     35     33   1308.108     27.000     -2.730
    22     24     36     34   1165.843     28.000     -2.730
    23     25     37     35   1211.866     29.000     -2.730
    24     26     38     36   1087.797     30.000     -2.730
    25     27     39     37    945.241     31.000     -2.730
    26     28     40     38    906.950     32.000     -2.730
    27     29     41     39    959.254     33.000     -2.730
    28     30     42     40    918.931     34.000     -2.730
    29     31     43     41   1144.389     35.000     -2.730
    30     32     44     42    914.946     36.000     -2.730
    31     33     45     43    698.276     37.000     -2.730
    32     34     46     44    922.058     38.000     -2.730
    33     35     47     45    766.107     39.000     -2.730
    34     36     48     46    481.778     40.000     -2.730
     1      4     16     13   1786.579      7.500     -2.925
     2      5     17     14   2110.470      8.500     -2.925
     3      6     18     15   2315.804      9.500     -2.925
     4      7     19     16   2170.451     10.500     -2.925
     5      8     20     17   2293.320     11.500     -2.925
     6      9     21     18   2302.769     12.500     -2.925
     7     10     22     19   3423.027     13.500     -2.925
     8     11     23     20   3097.069     14.500     -2.925
     9     12     24     21   2945.524     15.500     -2.925
    10     13     25     22   3518.322     16.500     -2.925
    11     14     26     23   2744.918     17.500     -2.925
    12     15     27     24   2543.062     18.500     -2.925
    13     16     28     25   3327.697     19.500     -2.925
    14     17     29     26   3265.804     20.500     -2.925
    15     18     30     27   2791.440     21.500     -2.925
    16     19     31     28   2297.691     22.500     -2.925
    17     20     32     29   1857.465     23.500     -2.925
    18     21     33     30   1556.078     24.500     -2.925
    19     22     34     31   1472.833     25.500     -2.925
    20     23     35     32   1395.282     26.500     -2.925
    21     24     36     33   1355.681     27.500     -2.925
    22     25     37     34   1304.855     28.500     -2.925
    23     26     38     35   1313.733     29.500     -2.925
    24     27     39     36   1237.749     30.500     -2.925
    25     28     40     37   1206.449     31.500     -2.925
    26     29     41     38   1019.527     32.500     -2.925
    27     30     42     39    972.377     33.500     -2.925
    28     31     43     40   1007.556     34.500     -2.925
    29     32     44     41   1116.090     35.500     -2.925
    30     33     45     42    855.059     36.500     -2.925
    31     34     46     43    878.240     37.500     -2.925
    32     35     47     44    804.735     38.500     -2.925
    33     36     48     45    789.641     39.500     -2.925
     1      4     19     16    737.995      9.000     -3.510
     2      5     20     17    672.285     10.000     -3.510
     3      6     21     18    899.260     11.000     -3.510
     4      7     22     19   1093.754     12.000     -3.510
     5      8     23     20   1002.756     13.000     -3.510
     6      9     24     21    868.667     14.000     -3.510
     7     10     25     22   -509.323     15.000     -3.510
     8     11     26     23   1652.534     16.000     -3.510
     9     12     27     24   2094.564     17.000     -3.510
    10     13     28     25   1097.803     18.000     -3.510
    11     14     29     26   1454.659     19.000     -3.510
    12     15     30     27   1371.012     20.000     -3.510
    13     16     31     28   1433.046     21.000     -3.510
    14     17     32     29   1250.857     22.000     -3.510
    15     18     33     30   1013.964     23.000     -3.510
    16     19     34     31    843.401     24.000     -3.510
    17     20     35     32    708.623     25.000     -3.510
    18     21     36     33    671.539     26.000     -3.510
    19     22     37     34    581.875     27.000     -3.510
    20     23     38     35    527.826     28.000     -3.510
    21     24     39     36    399.958     29.000     -3.510
    22     25     40     37    296.213     30.000     -3.510
    23     26     41     38    396.169     31.000     -3.510
    24     27     42     39    482.666     32.000     -3.510
    25     28     43     40    398.126     33.000     -3.510
    26     29     44     41    514.525     34.000     -3.510
    27     30     45     42    557.095     35.000     -3.510
    28     31     46     43    737.701     36.000     -3.510
    29     32     47     44   1059.146     37.000     -3.510
    30     33     48     45    832.619     38.000     -3.510
     1      4     22     19    535.960     10.500     -4.095
     2      5     23     20    171.399     11.500     -4.095
     3      6     24     21    694.581     12.500     -4.095
     4      7     25     22   -153.883     13.500     -4.095
     5      8     26     23    120.236     14.500     -4.095
     6      9     27     24    541.470     15.500     -4.095
     7     10     28     25   1603.074     16.500     -4.095
     8     11     29     26    952.708     17.500     -4.095
     9     12     30     27    844.802     18.500     -4.095
    10     13     31     28    645.041     19.500     -4.095
    11     14     32     29    631.702     20.500     -4.095
    12     15     33     30    501.609     21.500     -4.095
    13     16     34     31    513.385     22.500     -4.095
    14     17     35     32    436.097     23.500     -4.095
    15     18     36     33    438.769     24.500     -4.095
    16     19     37     34    339.888     25.500     -4.095
    17     20     38     35    289.062     26.500     -4.095
    18     21     39     36    193.566     27.500     -4.095
    19     22     40     37    186.282     28.500     -4.095
    20     23     41     38    165.382     29.500     -4.095
    21     24     42     39    202.195     30.500     -4.095
    22     25     43     40     49.975     31.500     -4.095
    23     26     44     41   -417.374     32.500     -4.095
    24     27     45     42    275.168     33.500     -4.095
    25     28     46     43    -96.031     34.500     -4.095
    26     29     47     44    417.334     35.500     -4.095
    27     30     48     45    559.481     36.500     -4.095
     1      5     25     21   -256.821     12.000     -4.680
     2      6     26     22    271.977     13.000     -4.680
     3      7     27     23    470.500     14.000     -4.680
     4      8     28     24    387.975     15.000     -4.680
     5      9     29     25    273.349     16.000     -4.680
     6     10     30     26    690.723     17.000     -4.680
     7     11     31     27    493.346     18.000     -4.680
     8     12     32     28    516.523     19.000     -4.680
     9     13     33     29    394.348     20.000     -4.680
    10     14     34     30    366.631     21.000     -4.680
    11     15     35     31    309.917     22.000     -4.680
    12     16     36     32    251.332     23.000     -4.680
    13     17     37     33    323.096     24.000     -4.680
    14     18     38     34    262.129     25.000     -4.680
    15     19     39     35    226.542     26.000     -4.680
    16     20     40     36    194.543     27.000     -4.680
    17     21     41     37    141.357     28.000     -4.680
    18     22     42     38    141.040     29.000     -4.680
    19     23     43     39    124.965     30.000     -4.680
    20     24     44     40     48.602     31.000     -4.680
    21     25     45     41     89.181     32.000     -4.680
    22     26     46     42   -397.665     33.000     -4.680
    23     27     47     43   -838.458     34.000     -4.680
    24     28     48     44    385.707     35.000     -4.680
     1      5     29     25    543.621     14.000     -5.460
     2      6     30     26    168.998     15.000     -5.460
     3      7     31     27    274.740     16.000     -5.460
     4      8     32     28    181.284     17.000     -5.460
     5      9     33     29    122.500     18.000     -5.460
     6     10     34     30    191.613     19.000     -5.460
     7     11     35     31    135.879     20.000     -5.460
     8     12     36     32    125.429     21.000     -5.460
     9     13     37     33    154.061     22.000     -5.460
    10     14     38     34    125.877     23.000     -5.460
    11     15     39     35    127.329     24.000     -5.460
    12     16     40     36    162.796     25.000     -5.460
    13     17     41     37    122.341     26.000     -5.460
    14     18     42     38    125.640     27.000     -5.460
    15     19     43     39    123.186     28.000     -5.460
    16     20     44     40     62.543     29.000     -5.460
    17     21     45     41     99.620     30.000     -5.460
    18     22     46     42     36.259     31.000     -5.460
    19     23     47     43    -51.354     32.000     -5.460
    20     24     48     44    171.663     33.000     -5.460
     1      6     31     26    171.399     15.000     -5.850
     2      7     32     27    211.850     16.000     -5.850
     3      8     33     28    123.140     17.000     -5.850
     4      9     34     29    134.868     18.000     -5.850
     5     10     35     30    168.741     19.000     -5.850
     6     11     36     31    147.253     20.000     -5.850
     7     12     37     32     98.168     21.000     -5.850
     8     13     38     33    145.254     22.000     -5.850
     9     14     39     34    128.874     23.000     -5.850
    10     15     40     35    152.248     24.000     -5.850
    11     16     41     36    112.287     25.000     -5.850
    12     17     42     37    127.498     26.000     -5.850
    13     18     43     38    113.135     27.000     -5.850
    14     19     44     39    112.984     28.000     -5.850
    15     20     45     40     95.888     29.000     -5.850
    16     21     46     41     87.462     30.000     -5.850
    17     22     47     42     22.167     31.000     -5.850
    18     23     48     43    110.194     32.000     -5.850
     1      6     36     31     59.772     17.500     -6.825
     2      7     37     32     17.747     18.500     -6.825
     3      8     38     33     71.680     19.500     -6.825
     4      9     39     34     63.566     20.500     -6.825
     5     10     40     35     94.078     21.500     -6.825
     6     11     41     36     72.010     22.500     -6.825
     7     12     42     37    105.195     23.500     -6.825
     8     13     43     38    101.698     24.500     -6.825
     9     14     44     39    111.561     25.500     -6.825
    10     15     45     40     55.781     26.500     -6.825
    11     16     46     41     94.408     27.500     -6.825
    12     17     47     42     92.000     28.500     -6.825
    13     18     48     43    146.725     29.500     -6.825
     1      7     37     31     71.048     18.000     -7.020
     2      8     38     32     30.921     19.000     -7.020
     3      9     39     33     69.487     20.000     -7.020
     4     10     40     34     79.191     21.000     -7.020
     5     11     41     35     80.457     22.000     -7.020
     6     12     42     36     85.569     23.000     -7.020
     7     13     43     37     92.468     24.000     -7.020
     8     14     44     38    100.792     25.000     -7.020
     9     15     45     39    109.840     26.000     -7.020
    10     16     46     40     68.039     27.000     -7.020
    11     17     47     41    109.885     28.000     -7.020
    12     18     48     42    134.903     29.000     -7.020
     1      7     43     37     55.418     21.000     -8.190
     2      8     44     38     64.759     22.000     -8.190
     3      9     45     39     72.716     23.000     -8.190
     4     10     46     40     42.949     24.000     -8.190
     5     11     47     41     86.214     25.000     -8.190
     6     12     48     42    111.350     26.000     -8.190
     1     10     46     37     67.791     22.500     -8.775
     2     11     47     38     85.502     23.500     -8.775
     3     12     48     39     99.921     24.500     -8.775
