48# Number of electrodes
# x z
0.000     0.000
1.000     0.000
2.000     0.000
3.000     0.000
4.000     0.000
5.000     0.000
6.000     0.000
7.000     0.000
8.000     0.000
9.000     0.000
10.000     0.000
11.000     0.000
12.000     0.000
13.000     0.000
14.000     0.000
15.000     0.000
16.000     0.000
17.000     0.000
18.000     0.000
19.000     0.000
20.000     0.000
21.000     0.000
22.000     0.000
23.000     0.000
24.000     0.000
25.000     0.000
26.000     0.000
27.000     0.000
28.000     0.000
29.000     0.000
30.000     0.000
31.000     0.000
32.000     0.000
33.000     0.000
34.000     0.000
35.000     0.000
36.000     0.000
37.000     0.000
38.000     0.000
39.000     0.000
40.000     0.000
41.000     0.000
42.000     0.000
43.000     0.000
44.000     0.000
45.000     0.000
46.000     0.000
47.000     0.000
909# Number of data
# a   b   m   n      rhoa      x      z
     1      4      2      3  21022.891      1.500     -0.330
     2      5      3      4 -366293.063      2.500     -0.330
     3      6      4      5          -      3.500     -0.330
     4      7      5      6 -80902.797      4.500     -0.330
     5      8      6      7 424971.750      5.500     -0.330
     6      9      7      8  50919.750      6.500     -0.330
     7     10      8      9  20990.320      7.500     -0.330
     8     11      9     10  14550.626      8.500     -0.330
     9     12     10     11 -623222.500      9.500     -0.330
    10     13     11     12          -     10.500     -0.330
    11     14     12     13          -     11.500     -0.330
    12     15     13     14          -     12.500     -0.330
    13     16     14     15  11657.696     13.500     -0.330
    14     17     15     16 797143.063     14.500     -0.330
    15     18     16     17 -56655.133     15.500     -0.330
    16     19     17     18 295671.188     16.500     -0.330
    17     20     18     19  76086.422     17.500     -0.330
    18     21     19     20  49016.789     18.500     -0.330
    19     22     20     21   9931.190     19.500     -0.330
    20     23     21     22  11653.846     20.500     -0.330
    21     24     22     23   7652.782     21.500     -0.330
    22     25     23     24   8389.008     22.500     -0.330
    23     26     24     25   9419.187     23.500     -0.330
    24     27     25     26  10332.440     24.500     -0.330
    25     28     26     27  13893.763     25.500     -0.330
    26     29     27     28  68462.703     26.500     -0.330
    27     30     28     29  35806.027     27.500     -0.330
    28     31     29     30  40831.715     28.500     -0.330
    29     32     30     31 -47697.184     29.500     -0.330
    30     33     31     32  54392.230     30.500     -0.330
    31     34     32     33  45072.250     31.500     -0.330
    32     35     33     34  10015.706     32.500     -0.330
    33     36     34     35   7797.188     33.500     -0.330
    34     37     35     36   6678.473     34.500     -0.330
    35     38     36     37   4492.138     35.500     -0.330
    36     39     37     38   3360.109     36.500     -0.330
    37     40     38     39   2491.124     37.500     -0.330
    38     41     39     40   3097.540     38.500     -0.330
    39     42     40     41   3361.566     39.500     -0.330
    40     43     41     42   5069.779     40.500     -0.330
    41     44     42     43   5753.464     41.500     -0.330
    42     45     43     44  14516.784     42.500     -0.330
    43     46     44     45 352714.250     43.500     -0.330
    44     47     45     46          -     44.500     -0.330
    45     48     46     47          -     45.500     -0.330
     1      7      3      5 349127.469      3.000     -0.660
     2      8      4      6 -14499.256      4.000     -0.660
     3      9      5      7 730867.563      5.000     -0.660
     4     10      6      8 -298537.031      6.000     -0.660
     5     11      7      9 260749.547      7.000     -0.660
     6     12      8     10 894191.063      8.000     -0.660
     7     13      9     11 -33182.293      9.000     -0.660
     8     14     10     12  16951.670     10.000     -0.660
     9     15     11     13          -     11.000     -0.660
    10     16     12     14 -143920.875     12.000     -0.660
    11     17     13     15 -1937892.630     13.000     -0.660
    12     18     14     16 -1091144.880     14.000     -0.660
    13     19     15     17 -1358761.750     15.000     -0.660
    14     20     16     18  10130.495     16.000     -0.660
    15     21     17     19  13510.606     17.000     -0.660
    16     22     18     20 183946.484     18.000     -0.660
    17     23     19     21 565105.938     19.000     -0.660
    18     24     20     22   3936.479     20.000     -0.660
    19     25     21     23   8681.666     21.000     -0.660
    20     26     22     24   5922.234     22.000     -0.660
    21     27     23     25   5946.586     23.000     -0.660
    22     28     24     26   3567.995     24.000     -0.660
    23     29     25     27   6047.692     25.000     -0.660
    24     30     26     28  13060.581     26.000     -0.660
    25     31     27     29 136840.719     27.000     -0.660
    26     32     28     30  37727.676     28.000     -0.660
    27     33     29     31  30894.775     29.000     -0.660
    28     34     30     32  11314.133     30.000     -0.660
    29     35     31     33 183887.656     31.000     -0.660
    30     36     32     34  43160.746     32.000     -0.660
    31     37     33     35   4938.671     33.000     -0.660
    32     38     34     36   5479.968     34.000     -0.660
    33     39     35     37   4199.747     35.000     -0.660
    34     40     36     38   3437.220     36.000     -0.660
    35     41     37     39   2405.197     37.000     -0.660
    36     42     38     40   2376.763     38.000     -0.660
    37     43     39     41   2755.094     39.000     -0.660
    38     44     40     42   4083.974     40.000     -0.660
    39     45     41     43   6286.465     41.000     -0.660
    40     46     42     44  78790.484     42.000     -0.660
    41     47     43     45 138839.922     43.000     -0.660
    42     48     44     46  86737.836     44.000     -0.660
     1     10      4      7  69915.922      4.500     -0.990
     2     11      5      8 133309.828      5.500     -0.990
     3     12      6      9 -960331.125      6.500     -0.990
     4     13      7     10 1621667.250      7.500     -0.990
     5     14      8     11   8812.488      8.500     -0.990
     6     15      9     12 -1130041.750      9.500     -0.990
     7     16     10     13 992287.750     10.500     -0.990
     8     17     11     14    744.840     11.500     -0.990
     9     18     12     15 -281453.469     12.500     -0.990
    10     19     13     16 200470.359     13.500     -0.990
    11     20     14     17   5010.870     14.500     -0.990
    12     21     15     18 -238990.375     15.500     -0.990
    13     22     16     19 3262711.500     16.500     -0.990
    14     23     17     20  25607.404     17.500     -0.990
    15     24     18     21  -1892.103     18.500     -0.990
    16     25     19     22 191048.813     19.500     -0.990
    17     26     20     23  19554.096     20.500     -0.990
    18     27     21     24  -4312.024     21.500     -0.990
    19     28     22     25  10980.997     22.500     -0.990
    20     29     23     26   4651.109     23.500     -0.990
    21     30     24     27   1164.036     24.500     -0.990
    22     31     25     28  32249.291     25.500     -0.990
    23     32     26     29 124303.344     26.500     -0.990
    24     33     27     30   8555.745     27.500     -0.990
    25     34     28     31  21307.689     28.500     -0.990
    26     35     29     32  10919.764     29.500     -0.990
    27     36     30     33   1643.740     30.500     -0.990
    28     37     31     34 120670.086     31.500     -0.990
    29     38     32     35 101182.328     32.500     -0.990
    30     39     33     36   5195.560     33.500     -0.990
    31     40     34     37   5535.775     34.500     -0.990
    32     41     35     38   3899.551     35.500     -0.990
    33     42     36     39   3223.922     36.500     -0.990
    34     43     37     40   1777.157     37.500     -0.990
    35     44     38     41   1987.495     38.500     -0.990
    36     45     39     42   2564.935     39.500     -0.990
    37     46     40     43  35499.840     40.500     -0.990
    38     47     41     44 196023.969     41.500     -0.990
    39     48     42     45  29688.068     42.500     -0.990
     1     13      5      9 -2377272.250      6.000     -1.320
     2     14      6     10  -1008.404      7.000     -1.320
     3     15      7     11  72596.078      8.000     -1.320
     4     16      8     12 2574998.750      9.000     -1.320
     5     17      9     13 2365646.750     10.000     -1.320
     6     18     10     14 468999.063     11.000     -1.320
     7     19     11     15   3894.520     12.000     -1.320
     8     20     12     16  14640.156     13.000     -1.320
     9     21     13     17  75049.414     14.000     -1.320
    10     22     14     18 -202163.781     15.000     -1.320
    11     23     15     19   4197.555     16.000     -1.320
    12     24     16     20 3142413.250     17.000     -1.320
    13     25     17     21 4965094.500     18.000     -1.320
    14     26     18     22   3242.094     19.000     -1.320
    15     27     19     23   5487.379     20.000     -1.320
    16     28     20     24 -28453.434     21.000     -1.320
    17     29     21     25  34995.734     22.000     -1.320
    18     30     22     26  11114.352     23.000     -1.320
    19     31     23     27   1914.989     24.000     -1.320
    20     32     24     28 -13924.826     25.000     -1.320
    21     33     25     29   5660.280     26.000     -1.320
    22     34     26     30   1036.514     27.000     -1.320
    23     35     27     31  15810.563     28.000     -1.320
    24     36     28     32    668.167     29.000     -1.320
    25     37     29     33   4397.855     30.000     -1.320
    26     38     30     34   5251.195     31.000     -1.320
    27     39     31     35   9749.368     32.000     -1.320
    28     40     32     36  27187.646     33.000     -1.320
    29     41     33     37 -10067.824     34.000     -1.320
    30     42     34     38   1268.299     35.000     -1.320
    31     43     35     39   1517.967     36.000     -1.320
    32     44     36     40    680.544     37.000     -1.320
    33     45     37     41 163176.875     38.000     -1.320
    34     46     38     42 588049.063     39.000     -1.320
    35     47     39     43 1004116.880     40.000     -1.320
    36     48     40     44 -49065.270     41.000     -1.320
     1     16      6     11 -377566.281      7.500     -1.650
     2     17      7     12 3680959.750      8.500     -1.650
     3     18      8     13 -119452.906      9.500     -1.650
     4     19      9     14  -1270.554     10.500     -1.650
     5     20     10     15 3477357.000     11.500     -1.650
     6     21     11     16 -796721.625     12.500     -1.650
     7     22     12     17 212652.203     13.500     -1.650
     8     23     13     18  31817.756     14.500     -1.650
     9     24     14     19   5339.837     15.500     -1.650
    10     25     15     20    524.677     16.500     -1.650
    11     26     16     21  49927.320     17.500     -1.650
    12     27     17     22 4087827.000     18.500     -1.650
    13     28     18     23 758825.938     19.500     -1.650
    14     29     19     24 -40503.484     20.500     -1.650
    15     30     20     25   3646.321     21.500     -1.650
    16     31     21     26   -817.914     22.500     -1.650
    17     32     22     27  72232.602     23.500     -1.650
    18     33     23     28  -4555.372     24.500     -1.650
    19     34     24     29  22327.990     25.500     -1.650
    20     35     25     30   1716.196     26.500     -1.650
    21     36     26     31  39386.793     27.500     -1.650
    22     37     27     32    245.148     28.500     -1.650
    23     38     28     33   4552.095     29.500     -1.650
    24     39     29     34    499.548     30.500     -1.650
    25     40     30     35   9000.172     31.500     -1.650
    26     41     31     36  27365.291     32.500     -1.650
    27     42     32     37   5395.497     33.500     -1.650
    28     43     33     38   1655.871     34.500     -1.650
    29     44     34     39   4494.237     35.500     -1.650
    30     45     35     40  -1708.712     36.500     -1.650
    31     46     36     41 -17233.143     37.500     -1.650
    32     47     37     42 836891.313     38.500     -1.650
    33     48     38     43 -47549.512     39.500     -1.650
     1     19      7     13 924284.875      9.000     -1.980
     2     20      8     14   1487.166     10.000     -1.980
     3     21      9     15   5735.482     11.000     -1.980
     4     22     10     16  39090.324     12.000     -1.980
     5     23     11     17 -2695665.500     13.000     -1.980
     6     24     12     18 2136562.000     14.000     -1.980
     7     25     13     19 710801.250     15.000     -1.980
     8     26     14     20   1026.174     16.000     -1.980
     9     27     15     21   1669.780     17.000     -1.980
    10     28     16     22 2191373.500     18.000     -1.980
    11     29     17     23 -262558.438     19.000     -1.980
    12     30     18     24 527332.438     20.000     -1.980
    13     31     19     25 625342.500     21.000     -1.980
    14     32     20     26  -1714.284     22.000     -1.980
    15     33     21     27    321.924     23.000     -1.980
    16     34     22     28  -2590.796     24.000     -1.980
    17     35     23     29 -220552.422     25.000     -1.980
    18     36     24     30  12401.915     26.000     -1.980
    19     37     25     31 -69801.750     27.000     -1.980
    20     38     26     32  -1192.121     28.000     -1.980
    21     39     27     33   1206.104     29.000     -1.980
    22     40     28     34    931.945     30.000     -1.980
    23     41     29     35  -1798.289     31.000     -1.980
    24     42     30     36   3590.675     32.000     -1.980
    25     43     31     37  13334.986     33.000     -1.980
    26     44     32     38   8853.086     34.000     -1.980
    27     45     33     39    357.802     35.000     -1.980
    28     46     34     40  35168.445     36.000     -1.980
    29     47     35     41 237573.281     37.000     -1.980
    30     48     36     42 -500702.750     38.000     -1.980
     1     22      8     15    983.836     10.500     -2.310
     2     23      9     16 -82558.516     11.500     -2.310
     3     24     10     17 509091.156     12.500     -2.310
     4     25     11     18 -21749.756     13.500     -2.310
     5     26     12     19 4547932.500     14.500     -2.310
     6     27     13     20 2005478.630     15.500     -2.310
     7     28     14     21  -1425.422     16.500     -2.310
     8     29     15     22   2287.871     17.500     -2.310
     9     30     16     23 179363.188     18.500     -2.310
    10     31     17     24 1679770.500     19.500     -2.310
    11     32     18     25 -34722.375     20.500     -2.310
    12     33     19     26 839763.250     21.500     -2.310
    13     34     20     27  41860.633     22.500     -2.310
    14     35     21     28    832.492     23.500     -2.310
    15     36     22     29  29188.006     24.500     -2.310
    16     37     23     30 -106094.188     25.500     -2.310
    17     38     24     31 -290190.750     26.500     -2.310
    18     39     25     32 -54843.238     27.500     -2.310
    19     40     26     33   1546.242     28.500     -2.310
    20     41     27     34    827.769     29.500     -2.310
    21     42     28     35   1166.283     30.500     -2.310
    22     43     29     36 -18958.520     31.500     -2.310
    23     44     30     37    779.050     32.500     -2.310
    24     45     31     38 -158854.500     33.500     -2.310
    25     46     32     39  27931.881     34.500     -2.310
    26     47     33     40   1613.755     35.500     -2.310
    27     48     34     41 -54629.309     36.500     -2.310
     1     25      9     17 -15987.038     12.000     -2.640
     2     26     10     18 124979.992     13.000     -2.640
     3     27     11     19 -107200.594     14.000     -2.640
     4     28     12     20 440281.469     15.000     -2.640
     5     29     13     21 2575442.000     16.000     -2.640
     6     30     14     22  -6450.369     17.000     -2.640
     7     31     15     23  -3424.990     18.000     -2.640
     8     32     16     24  41162.004     19.000     -2.640
     9     33     17     25 140283.484     20.000     -2.640
    10     34     18     26 408656.000     21.000     -2.640
    11     35     19     27   5495.601     22.000     -2.640
    12     36     20     28 -74667.164     23.000     -2.640
    13     37     21     29 -422355.281     24.000     -2.640
    14     38     22     30   3002.503     25.000     -2.640
    15     39     23     31   5906.571     26.000     -2.640
    16     40     24     32 -141724.594     27.000     -2.640
    17     41     25     33   3743.874     28.000     -2.640
    18     42     26     34   2038.668     29.000     -2.640
    19     43     27     35    940.869     30.000     -2.640
    20     44     28     36   7535.515     31.000     -2.640
    21     45     29     37 -150261.172     32.000     -2.640
    22     46     30     38  11458.771     33.000     -2.640
    23     47     31     39 -2018334.880     34.000     -2.640
    24     48     32     40  12235.187     35.000     -2.640
     1     28     10     19  35089.641     13.500     -2.970
     2     29     11     20    123.446     14.500     -2.970
     3     30     12     21 1796364.500     15.500     -2.970
     4     31     13     22 155367.359     16.500     -2.970
     5     32     14     23  22226.398     17.500     -2.970
     6     33     15     24 -31435.803     18.500     -2.970
     7     34     16     25 1006070.500     19.500     -2.970
     8     35     17     26  32209.393     20.500     -2.970
     9     36     18     27  11927.381     21.500     -2.970
    10     37     19     28 354619.313     22.500     -2.970
    11     38     20     29  30164.814     23.500     -2.970
    12     39     21     30 -109451.641     24.500     -2.970
    13     40     22     31 -567979.313     25.500     -2.970
    14     41     23     32  -3564.983     26.500     -2.970
    15     42     24     33   1443.069     27.500     -2.970
    16     43     25     34   8648.044     28.500     -2.970
    17     44     26     35   6872.303     29.500     -2.970
    18     45     27     36   2718.521     30.500     -2.970
    19     46     28     37  58287.313     31.500     -2.970
    20     47     29     38 229962.531     32.500     -2.970
    21     48     30     39  -1884.388     33.500     -2.970
     1     31     11     21   4425.122     15.000     -3.300
     2     32     12     22 275610.531     16.000     -3.300
     3     33     13     23 1788710.880     17.000     -3.300
     4     34     14     24  -5870.625     18.000     -3.300
     5     35     15     25   7570.484     19.000     -3.300
     6     36     16     26 1630685.750     20.000     -3.300
     7     37     17     27 637542.500     21.000     -3.300
     8     38     18     28  -2265.032     22.000     -3.300
     9     39     19     29  26906.992     23.000     -3.300
    10     40     20     30 -25434.961     24.000     -3.300
    11     41     21     31  -4601.290     25.000     -3.300
    12     42     22     32 -362439.438     26.000     -3.300
    13     43     23     33  19624.586     27.000     -3.300
    14     44     24     34   -488.172     28.000     -3.300
    15     45     25     35  -2228.771     29.000     -3.300
    16     46     26     36  33471.594     30.000     -3.300
    17     47     27     37  27603.916     31.000     -3.300
    18     48     28     38  12049.202     32.000     -3.300
     1     34     12     23  93220.422     16.500     -3.630
     2     35     13     24 206166.281     17.500     -3.630
     3     36     14     25   5822.112     18.500     -3.630
     4     37     15     26   -525.012     19.500     -3.630
     5     38     16     27 5179516.000     20.500     -3.630
     6     39     17     28 2467675.000     21.500     -3.630
     7     40     18     29 140221.766     22.500     -3.630
     8     41     19     30   3123.817     23.500     -3.630
     9     42     20     31  -6391.952     24.500     -3.630
    10     43     21     32 -168747.891     25.500     -3.630
    11     44     22     33    805.584     26.500     -3.630
    12     45     23     34  -1354.931     27.500     -3.630
    13     46     24     35 117125.719     28.500     -3.630
    14     47     25     36  11735.388     29.500     -3.630
    15     48     26     37   1214.033     30.500     -3.630
     1     37     13     25  69697.516     18.000     -3.960
     2     38     14     26  -1549.207     19.000     -3.960
     3     39     15     27  -1295.266     20.000     -3.960
     4     40     16     28 423956.000     21.000     -3.960
     5     41     17     29 5324523.000     22.000     -3.960
     6     42     18     30 277509.969     23.000     -3.960
     7     43     19     31 -28589.664     24.000     -3.960
     8     44     20     32    140.603     25.000     -3.960
     9     45     21     33   6898.561     26.000     -3.960
    10     46     22     34  21021.326     27.000     -3.960
    11     47     23     35   6018.965     28.000     -3.960
    12     48     24     36 184852.313     29.000     -3.960
     1     40     14     27     51.274     19.500     -4.290
     2     41     15     28  -1549.692     20.500     -4.290
     3     42     16     29 2223417.500     21.500     -4.290
     4     43     17     30 346921.875     22.500     -4.290
     5     44     18     31 174080.063     23.500     -4.290
     6     45     19     32 249239.875     24.500     -4.290
     7     46     20     33  45288.336     25.500     -4.290
     8     47     21     34   -501.605     26.500     -4.290
     9     48     22     35   1991.425     27.500     -4.290
     1     43     15     29  46905.797     21.000     -4.620
     2     44     16     30 116998.242     22.000     -4.620
     3     45     17     31 1491379.500     23.000     -4.620
     4     46     18     32 -291710.813     24.000     -4.620
     5     47     19     33 621716.125     25.000     -4.620
     6     48     20     34  12141.137     26.000     -4.620
     1     46     16     31 316246.781     22.500     -4.950
     2     47     17     32  73835.586     23.500     -4.950
     3     48     18     33 345070.813     24.500     -4.950
     1      2      4      3  41136.840      1.500     -0.585
     2      3      5      4 -1082792.130      2.500     -0.585
     3      4      6      5 -669171.063      3.500     -0.585
     4      5      7      6 1069803.000      4.500     -0.585
     5      6      8      7 -463664.375      5.500     -0.585
     6      7      9      8  23082.186      6.500     -0.585
     7      8     10      9 215163.266      7.500     -0.585
     8      9     11     10  59304.227      8.500     -0.585
     9     10     12     11 -1507044.130      9.500     -0.585
    10     11     13     12 -52766.336     10.500     -0.585
    11     12     14     13          -     11.500     -0.585
    12     13     15     14   6429.206     12.500     -0.585
    13     14     16     15 4154949.000     13.500     -0.585
    14     15     17     16   5401.606     14.500     -0.585
    15     16     18     17 2041456.380     15.500     -0.585
    16     17     19     18 -692259.125     16.500     -0.585
    17     18     20     19 -520669.938     17.500     -0.585
    18     19     21     20  16752.977     18.500     -0.585
    19     20     22     21  21242.506     19.500     -0.585
    20     21     23     22   8575.149     20.500     -0.585
    21     22     24     23  10031.406     21.500     -0.585
    22     23     25     24   7531.672     22.500     -0.585
    23     24     26     25   9893.333     23.500     -0.585
    24     25     27     26  13235.528     24.500     -0.585
    25     26     28     27  17805.752     25.500     -0.585
    26     27     29     28  13455.949     26.500     -0.585
    27     28     30     29 258309.578     27.500     -0.585
    28     29     31     30 -107876.953     28.500     -0.585
    29     30     32     31 -71857.484     29.500     -0.585
    30     31     33     32  69516.992     30.500     -0.585
    31     32     34     33  13827.224     31.500     -0.585
    32     33     35     34  11838.351     32.500     -0.585
    33     34     36     35  11716.776     33.500     -0.585
    34     35     37     36   5987.414     34.500     -0.585
    35     36     38     37   4387.014     35.500     -0.585
    36     37     39     38   3582.337     36.500     -0.585
    37     38     40     39   2751.685     37.500     -0.585
    38     39     41     40  10553.186     38.500     -0.585
    39     40     42     41  -5353.562     39.500     -0.585
    40     41     43     42  -4523.671     40.500     -0.585
    41     42     44     43  -2407.607     41.500     -0.585
    42     43     45     44  -3173.879     42.500     -0.585
    43     44     46     45 -13933.313     43.500     -0.585
    44     45     47     46 -22645.029     44.500     -0.585
    45     46     48     47 -73472.258     45.500     -0.585
     1      2      5      4 -466641.344      2.000     -0.780
     2      3      6      5 3096707.250      3.000     -0.780
     3      4      7      6 -1036482.190      4.000     -0.780
     4      5      8      7 2078120.130      5.000     -0.780
     5      6      9      8 229431.406      6.000     -0.780
     6      7     10      9 1413720.630      7.000     -0.780
     7      8     11     10 -784813.438      8.000     -0.780
     8      9     12     11 -331280.313      9.000     -0.780
     9     10     13     12 328101.250     10.000     -0.780
    10     11     14     13 -6273243.500     11.000     -0.780
    11     12     15     14  11979.348     12.000     -0.780
    12     13     16     15 -1134193.880     13.000     -0.780
    13     14     17     16 -719371.563     14.000     -0.780
    14     15     18     17  20575.289     15.000     -0.780
    15     16     19     18 116905.883     16.000     -0.780
    16     17     20     19 291938.656     17.000     -0.780
    17     18     21     20  42126.508     18.000     -0.780
    18     19     22     21  31584.701     19.000     -0.780
    19     20     23     22  -5722.425     20.000     -0.780
    20     21     24     23   6294.305     21.000     -0.780
    21     22     25     24   5549.951     22.000     -0.780
    22     23     26     25   8088.226     23.000     -0.780
    23     24     27     26   8742.787     24.000     -0.780
    24     25     28     27  -5830.576     25.000     -0.780
    25     26     29     28 -15635.574     26.000     -0.780
    26     27     30     29  60895.867     27.000     -0.780
    27     28     31     30 -268111.000     28.000     -0.780
    28     29     32     31 532221.250     29.000     -0.780
    29     30     33     32 -497711.625     30.000     -0.780
    30     31     34     33   7241.700     31.000     -0.780
    31     32     35     34  -9294.040     32.000     -0.780
    32     33     36     35  -1795.911     33.000     -0.780
    33     34     37     36   9453.168     34.000     -0.780
    34     35     38     37   4107.478     35.000     -0.780
    35     36     39     38   4198.340     36.000     -0.780
    36     37     40     39   3500.424     37.000     -0.780
    37     38     41     40   2531.013     38.000     -0.780
    38     39     42     41 -46535.652     39.000     -0.780
    39     40     43     42 -21487.588     40.000     -0.780
    40     41     44     43 -18137.883     41.000     -0.780
    41     42     45     44  -9672.319     42.000     -0.780
    42     43     46     45 -12826.794     43.000     -0.780
    43     44     47     46 -55988.941     44.000     -0.780
    44     45     48     47 -91328.383     45.000     -0.780
     1      2      6      5 927974.188      2.500     -0.975
     2      3      7      6 2825411.000      3.500     -0.975
     3      4      8      7 -610829.250      4.500     -0.975
     4      5      9      8 -440390.469      5.500     -0.975
     5      6     10      9 13264094.000      6.500     -0.975
     6      7     11     10 -3679663.750      7.500     -0.975
     7      8     12     11 3006348.250      8.500     -0.975
     8      9     13     12 -144678.813      9.500     -0.975
     9     10     14     13 14909523.000     10.500     -0.975
    10     11     15     14  78578.117     11.500     -0.975
    11     12     16     15 -26932868.000     12.500     -0.975
    12     13     17     16 -2861757.250     13.500     -0.975
    13     14     18     17 -32867500.000     14.500     -0.975
    14     15     19     18   4009.186     15.500     -0.975
    15     16     20     19 1405707.130     16.500     -0.975
    16     17     21     20 -133072.156     17.500     -0.975
    17     18     22     21 399446.656     18.500     -0.975
    18     19     23     22 -25316.264     19.500     -0.975
    19     20     24     23 131842.797     20.500     -0.975
    20     21     25     24   2180.930     21.500     -0.975
    21     22     26     25   6999.610     22.500     -0.975
    22     23     27     26   6723.841     23.500     -0.975
    23     24     28     27   4082.134     24.500     -0.975
    24     25     29     28 -87616.977     25.500     -0.975
    25     26     30     29 100399.352     26.500     -0.975
    26     27     31     30 114829.445     27.500     -0.975
    27     28     32     31 935256.625     28.500     -0.975
    28     29     33     32 614984.625     29.500     -0.975
    29     30     34     33  74214.820     30.500     -0.975
    30     31     35     34  59272.598     31.500     -0.975
    31     32     36     35 149276.547     32.500     -0.975
    32     33     37     36  17985.297     33.500     -0.975
    33     34     38     37   6964.983     34.500     -0.975
    34     35     39     38   2730.923     35.500     -0.975
    35     36     40     39   2563.331     36.500     -0.975
    36     37     41     40 130686.102     37.500     -0.975
    37     38     42     41 -119670.359     38.500     -0.975
    38     39     43     42 -116587.711     39.500     -0.975
    39     40     44     43 -53680.516     40.500     -0.975
    40     41     45     44 -45381.738     41.500     -0.975
    41     42     46     45 -24061.619     42.500     -0.975
    42     43     47     46 -32325.258     43.500     -0.975
    43     44     48     47 -140284.563     44.500     -0.975
     1      2      7      6 474230.656      3.000     -1.170
     2      3      8      7 1129478.380      4.000     -1.170
     3      4      9      8 124062.133      5.000     -1.170
     4      5     10      9 -36663260.000      6.000     -1.170
     5      6     11     10 -28077008.000      7.000     -1.170
     6      7     12     11 17305284.000      8.000     -1.170
     7      8     13     12 1311225.880      9.000     -1.170
     8      9     14     13 1434636.380     10.000     -1.170
     9     10     15     14 -83314.672     11.000     -1.170
    10     11     16     15 25418374.000     12.000     -1.170
    11     12     17     16 -4684285.000     13.000     -1.170
    12     13     18     17 11418608.000     14.000     -1.170
    13     14     19     18 -1763463.750     15.000     -1.170
    14     15     20     19  -7033.599     16.000     -1.170
    15     16     21     20   5691.436     17.000     -1.170
    16     17     22     21 -427129.125     18.000     -1.170
    17     18     23     22 -430051.188     19.000     -1.170
    18     19     24     23 246305.297     20.000     -1.170
    19     20     25     24 -195685.188     21.000     -1.170
    20     21     26     25   5284.247     22.000     -1.170
    21     22     27     26   5214.881     23.000     -1.170
    22     23     28     27   5624.557     24.000     -1.170
    23     24     29     28 -30203.891     25.000     -1.170
    24     25     30     29  45936.375     26.000     -1.170
    25     26     31     30   7543.970     27.000     -1.170
    26     27     32     31 -90699.023     28.000     -1.170
    27     28     33     32 -155468.891     29.000     -1.170
    28     29     34     33 -125605.539     30.000     -1.170
    29     30     35     34 -37503.078     31.000     -1.170
    30     31     36     35 -259691.469     32.000     -1.170
    31     32     37     36 -268817.688     33.000     -1.170
    32     33     38     37 -32061.211     34.000     -1.170
    33     34     39     38  12447.305     35.000     -1.170
    34     35     40     39   -169.646     36.000     -1.170
    35     36     41     40 -473341.531     37.000     -1.170
    36     37     42     41 -461694.750     38.000     -1.170
    37     38     43     42 -239699.063     39.000     -1.170
    38     39     44     43 -233103.844     40.000     -1.170
    39     40     45     44 -107769.547     41.000     -1.170
    40     41     46     45 -91294.438     42.000     -1.170
    41     42     47     46 -48159.488     43.000     -1.170
    42     43     48     47 -64946.188     44.000     -1.170
     1      2      8      7 150358.297      3.500     -1.365
     2      3      9      8 -133472.203      4.500     -1.365
     3      4     10      9 15469625.000      5.500     -1.365
     4      5     11     10 66543136.000      6.500     -1.365
     5      6     12     11 36197152.000      7.500     -1.365
     6      7     13     12 -13507654.000      8.500     -1.365
     7      8     14     13 -12597629.000      9.500     -1.365
     8      9     15     14 -10151.137     10.500     -1.365
     9     10     16     15 -37365500.000     11.500     -1.365
    10     11     17     16 -16124320.000     12.500     -1.365
    11     12     18     17 92583128.000     13.500     -1.365
    12     13     19     18 5346673.500     14.500     -1.365
    13     14     20     19 -14875000.000     15.500     -1.365
    14     15     21     20   4612.600     16.500     -1.365
    15     16     22     21 -201248.047     17.500     -1.365
    16     17     23     22 -447154.813     18.500     -1.365
    17     18     24     23 2788799.750     19.500     -1.365
    18     19     25     24 -404218.000     20.500     -1.365
    19     20     26     25    331.187     21.500     -1.365
    20     21     27     26   3579.324     22.500     -1.365
    21     22     28     27   4377.866     23.500     -1.365
    22     23     29     28   1916.529     24.500     -1.365
    23     24     30     29  43249.422     25.500     -1.365
    24     25     31     30 -80716.406     26.500     -1.365
    25     26     32     31 218703.375     27.500     -1.365
    26     27     33     32 -155347.281     28.500     -1.365
    27     28     34     33 -11261.008     29.500     -1.365
    28     29     35     34 124570.406     30.500     -1.365
    29     30     36     35 110148.609     31.500     -1.365
    30     31     37     36 427269.125     32.500     -1.365
    31     32     38     37  19833.600     33.500     -1.365
    32     33     39     38  16929.447     34.500     -1.365
    33     34     40     39  12136.872     35.500     -1.365
    34     35     41     40   3575.827     36.500     -1.365
    35     36     42     41 -283550.125     37.500     -1.365
    36     37     43     42 -809011.563     38.500     -1.365
    37     38     44     43 -421049.531     39.500     -1.365
    38     39     45     44 -407958.156     40.500     -1.365
    39     40     46     45 -188483.578     41.500     -1.365
    40     41     47     46 -158908.391     42.500     -1.365
    41     42     48     47 -85130.688     43.500     -1.365
     1      3      9      7 371715.750      4.000     -1.560
     2      4     10      8 -452920.719      5.000     -1.560
     3      5     11      9 566972.438      6.000     -1.560
     4      6     12     10 -4356614.000      7.000     -1.560
     5      7     13     11 6371742.000      8.000     -1.560
     6      8     14     12 -9360409.000      9.000     -1.560
     7      9     15     13 -2360329.750     10.000     -1.560
     8     10     16     14 -9298915.000     11.000     -1.560
     9     11     17     15 265121.781     12.000     -1.560
    10     12     18     16 4697238.000     13.000     -1.560
    11     13     19     17 28013422.000     14.000     -1.560
    12     14     20     18 -2835726.250     15.000     -1.560
    13     15     21     19 -3432797.250     16.000     -1.560
    14     16     22     20 -38966.113     17.000     -1.560
    15     17     23     21 -38404.996     18.000     -1.560
    16     18     24     22  54518.207     19.000     -1.560
    17     19     25     23 -46741.934     20.000     -1.560
    18     20     26     24 -101024.289     21.000     -1.560
    19     21     27     25   -947.454     22.000     -1.560
    20     22     28     26   4294.668     23.000     -1.560
    21     23     29     27   5536.330     24.000     -1.560
    22     24     30     28   1915.025     25.000     -1.560
    23     25     31     29 -15623.827     26.000     -1.560
    24     26     32     30  37311.328     27.000     -1.560
    25     27     33     31  -7229.439     28.000     -1.560
    26     28     34     32 -62158.316     29.000     -1.560
    27     29     35     33 -56625.137     30.000     -1.560
    28     30     36     34  -9416.938     31.000     -1.560
    29     31     37     35  -6296.658     32.000     -1.560
    30     32     38     36 -10935.762     33.000     -1.560
    31     33     39     37  -8510.351     34.000     -1.560
    32     34     40     38  10694.817     35.000     -1.560
    33     35     41     39 125865.508     36.000     -1.560
    34     36     42     40 -182921.078     37.000     -1.560
    35     37     43     41 -64786.223     38.000     -1.560
    36     38     44     42 -185464.813     39.000     -1.560
    37     39     45     43 -94373.758     40.000     -1.560
    38     40     46     44 -93112.438     41.000     -1.560
    39     41     47     45 -42539.715     42.000     -1.560
    40     42     48     46 -36470.758     43.000     -1.560
     1      3     11      9  31191.217      5.000     -1.950
     2      4     12     10 -671451.813      6.000     -1.950
     3      5     13     11 -11131303.000      7.000     -1.950
     4      6     14     12 20524830.000      8.000     -1.950
     5      7     15     13 -15970060.000      9.000     -1.950
     6      8     16     14 9595943.000     10.000     -1.950
     7      9     17     15 2901383.250     11.000     -1.950
     8     10     18     16 20806820.000     12.000     -1.950
     9     11     19     17 -538443.000     13.000     -1.950
    10     12     20     18 3439273.250     14.000     -1.950
    11     13     21     19 3014179.500     15.000     -1.950
    12     14     22     20 239252.813     16.000     -1.950
    13     15     23     21 -44942.602     17.000     -1.950
    14     16     24     22 -95223.023     18.000     -1.950
    15     17     25     23  19024.098     19.000     -1.950
    16     18     26     24 -837030.750     20.000     -1.950
    17     19     27     25 -51198.391     21.000     -1.950
    18     20     28     26  10410.983     22.000     -1.950
    19     21     29     27  66167.188     23.000     -1.950
    20     22     30     28  -2328.899     24.000     -1.950
    21     23     31     29  37726.621     25.000     -1.950
    22     24     32     30  47257.852     26.000     -1.950
    23     25     33     31  90442.133     27.000     -1.950
    24     26     34     32 -74901.391     28.000     -1.950
    25     27     35     33  -4610.524     29.000     -1.950
    26     28     36     34  22986.648     30.000     -1.950
    27     29     37     35  -7475.354     31.000     -1.950
    28     30     38     36  -6893.657     32.000     -1.950
    29     31     39     37  21262.670     33.000     -1.950
    30     32     40     38    287.267     34.000     -1.950
    31     33     41     39 5702052.500     35.000     -1.950
    32     34     42     40 1938357.630     36.000     -1.950
    33     35     43     41 -398243.844     37.000     -1.950
    34     36     44     42 -175269.922     38.000     -1.950
    35     37     45     43 -162385.469     39.000     -1.950
    36     38     46     44 -463491.844     40.000     -1.950
    37     39     47     45 -236323.688     41.000     -1.950
    38     40     48     46 -232793.641     42.000     -1.950
     1      3     13     11 -22023634.000      6.000     -2.340
     2      4     14     12 3638883.250      7.000     -2.340
     3      5     15     13 22559422.000      8.000     -2.340
     4      6     16     14 -13562376.000      9.000     -2.340
     5      7     17     15 39257792.000     10.000     -2.340
     6      8     18     16 -15824927.000     11.000     -2.340
     7      9     19     17 -4934180.500     12.000     -2.340
     8     10     20     18 3192969.500     13.000     -2.340
     9     11     21     19 -157039.813     14.000     -2.340
    10     12     22     20 261654.484     15.000     -2.340
    11     13     23     21  49899.301     16.000     -2.340
    12     14     24     22 1325224.250     17.000     -2.340
    13     15     25     23 -216944.859     18.000     -2.340
    14     16     26     24 444302.906     19.000     -2.340
    15     17     27     25 130819.703     20.000     -2.340
    16     18     28     26 125336.742     21.000     -2.340
    17     19     29     27 131957.453     22.000     -2.340
    18     20     30     28 199662.047     23.000     -2.340
    19     21     31     29 1318014.500     24.000     -2.340
    20     22     32     30  42153.340     25.000     -2.340
    21     23     33     31 -69191.156     26.000     -2.340
    22     24     34     32 -59731.531     27.000     -2.340
    23     25     35     33   5462.504     28.000     -2.340
    24     26     36     34  12472.903     29.000     -2.340
    25     27     37     35   1749.842     30.000     -2.340
    26     28     38     36  17960.611     31.000     -2.340
    27     29     39     37  31011.293     32.000     -2.340
    28     30     40     38 118164.852     33.000     -2.340
    29     31     41     39 2853395.500     34.000     -2.340
    30     32     42     40 2072294.000     35.000     -2.340
    31     33     43     41 -9371957.000     36.000     -2.340
    32     34     44     42 -3269049.000     37.000     -2.340
    33     35     45     43 -799573.375     38.000     -2.340
    34     36     46     44 -351044.406     39.000     -2.340
    35     37     47     45 -324575.875     40.000     -2.340
    36     38     48     46 -928197.188     41.000     -2.340
     1      3     15     13 39524100.000      7.000     -2.730
     2      4     16     14 -3344757.500      8.000     -2.730
     3      5     17     15 -55742812.000      9.000     -2.730
     4      6     18     16 18861860.000     10.000     -2.730
     5      7     19     17 -51020476.000     11.000     -2.730
     6      8     20     18 -5568474.000     12.000     -2.730
     7      9     21     19 -1367826.250     13.000     -2.730
     8     10     22     20 -14204.084     14.000     -2.730
     9     11     23     21    170.475     15.000     -2.730
    10     12     24     22 897674.313     16.000     -2.730
    11     13     25     23  30271.260     17.000     -2.730
    12     14     26     24 -3388405.750     18.000     -2.730
    13     15     27     25 -297809.438     19.000     -2.730
    14     16     28     26  -9502.815     20.000     -2.730
    15     17     29     27 -2066500.880     21.000     -2.730
    16     18     30     28 424370.281     22.000     -2.730
    17     19     31     29 6155666.500     23.000     -2.730
    18     20     32     30 1198633.500     24.000     -2.730
    19     21     33     31 -2506295.750     25.000     -2.730
    20     22     34     32 -49120.797     26.000     -2.730
    21     23     35     33    696.416     27.000     -2.730
    22     24     36     34   -720.562     28.000     -2.730
    23     25     37     35  -1904.389     29.000     -2.730
    24     26     38     36 -13564.537     30.000     -2.730
    25     27     39     37  -1980.259     31.000     -2.730
    26     28     40     38 -146946.625     32.000     -2.730
    27     29     41     39 -29504116.000     33.000     -2.730
    28     30     42     40  37016.383     34.000     -2.730
    29     31     43     41 -19514218.000     35.000     -2.730
    30     32     44     42 -8974004.000     36.000     -2.730
    31     33     45     43 -16411512.000     37.000     -2.730
    32     34     46     44 -5721079.000     38.000     -2.730
    33     35     47     45 -1399034.380     39.000     -2.730
    34     36     48     46 -615522.875     40.000     -2.730
     1      4     16     13 1534733.750      7.500     -2.925
     2      5     17     14 -36113676.000      8.500     -2.925
     3      6     18     15 154557.703      9.500     -2.925
     4      7     19     16 5952532.000     10.500     -2.925
     5      8     20     17 -40504804.000     11.500     -2.925
     6      9     21     18 -2902731.000     12.500     -2.925
     7     10     22     19 3771635.500     13.500     -2.925
     8     11     23     20   1203.627     14.500     -2.925
     9     12     24     21 -217110.125     15.500     -2.925
    10     13     25     22 288563.906     16.500     -2.925
    11     14     26     23    639.056     17.500     -2.925
    12     15     27     24 -1521038.250     18.500     -2.925
    13     16     28     25 123428.773     19.500     -2.925
    14     17     29     26 -859339.563     20.500     -2.925
    15     18     30     27 -159569.594     21.500     -2.925
    16     19     31     28 2365855.250     22.500     -2.925
    17     20     32     29 2124951.500     23.500     -2.925
    18     21     33     30 -160166.750     24.500     -2.925
    19     22     34     31 -1040138.130     25.500     -2.925
    20     23     35     32 -22238.420     26.500     -2.925
    21     24     36     33   3455.972     27.500     -2.925
    22     25     37     34   -912.187     28.500     -2.925
    23     26     38     35   1280.884     29.500     -2.925
    24     27     39     36   9715.117     30.500     -2.925
    25     28     40     37 -25420.889     31.500     -2.925
    26     29     41     38 -12233801.000     32.500     -2.925
    27     30     42     39 -4770977.500     33.500     -2.925
    28     31     43     40 -5025803.000     34.500     -2.925
    29     32     44     41 -8632892.000     35.500     -2.925
    30     33     45     42 -3837860.500     36.500     -2.925
    31     34     46     43 -6850100.000     37.500     -2.925
    32     35     47     44 -2450298.000     38.500     -2.925
    33     36     48     45 -606320.563     39.500     -2.925
     1      4     19     16 4474911.000      9.000     -3.510
     2      5     20     17 72407200.000     10.000     -3.510
     3      6     21     18 -343289.125     11.000     -3.510
     4      7     22     19 227743.125     12.000     -3.510
     5      8     23     20 -83503.211     13.000     -3.510
     6      9     24     21 559618.500     14.000     -3.510
     7     10     25     22 381048.969     15.000     -3.510
     8     11     26     23   -167.893     16.000     -3.510
     9     12     27     24 813887.438     17.000     -3.510
    10     13     28     25 125158.125     18.000     -3.510
    11     14     29     26 -12986.410     19.000     -3.510
    12     15     30     27 1377088.880     20.000     -3.510
    13     16     31     28 6990913.000     21.000     -3.510
    14     17     32     29 1659168.630     22.000     -3.510
    15     18     33     30 293112.313     23.000     -3.510
    16     19     34     31 -4975559.000     24.000     -3.510
    17     20     35     32 -4997037.500     25.000     -3.510
    18     21     36     33  -1521.160     26.000     -3.510
    19     22     37     34  -3303.575     27.000     -3.510
    20     23     38     35    468.563     28.000     -3.510
    21     24     39     36   2067.647     29.000     -3.510
    22     25     40     37   7756.221     30.000     -3.510
    23     26     41     38 -2102366.750     31.000     -3.510
    24     27     42     39 263936.000     32.000     -3.510
    25     28     43     40 -11529511.000     33.000     -3.510
    26     29     44     41 -1409094.250     34.000     -3.510
    27     30     45     42 -1121934.250     35.000     -3.510
    28     31     46     43 -7542002.500     36.000     -3.510
    29     32     47     44 -17247190.000     37.000     -3.510
    30     33     48     45 -7666327.500     38.000     -3.510
     1      4     22     19 482858.594     10.500     -4.095
     2      5     23     20 426284.313     11.500     -4.095
     3      6     24     21 560587.000     12.500     -4.095
     4      7     25     22 -55069.293     13.500     -4.095
     5      8     26     23 -426496.094     14.500     -4.095
     6      9     27     24 -1188112.500     15.500     -4.095
     7     10     28     25  86053.688     16.500     -4.095
     8     11     29     26 -25933.018     17.500     -4.095
     9     12     30     27 -2079778.250     18.500     -4.095
    10     13     31     28 5397133.500     19.500     -4.095
    11     14     32     29 115546.352     20.500     -4.095
    12     15     33     30 -2271671.750     21.500     -4.095
    13     16     34     31 -12515933.000     22.500     -4.095
    14     17     35     32 410618.938     23.500     -4.095
    15     18     36     33  77070.102     24.500     -4.095
    16     19     37     34 -27524.752     25.500     -4.095
    17     20     38     35 125898.977     26.500     -4.095
    18     21     39     36  18624.283     27.500     -4.095
    19     22     40     37  90611.789     28.500     -4.095
    20     23     41     38 355249.594     29.500     -4.095
    21     24     42     39 -2407049.250     30.500     -4.095
    22     25     43     40 533242.688     31.500     -4.095
    23     26     44     41 -316193.438     32.500     -4.095
    24     27     45     42 -1882127.630     33.500     -4.095
    25     28     46     43 -1051060.750     34.500     -4.095
    26     29     47     44 -2476477.750     35.500     -4.095
    27     30     48     45 -1962134.500     36.500     -4.095
     1      5     25     21  45187.668     12.000     -4.680
     2      6     26     22  59867.703     13.000     -4.680
     3      7     27     23 -101142.203     14.000     -4.680
     4      8     28     24 -126547.789     15.000     -4.680
     5      9     29     25 608516.500     16.000     -4.680
     6     10     30     26 -335148.156     17.000     -4.680
     7     11     31     27 1102506.880     18.000     -4.680
     8     12     32     28 -174958.594     19.000     -4.680
     9     13     33     29 2687600.250     20.000     -4.680
    10     14     34     30 -820839.438     21.000     -4.680
    11     15     35     31 -86868.570     22.000     -4.680
    12     16     36     32 -6778888.500     23.000     -4.680
    13     17     37     33  75291.164     24.000     -4.680
    14     18     38     34 -15836.646     25.000     -4.680
    15     19     39     35  -6796.396     26.000     -4.680
    16     20     40     36 171439.000     27.000     -4.680
    17     21     41     37 58017696.000     28.000     -4.680
    18     22     42     38 14166961.000     29.000     -4.680
    19     23     43     39 14168507.000     30.000     -4.680
    20     24     44     40 -2007128.000     31.000     -4.680
    21     25     45     41 -520602.313     32.000     -4.680
    22     26     46     42 -903645.750     33.000     -4.680
    23     27     47     43 -198723.047     34.000     -4.680
    24     28     48     44 -1427555.500     35.000     -4.680
     1      5     29     25 -3142896.250     14.000     -5.460
     2      6     30     26 -601073.563     15.000     -5.460
     3      7     31     27 3107655.750     16.000     -5.460
     4      8     32     28 477990.844     17.000     -5.460
     5      9     33     29 -1232088.500     18.000     -5.460
     6     10     34     30 637052.875     19.000     -5.460
     7     11     35     31 -1934983.250     20.000     -5.460
     8     12     36     32 710908.750     21.000     -5.460
     9     13     37     33 379225.938     22.000     -5.460
    10     14     38     34  74333.602     23.000     -5.460
    11     15     39     35   1801.075     24.000     -5.460
    12     16     40     36 294611.000     25.000     -5.460
    13     17     41     37 -12317717.000     26.000     -5.460
    14     18     42     38 -28228928.000     27.000     -5.460
    15     19     43     39 -26717556.000     28.000     -5.460
    16     20     44     40 86169816.000     29.000     -5.460
    17     21     45     41 -58907032.000     30.000     -5.460
    18     22     46     42 -18597438.000     31.000     -5.460
    19     23     47     43 -18152286.000     32.000     -5.460
    20     24     48     44 -913607.438     33.000     -5.460
     1      6     31     26 -774821.313     15.000     -5.850
     2      7     32     27 159736.219     16.000     -5.850
     3      8     33     28 -76778.094     17.000     -5.850
     4      9     34     29  32401.402     18.000     -5.850
     5     10     35     30 -528729.313     19.000     -5.850
     6     11     36     31 -3255168.750     20.000     -5.850
     7     12     37     32 -220083.359     21.000     -5.850
     8     13     38     33 296231.719     22.000     -5.850
     9     14     39     34   3268.509     23.000     -5.850
    10     15     40     35 152012.047     24.000     -5.850
    11     16     41     36 -66797292.000     25.000     -5.850
    12     17     42     37 -16288243.000     26.000     -5.850
    13     18     43     38 45579200.000     27.000     -5.850
    14     19     44     39 -19344048.000     28.000     -5.850
    15     20     45     40 -25884.178     29.000     -5.850
    16     21     46     41 -46766212.000     30.000     -5.850
    17     22     47     42 -41741244.000     31.000     -5.850
    18     23     48     43 -12821960.000     32.000     -5.850
     1      6     36     31 1520034.880     17.500     -6.825
     2      7     37     32 -271907.531     18.500     -6.825
     3      8     38     33   6779.117     19.500     -6.825
     4      9     39     34   8440.992     20.500     -6.825
     5     10     40     35 379166.750     21.500     -6.825
     6     11     41     36 27144996.000     22.500     -6.825
     7     12     42     37 -105114176.000     23.500     -6.825
     8     13     43     38 -186229424.000     24.500     -6.825
     9     14     44     39 1613874.750     25.500     -6.825
    10     15     45     40 56214528.000     26.500     -6.825
    11     16     46     41 -1508209.000     27.500     -6.825
    12     17     47     42 -112390672.000     28.500     -6.825
    13     18     48     43 -94340456.000     29.500     -6.825
     1      7     37     31 354668.281     18.000     -7.020
     2      8     38     32 -244242.234     19.000     -7.020
     3      9     39     33  14865.523     20.000     -7.020
     4     10     40     34     36.191     21.000     -7.020
     5     11     41     35 66797816.000     22.000     -7.020
     6     12     42     36 -60315956.000     23.000     -7.020
     7     13     43     37 -87153840.000     24.000     -7.020
     8     14     44     38 -478629.844     25.000     -7.020
     9     15     45     39 1179708.130     26.000     -7.020
    10     16     46     40 -33566160.000     27.000     -7.020
    11     17     47     41 -9379626.000     28.000     -7.020
    12     18     48     42 -57598520.000     29.000     -7.020
     1      7     43     37 -14611493.000     21.000     -8.190
     2      8     44     38 2386396.000     22.000     -8.190
     3      9     45     39 23517868.000     23.000     -8.190
     4     10     46     40 -69503392.000     24.000     -8.190
     5     11     47     41 -89150896.000     25.000     -8.190
     6     12     48     42 -16178672.000     26.000     -8.190
     1     10     46     37 -31926848.000     22.500     -8.775
     2     11     47     38 746389.063     23.500     -8.775
     3     12     48     39 -47953912.000     24.500     -8.775
