48# Number of electrodes
# x z
0.000     0.000
1.000     0.000
2.000     0.000
3.000     0.000
4.000     0.000
5.000     0.000
6.000     0.000
7.000     0.000
8.000     0.000
9.000     0.000
10.000     0.000
11.000     0.000
12.000     0.000
13.000     0.000
14.000     0.000
15.000     0.000
16.000     0.000
17.000     0.000
18.000     0.000
19.000     0.000
20.000     0.000
21.000     0.000
22.000     0.000
23.000     0.000
24.000     0.000
25.000     0.000
26.000     0.000
27.000     0.000
28.000     0.000
29.000     0.000
30.000     0.000
31.000     0.000
32.000     0.000
33.000     0.000
34.000     0.000
35.000     0.000
36.000     0.000
37.000     0.000
38.000     0.000
39.000     0.000
40.000     0.000
41.000     0.000
42.000     0.000
43.000     0.000
44.000     0.000
45.000     0.000
46.000     0.000
47.000     0.000
909# Number of data
# a   b   m   n      rhoa      x      z
     1      4      2      3    913.020      1.500     -0.330
     2      5      3      4   1100.687      2.500     -0.330
     3      6      4      5   1322.074      3.500     -0.330
     4      7      5      6   1449.735      4.500     -0.330
     5      8      6      7   1584.030      5.500     -0.330
     6      9      7      8   1725.167      6.500     -0.330
     7     10      8      9   2277.033      7.500     -0.330
     8     11      9     10   2946.522      8.500     -0.330
     9     12     10     11   2930.370      9.500     -0.330
    10     13     11     12   3659.521     10.500     -0.330
    11     14     12     13   3043.856     11.500     -0.330
    12     15     13     14   3328.493     12.500     -0.330
    13     16     14     15   3465.859     13.500     -0.330
    14     17     15     16   3341.325     14.500     -0.330
    15     18     16     17   3870.308     15.500     -0.330
    16     19     17     18   3039.507     16.500     -0.330
    17     20     18     19   3371.367     17.500     -0.330
    18     21     19     20   2852.459     18.500     -0.330
    19     22     20     21   2608.085     19.500     -0.330
    20     23     21     22   2460.515     20.500     -0.330
    21     24     22     23   2197.006     21.500     -0.330
    22     25     23     24   2378.692     22.500     -0.330
    23     26     24     25   2176.820     23.500     -0.330
    24     27     25     26   2446.289     24.500     -0.330
    25     28     26     27   2699.156     25.500     -0.330
    26     29     27     28   2795.461     26.500     -0.330
    27     30     28     29   2383.412     27.500     -0.330
    28     31     29     30   2614.306     28.500     -0.330
    29     32     30     31   2006.222     29.500     -0.330
    30     33     31     32   1785.992     30.500     -0.330
    31     34     32     33   1664.172     31.500     -0.330
    32     35     33     34   1190.714     32.500     -0.330
    33     36     34     35   1103.882     33.500     -0.330
    34     37     35     36   1113.671     34.500     -0.330
    35     38     36     37    945.861     35.500     -0.330
    36     39     37     38   1044.565     36.500     -0.330
    37     40     38     39    835.678     37.500     -0.330
    38     41     39     40   1166.306     38.500     -0.330
    39     42     40     41    948.354     39.500     -0.330
    40     43     41     42   1278.244     40.500     -0.330
    41     44     42     43   1341.255     41.500     -0.330
    42     45     43     44   1644.338     42.500     -0.330
    43     46     44     45   1704.254     43.500     -0.330
    44     47     45     46   2390.178     44.500     -0.330
    45     48     46     47   2695.812     45.500     -0.330
     1      7      3      5   1148.224      3.000     -0.660
     2      8      4      6   1393.731      4.000     -0.660
     3      9      5      7   1542.589      5.000     -0.660
     4     10      6      8   1713.242      6.000     -0.660
     5     11      7      9   2129.389      7.000     -0.660
     6     12      8     10   2629.930      8.000     -0.660
     7     13      9     11   2872.511      9.000     -0.660
     8     14     10     12   3060.596     10.000     -0.660
     9     15     11     13   3288.794     11.000     -0.660
    10     16     12     14   3351.505     12.000     -0.660
    11     17     13     15   3416.897     13.000     -0.660
    12     18     14     16   3690.502     14.000     -0.660
    13     19     15     17   3783.592     15.000     -0.660
    14     20     16     18   3476.753     16.000     -0.660
    15     21     17     19   3311.625     17.000     -0.660
    16     22     18     20   3340.129     18.000     -0.660
    17     23     19     21   3053.974     19.000     -0.660
    18     24     20     22   2739.638     20.000     -0.660
    19     25     21     23   2699.441     21.000     -0.660
    20     26     22     24   2651.177     22.000     -0.660
    21     27     23     25   2367.002     23.000     -0.660
    22     28     24     26   2356.069     24.000     -0.660
    23     29     25     27   2594.990     25.000     -0.660
    24     30     26     28   2642.907     26.000     -0.660
    25     31     27     29   2409.661     27.000     -0.660
    26     32     28     30   2284.588     28.000     -0.660
    27     33     29     31   2211.500     29.000     -0.660
    28     34     30     32   2030.152     30.000     -0.660
    29     35     31     33   1936.235     31.000     -0.660
    30     36     32     34   1616.466     32.000     -0.660
    31     37     33     35   1381.710     33.000     -0.660
    32     38     34     36   1196.843     34.000     -0.660
    33     39     35     37   1289.000     35.000     -0.660
    34     40     36     38    890.979     36.000     -0.660
    35     41     37     39    994.617     37.000     -0.660
    36     42     38     40   1171.712     38.000     -0.660
    37     43     39     41   1230.980     39.000     -0.660
    38     44     40     42   1206.899     40.000     -0.660
    39     45     41     43   1340.785     41.000     -0.660
    40     46     42     44   1683.099     42.000     -0.660
    41     47     43     45   1857.443     43.000     -0.660
    42     48     44     46   2262.325     44.000     -0.660
     1     10      4      7   1280.800      4.500     -0.990
     2     11      5      8   1344.857      5.500     -0.990
     3     12      6      9   1597.954      6.500     -0.990
     4     13      7     10   2095.842      7.500     -0.990
     5     14      8     11   2541.330      8.500     -0.990
     6     15      9     12   2908.967      9.500     -0.990
     7     16     10     13   2884.769     10.500     -0.990
     8     17     11     14   2660.503     11.500     -0.990
     9     18     12     15   2752.468     12.500     -0.990
    10     19     13     16   2972.426     13.500     -0.990
    11     20     14     17   3147.393     14.500     -0.990
    12     21     15     18   3204.978     15.500     -0.990
    13     22     16     19   3189.477     16.500     -0.990
    14     23     17     20   2895.877     17.500     -0.990
    15     24     18     21   2851.322     18.500     -0.990
    16     25     19     22   2748.209     19.500     -0.990
    17     26     20     23   2652.459     20.500     -0.990
    18     27     21     24   2446.844     21.500     -0.990
    19     28     22     25   2284.836     22.500     -0.990
    20     29     23     26   2215.348     23.500     -0.990
    21     30     24     27   2123.988     24.500     -0.990
    22     31     25     28   2297.078     25.500     -0.990
    23     32     26     29   2155.518     26.500     -0.990
    24     33     27     30   1998.472     27.500     -0.990
    25     34     28     31   1814.873     28.500     -0.990
    26     35     29     32   1764.893     29.500     -0.990
    27     36     30     33   1629.406     30.500     -0.990
    28     37     31     34   1611.944     31.500     -0.990
    29     38     32     35   1456.105     32.500     -0.990
    30     39     33     36   1355.664     33.500     -0.990
    31     40     34     37   1241.357     34.500     -0.990
    32     41     35     38   1140.614     35.500     -0.990
    33     42     36     39   1047.497     36.500     -0.990
    34     43     37     40   1090.672     37.500     -0.990
    35     44     38     41   1122.578     38.500     -0.990
    36     45     39     42   1221.399     39.500     -0.990
    37     46     40     43   1272.344     40.500     -0.990
    38     47     41     44   1511.403     41.500     -0.990
    39     48     42     45   1584.597     42.500     -0.990
     1     13      5      9   1211.463      6.000     -1.320
     2     14      6     10   1633.909      7.000     -1.320
     3     15      7     11   1984.699      8.000     -1.320
     4     16      8     12   2283.682      9.000     -1.320
     5     17      9     13   2271.236     10.000     -1.320
     6     18     10     14   2313.460     11.000     -1.320
     7     19     11     15   2165.729     12.000     -1.320
     8     20     12     16   2049.319     13.000     -1.320
     9     21     13     17   2210.847     14.000     -1.320
    10     22     14     18   2379.558     15.000     -1.320
    11     23     15     19   2563.997     16.000     -1.320
    12     24     16     20   2586.762     17.000     -1.320
    13     25     17     21   2426.850     18.000     -1.320
    14     26     18     22   2389.286     19.000     -1.320
    15     27     19     23   2204.145     20.000     -1.320
    16     28     20     24   2107.369     21.000     -1.320
    17     29     21     25   2022.870     22.000     -1.320
    18     30     22     26   1894.418     23.000     -1.320
    19     31     23     27   1895.818     24.000     -1.320
    20     32     24     28   1842.282     25.000     -1.320
    21     33     25     29   1752.380     26.000     -1.320
    22     34     26     30   1745.688     27.000     -1.320
    23     35     27     31   1610.962     28.000     -1.320
    24     36     28     32   1447.141     29.000     -1.320
    25     37     29     33   1342.542     30.000     -1.320
    26     38     30     34   1493.421     31.000     -1.320
    27     39     31     35   1212.546     32.000     -1.320
    28     40     32     36   1191.669     33.000     -1.320
    29     41     33     37   1078.101     34.000     -1.320
    30     42     34     38   1065.668     35.000     -1.320
    31     43     35     39   1032.986     36.000     -1.320
    32     44     36     40   1019.556     37.000     -1.320
    33     45     37     41   1028.288     38.000     -1.320
    34     46     38     42   1366.718     39.000     -1.320
    35     47     39     43   1188.931     40.000     -1.320
    36     48     40     44   1280.632     41.000     -1.320
     1     16      6     11   1483.439      7.500     -1.650
     2     17      7     12   1582.763      8.500     -1.650
     3     18      8     13   1668.093      9.500     -1.650
     4     19      9     14   1673.979     10.500     -1.650
     5     20     10     15   1687.271     11.500     -1.650
     6     21     11     16   1690.493     12.500     -1.650
     7     22     12     17   1656.671     13.500     -1.650
     8     23     13     18   1571.571     14.500     -1.650
     9     24     14     19   1675.190     15.500     -1.650
    10     25     15     20   1901.104     16.500     -1.650
    11     26     16     21   1977.129     17.500     -1.650
    12     27     17     22   1897.870     18.500     -1.650
    13     28     18     23   1815.048     19.500     -1.650
    14     29     19     24   1690.957     20.500     -1.650
    15     30     20     25   1556.311     21.500     -1.650
    16     31     21     26   1564.792     22.500     -1.650
    17     32     22     27   1585.392     23.500     -1.650
    18     33     23     28   1507.293     24.500     -1.650
    19     34     24     29   1461.167     25.500     -1.650
    20     35     25     30   1471.081     26.500     -1.650
    21     36     26     31   1359.638     27.500     -1.650
    22     37     27     32   1253.239     28.500     -1.650
    23     38     28     33   1238.274     29.500     -1.650
    24     39     29     34   1072.344     30.500     -1.650
    25     40     30     35    904.068     31.500     -1.650
    26     41     31     36    913.951     32.500     -1.650
    27     42     32     37    894.273     33.500     -1.650
    28     43     33     38    866.359     34.500     -1.650
    29     44     34     39    855.474     35.500     -1.650
    30     45     35     40    934.779     36.500     -1.650
    31     46     36     41    920.083     37.500     -1.650
    32     47     37     42    976.963     38.500     -1.650
    33     48     38     43   1123.823     39.500     -1.650
     1     19      7     13   1122.649      9.000     -1.980
     2     20      8     14   1169.646     10.000     -1.980
     3     21      9     15   1219.840     11.000     -1.980
     4     22     10     16   1280.306     12.000     -1.980
     5     23     11     17   1293.180     13.000     -1.980
     6     24     12     18   1222.010     14.000     -1.980
     7     25     13     19   1251.349     15.000     -1.980
     8     26     14     20   1210.692     16.000     -1.980
     9     27     15     21   1258.551     17.000     -1.980
    10     28     16     22   1352.785     18.000     -1.980
    11     29     17     23   1343.649     19.000     -1.980
    12     30     18     24   1346.043     20.000     -1.980
    13     31     19     25   1233.657     21.000     -1.980
    14     32     20     26   1192.273     22.000     -1.980
    15     33     21     27   1179.020     23.000     -1.980
    16     34     22     28   1230.102     24.000     -1.980
    17     35     23     29   1221.343     25.000     -1.980
    18     36     24     30   1166.172     26.000     -1.980
    19     37     25     31   1168.454     27.000     -1.980
    20     38     26     32   1157.459     28.000     -1.980
    21     39     27     33   1018.560     29.000     -1.980
    22     40     28     34    889.567     30.000     -1.980
    23     41     29     35    820.430     31.000     -1.980
    24     42     30     36    757.256     32.000     -1.980
    25     43     31     37    702.496     33.000     -1.980
    26     44     32     38    673.259     34.000     -1.980
    27     45     33     39    667.037     35.000     -1.980
    28     46     34     40    749.396     36.000     -1.980
    29     47     35     41    774.273     37.000     -1.980
    30     48     36     42    807.648     38.000     -1.980
     1     22      8     15    866.810     10.500     -2.310
     2     23      9     16    917.563     11.500     -2.310
     3     24     10     17    959.331     12.500     -2.310
     4     25     11     18    958.799     13.500     -2.310
     5     26     12     19    946.854     14.500     -2.310
     6     27     13     20    908.594     15.500     -2.310
     7     28     14     21    856.915     16.500     -2.310
     8     29     15     22    828.702     17.500     -2.310
     9     30     16     23    847.950     18.500     -2.310
    10     31     17     24    902.272     19.500     -2.310
    11     32     18     25    932.745     20.500     -2.310
    12     33     19     26    911.067     21.500     -2.310
    13     34     20     27    909.518     22.500     -2.310
    14     35     21     28    932.995     23.500     -2.310
    15     36     22     29    922.283     24.500     -2.310
    16     37     23     30    944.491     25.500     -2.310
    17     38     24     31    987.138     26.500     -2.310
    18     39     25     32    936.525     27.500     -2.310
    19     40     26     33    896.072     28.500     -2.310
    20     41     27     34    816.358     29.500     -2.310
    21     42     28     35    724.045     30.500     -2.310
    22     43     29     36    676.964     31.500     -2.310
    23     44     30     37    604.774     32.500     -2.310
    24     45     31     38    575.883     33.500     -2.310
    25     46     32     39    547.232     34.500     -2.310
    26     47     33     40    563.603     35.500     -2.310
    27     48     34     41    584.799     36.500     -2.310
     1     25      9     17    716.197     12.000     -2.640
     2     26     10     18    715.916     13.000     -2.640
     3     27     11     19    692.850     14.000     -2.640
     4     28     12     20    640.979     15.000     -2.640
     5     29     13     21    620.048     16.000     -2.640
     6     30     14     22    596.105     17.000     -2.640
     7     31     15     23    585.117     18.000     -2.640
     8     32     16     24    559.470     19.000     -2.640
     9     33     17     25    560.243     20.000     -2.640
    10     34     18     26    645.464     21.000     -2.640
    11     35     19     27    681.234     22.000     -2.640
    12     36     20     28    710.919     23.000     -2.640
    13     37     21     29    705.199     24.000     -2.640
    14     38     22     30    763.970     25.000     -2.640
    15     39     23     31    737.334     26.000     -2.640
    16     40     24     32    730.991     27.000     -2.640
    17     41     25     33    766.621     28.000     -2.640
    18     42     26     34    723.149     29.000     -2.640
    19     43     27     35    671.687     30.000     -2.640
    20     44     28     36    609.906     31.000     -2.640
    21     45     29     37    559.943     32.000     -2.640
    22     46     30     38    507.344     33.000     -2.640
    23     47     31     39    479.533     34.000     -2.640
    24     48     32     40    471.399     35.000     -2.640
     1     28     10     19    493.421     13.500     -2.970
     2     29     11     20    467.889     14.500     -2.970
     3     30     12     21    428.223     15.500     -2.970
     4     31     13     22    419.449     16.500     -2.970
     5     32     14     23    414.186     17.500     -2.970
     6     33     15     24    415.440     18.500     -2.970
     7     34     16     25    410.298     19.500     -2.970
     8     35     17     26    398.007     20.500     -2.970
     9     36     18     27    439.932     21.500     -2.970
    10     37     19     28    496.012     22.500     -2.970
    11     38     20     29    551.267     23.500     -2.970
    12     39     21     30    574.312     24.500     -2.970
    13     40     22     31    569.372     25.500     -2.970
    14     41     23     32    579.508     26.500     -2.970
    15     42     24     33    589.682     27.500     -2.970
    16     43     25     34    599.270     28.500     -2.970
    17     44     26     35    593.553     29.500     -2.970
    18     45     27     36    558.525     30.500     -2.970
    19     46     28     37    512.750     31.500     -2.970
    20     47     29     38    471.406     32.500     -2.970
    21     48     30     39    418.652     33.500     -2.970
     1     31     11     21    315.122     15.000     -3.300
     2     32     12     22    295.485     16.000     -3.300
     3     33     13     23    289.479     17.000     -3.300
     4     34     14     24    300.606     18.000     -3.300
     5     35     15     25    310.041     19.000     -3.300
     6     36     16     26    320.808     20.000     -3.300
     7     37     17     27    321.809     21.000     -3.300
     8     38     18     28    347.786     22.000     -3.300
     9     39     19     29    360.461     23.000     -3.300
    10     40     20     30    406.340     24.000     -3.300
    11     41     21     31    441.171     25.000     -3.300
    12     42     22     32    466.670     26.000     -3.300
    13     43     23     33    466.777     27.000     -3.300
    14     44     24     34    472.378     28.000     -3.300
    15     45     25     35    478.713     29.000     -3.300
    16     46     26     36    477.085     30.000     -3.300
    17     47     27     37    464.025     31.000     -3.300
    18     48     28     38    413.861     32.000     -3.300
     1     34     12     23    215.818     16.500     -3.630
     2     35     13     24    222.805     17.500     -3.630
     3     36     14     25    226.516     18.500     -3.630
     4     37     15     26    245.403     19.500     -3.630
     5     38     16     27    271.899     20.500     -3.630
     6     39     17     28    275.997     21.500     -3.630
     7     40     18     29    280.403     22.500     -3.630
     8     41     19     30    288.996     23.500     -3.630
     9     42     20     31    310.581     24.500     -3.630
    10     43     21     32    338.541     25.500     -3.630
    11     44     22     33    370.759     26.500     -3.630
    12     45     23     34    384.481     27.500     -3.630
    13     46     24     35    382.196     28.500     -3.630
    14     47     25     36    392.781     29.500     -3.630
    15     48     26     37    375.304     30.500     -3.630
     1     37     13     25    177.838     18.000     -3.960
     2     38     14     26    196.679     19.000     -3.960
     3     39     15     27    210.825     20.000     -3.960
     4     40     16     28    226.841     21.000     -3.960
     5     41     17     29    234.599     22.000     -3.960
     6     42     18     30    251.536     23.000     -3.960
     7     43     19     31    249.972     24.000     -3.960
     8     44     20     32    251.937     25.000     -3.960
     9     45     21     33    271.062     26.000     -3.960
    10     46     22     34    293.869     27.000     -3.960
    11     47     23     35    310.917     28.000     -3.960
    12     48     24     36    316.709     29.000     -3.960
     1     40     14     27    171.593     19.500     -4.290
     2     41     15     28    189.758     20.500     -4.290
     3     42     16     29    202.255     21.500     -4.290
     4     43     17     30    211.318     22.500     -4.290
     5     44     18     31    218.319     23.500     -4.290
     6     45     19     32    217.832     24.500     -4.290
     7     46     20     33    222.319     25.500     -4.290
     8     47     21     34    224.159     26.500     -4.290
     9     48     22     35    226.166     27.500     -4.290
     1     43     15     29    174.910     21.000     -4.620
     2     44     16     30    186.233     22.000     -4.620
     3     45     17     31    191.127     23.000     -4.620
     4     46     18     32    188.940     24.000     -4.620
     5     47     19     33    195.111     25.000     -4.620
     6     48     20     34    194.190     26.000     -4.620
     1     46     16     31    169.484     22.500     -4.950
     2     47     17     32    166.254     23.500     -4.950
     3     48     18     33    168.256     24.500     -4.950
     1      2      4      3   1032.245      1.500     -0.585
     2      3      5      4   1079.618      2.500     -0.585
     3      4      6      5   1188.505      3.500     -0.585
     4      5      7      6   1600.626      4.500     -0.585
     5      6      8      7   1629.417      5.500     -0.585
     6      7      9      8   1474.653      6.500     -0.585
     7      8     10      9   1739.365      7.500     -0.585
     8      9     11     10   2880.696      8.500     -0.585
     9     10     12     11   4244.916      9.500     -0.585
    10     11     13     12   2896.473     10.500     -0.585
    11     12     14     13   3327.623     11.500     -0.585
    12     13     15     14   2838.697     12.500     -0.585
    13     14     16     15   3156.507     13.500     -0.585
    14     15     17     16   4004.444     14.500     -0.585
    15     16     18     17   2990.967     15.500     -0.585
    16     17     19     18   3704.752     16.500     -0.585
    17     18     20     19   2858.005     17.500     -0.585
    18     19     21     20   2823.691     18.500     -0.585
    19     20     22     21   2489.044     19.500     -0.585
    20     21     23     22   2173.928     20.500     -0.585
    21     22     24     23   2199.205     21.500     -0.585
    22     23     25     24   1798.345     22.500     -0.585
    23     24     26     25   2315.732     23.500     -0.585
    24     25     27     26   2473.546     24.500     -0.585
    25     26     28     27   2493.873     25.500     -0.585
    26     27     29     28   2822.806     26.500     -0.585
    27     28     30     29   3270.247     27.500     -0.585
    28     29     31     30   1905.529     28.500     -0.585
    29     30     32     31   2056.556     29.500     -0.585
    30     31     33     32   1984.104     30.500     -0.585
    31     32     34     33   1274.138     31.500     -0.585
    32     33     35     34   1160.818     32.500     -0.585
    33     34     36     35    913.323     33.500     -0.585
    34     35     37     36    846.596     34.500     -0.585
    35     36     38     37   1134.777     35.500     -0.585
    36     37     39     38    872.822     36.500     -0.585
    37     38     40     39   1029.782     37.500     -0.585
    38     39     41     40    652.738     38.500     -0.585
    39     40     42     41   1145.133     39.500     -0.585
    40     41     43     42   1073.859     40.500     -0.585
    41     42     44     43   1420.882     41.500     -0.585
    42     43     45     44   1439.236     42.500     -0.585
    43     44     46     45   1707.409     43.500     -0.585
    44     45     47     46   1733.929     44.500     -0.585
    45     46     48     47   2927.159     45.500     -0.585
     1      2      5      4    979.109      2.000     -0.780
     2      3      6      5   1214.887      3.000     -0.780
     3      4      7      6   1600.306      4.000     -0.780
     4      5      8      7   1691.480      5.000     -0.780
     5      6      9      8   1977.338      6.000     -0.780
     6      7     10      9   1952.029      7.000     -0.780
     7      8     11     10   2312.193      8.000     -0.780
     8      9     12     11   3539.052      9.000     -0.780
     9     10     13     12   3785.939     10.000     -0.780
    10     11     14     13   3576.366     11.000     -0.780
    11     12     15     14   3624.010     12.000     -0.780
    12     13     16     15   3750.137     13.000     -0.780
    13     14     17     16   3951.487     14.000     -0.780
    14     15     18     17   3769.643     15.000     -0.780
    15     16     19     18   4379.620     16.000     -0.780
    16     17     20     19   4035.236     17.000     -0.780
    17     18     21     20   3085.424     18.000     -0.780
    18     19     22     21   3018.699     19.000     -0.780
    19     20     23     22   2695.191     20.000     -0.780
    20     21     24     23   2507.549     21.000     -0.780
    21     22     25     24   2290.514     22.000     -0.780
    22     23     26     25   2483.141     23.000     -0.780
    23     24     27     26   2914.002     24.000     -0.780
    24     25     28     27   2455.012     25.000     -0.780
    25     26     29     28   2777.548     26.000     -0.780
    26     27     30     29   3331.960     27.000     -0.780
    27     28     31     30   2920.306     28.000     -0.780
    28     29     32     31   2670.301     29.000     -0.780
    29     30     33     32   2331.124     30.000     -0.780
    30     31     34     33   1738.382     31.000     -0.780
    31     32     35     34   1477.841     32.000     -0.780
    32     33     36     35   1440.728     33.000     -0.780
    33     34     37     36    976.330     34.000     -0.780
    34     35     38     37   1735.986     35.000     -0.780
    35     36     39     38    893.817     36.000     -0.780
    36     37     40     39   1249.432     37.000     -0.780
    37     38     41     40    905.772     38.000     -0.780
    38     39     42     41    912.266     39.000     -0.780
    39     40     43     42   1431.529     40.000     -0.780
    40     41     44     43   1374.281     41.000     -0.780
    41     42     45     44   1611.007     42.000     -0.780
    42     43     46     45   1734.766     43.000     -0.780
    43     44     47     46   2183.292     44.000     -0.780
    44     45     48     47   2478.648     45.000     -0.780
     1      2      6      5   1081.667      2.500     -0.975
     2      3      7      6   1417.683      3.500     -0.975
     3      4      8      7   1566.111      4.500     -0.975
     4      5      9      8   2051.477      5.500     -0.975
     5      6     10      9   2320.892      6.500     -0.975
     6      7     11     10   2478.974      7.500     -0.975
     7      8     12     11   2533.532      8.500     -0.975
     8      9     13     12   3052.830      9.500     -0.975
     9     10     14     13   4016.896     10.500     -0.975
    10     11     15     14   3846.631     11.500     -0.975
    11     12     16     15   4530.325     12.500     -0.975
    12     13     17     16   4536.662     13.500     -0.975
    13     14     18     17   3828.958     14.500     -0.975
    14     15     19     18   4632.565     15.500     -0.975
    15     16     20     19   4330.740     16.500     -0.975
    16     17     21     20   3994.649     17.500     -0.975
    17     18     22     21   3072.188     18.500     -0.975
    18     19     23     22   3262.923     19.500     -0.975
    19     20     24     23   2811.938     20.500     -0.975
    20     21     25     24   2365.266     21.500     -0.975
    21     22     26     25   2746.191     22.500     -0.975
    22     23     27     26   2854.423     23.500     -0.975
    23     24     28     27   2821.114     24.500     -0.975
    24     25     29     28   2395.182     25.500     -0.975
    25     26     30     29   3027.392     26.500     -0.975
    26     27     31     30   2815.318     27.500     -0.975
    27     28     32     31   3307.067     28.500     -0.975
    28     29     33     32   2660.934     29.500     -0.975
    29     30     34     33   2114.567     30.500     -0.975
    30     31     35     34   1881.000     31.500     -0.975
    31     32     36     35   1683.740     32.500     -0.975
    32     33     37     36   1385.666     33.500     -0.975
    33     34     38     37   -498.969     34.500     -0.975
    34     35     39     38   -670.005     35.500     -0.975
    35     36     40     39   1450.864     36.500     -0.975
    36     37     41     40    965.596     37.500     -0.975
    37     38     42     41   1025.729     38.500     -0.975
    38     39     43     42    982.175     39.500     -0.975
    39     40     44     43   1532.724     40.500     -0.975
    40     41     45     44   1355.301     41.500     -0.975
    41     42     46     45   1655.823     42.500     -0.975
    42     43     47     46   1949.138     43.500     -0.975
    43     44     48     47   2780.091     44.500     -0.975
     1      2      7      6   1225.659      3.000     -1.170
     2      3      8      7   1324.970      4.000     -1.170
     3      4      9      8   1824.873      5.000     -1.170
     4      5     10      9   2270.246      6.000     -1.170
     5      6     11     10   2675.320      7.000     -1.170
     6      7     12     11   2530.652      8.000     -1.170
     7      8     13     12   2068.819      9.000     -1.170
     8      9     14     13   2982.783     10.000     -1.170
     9     10     15     14   4091.964     11.000     -1.170
    10     11     16     15   4578.396     12.000     -1.170
    11     12     17     16   5307.078     13.000     -1.170
    12     13     18     17   4087.719     14.000     -1.170
    13     14     19     18   4512.268     15.000     -1.170
    14     15     20     19   4190.709     16.000     -1.170
    15     16     21     20   3975.183     17.000     -1.170
    16     17     22     21   3812.368     18.000     -1.170
    17     18     23     22   3104.755     19.000     -1.170
    18     19     24     23   3213.649     20.000     -1.170
    19     20     25     24   2460.191     21.000     -1.170
    20     21     26     25   2640.528     22.000     -1.170
    21     22     27     26   2890.212     23.000     -1.170
    22     23     28     27   2695.159     24.000     -1.170
    23     24     29     28   2575.862     25.000     -1.170
    24     25     30     29   2471.346     26.000     -1.170
    25     26     31     30   2498.262     27.000     -1.170
    26     27     32     31   2880.682     28.000     -1.170
    27     28     33     32   3060.189     29.000     -1.170
    28     29     34     33   2074.974     30.000     -1.170
    29     30     35     34   2195.430     31.000     -1.170
    30     31     36     35   1974.438     32.000     -1.170
    31     32     37     36   1516.138     33.000     -1.170
    32     33     38     37    764.953     34.000     -1.170
    33     34     39     38   4149.098     35.000     -1.170
    34     35     40     39   1140.445     36.000     -1.170
    35     36     41     40   1071.291     37.000     -1.170
    36     37     42     41   1014.182     38.000     -1.170
    37     38     43     42   1013.181     39.000     -1.170
    38     39     44     43   1011.106     40.000     -1.170
    39     40     45     44   1397.567     41.000     -1.170
    40     41     46     45   1331.794     42.000     -1.170
    41     42     47     46   1740.645     43.000     -1.170
    42     43     48     47   2357.115     44.000     -1.170
     1      2      8      7   1129.373      3.500     -1.365
     2      3      9      8   1500.280      4.500     -1.365
     3      4     10      9   1994.649      5.500     -1.365
     4      5     11     10   2526.393      6.500     -1.365
     5      6     12     11   2691.904      7.500     -1.365
     6      7     13     12   2075.365      8.500     -1.365
     7      8     14     13   2000.824      9.500     -1.365
     8      9     15     14   2992.583     10.500     -1.365
     9     10     16     15   4575.267     11.500     -1.365
    10     11     17     16   5130.181     12.500     -1.365
    11     12     18     17   4462.180     13.500     -1.365
    12     13     19     18   4290.590     14.500     -1.365
    13     14     20     19   3961.514     15.500     -1.365
    14     15     21     20   3689.064     16.500     -1.365
    15     16     22     21   3680.283     17.500     -1.365
    16     17     23     22   3693.678     18.500     -1.365
    17     18     24     23   2898.408     19.500     -1.365
    18     19     25     24   2632.676     20.500     -1.365
    19     20     26     25   2610.812     21.500     -1.365
    20     21     27     26   2661.349     22.500     -1.365
    21     22     28     27   2636.312     23.500     -1.365
    22     23     29     28   2335.514     24.500     -1.365
    23     24     30     29   2547.466     25.500     -1.365
    24     25     31     30   1905.722     26.500     -1.365
    25     26     32     31   2395.646     27.500     -1.365
    26     27     33     32   2557.635     28.500     -1.365
    27     28     34     33   2304.499     29.500     -1.365
    28     29     35     34   1973.590     30.500     -1.365
    29     30     36     35   2265.823     31.500     -1.365
    30     31     37     36   1634.558     32.500     -1.365
    31     32     38     37   1002.150     33.500     -1.365
    32     33     39     38   2332.927     34.500     -1.365
    33     34     40     39   1270.847     35.500     -1.365
    34     35     41     40    839.956     36.500     -1.365
    35     36     42     41   1086.872     37.500     -1.365
    36     37     43     42    959.009     38.500     -1.365
    37     38     44     43    971.964     39.500     -1.365
    38     39     45     44    926.634     40.500     -1.365
    39     40     46     45   1356.419     41.500     -1.365
    40     41     47     46   1372.808     42.500     -1.365
    41     42     48     47   2008.687     43.500     -1.365
     1      3      9      7   1313.040      4.000     -1.560
     2      4     10      8   1763.439      5.000     -1.560
     3      5     11      9   2247.074      6.000     -1.560
     4      6     12     10   2602.185      7.000     -1.560
     5      7     13     11   2387.943      8.000     -1.560
     6      8     14     12   2025.166      9.000     -1.560
     7      9     15     13   2598.230     10.000     -1.560
     8     10     16     14   3828.549     11.000     -1.560
     9     11     17     15   4747.467     12.000     -1.560
    10     12     18     16   4916.270     13.000     -1.560
    11     13     19     17   4326.732     14.000     -1.560
    12     14     20     18   4243.852     15.000     -1.560
    13     15     21     19   3909.289     16.000     -1.560
    14     16     22     20   3748.790     17.000     -1.560
    15     17     23     21   3706.217     18.000     -1.560
    16     18     24     22   3220.826     19.000     -1.560
    17     19     25     23   2882.366     20.000     -1.560
    18     20     26     24   2591.627     21.000     -1.560
    19     21     27     25   2629.688     22.000     -1.560
    20     22     28     26   2709.525     23.000     -1.560
    21     23     29     27   2527.866     24.000     -1.560
    22     24     30     28   2465.970     25.000     -1.560
    23     25     31     29   2287.035     26.000     -1.560
    24     26     32     30   2233.073     27.000     -1.560
    25     27     33     31   2574.250     28.000     -1.560
    26     28     34     32   2604.925     29.000     -1.560
    27     29     35     33   2107.497     30.000     -1.560
    28     30     36     34   2113.437     31.000     -1.560
    29     31     37     35   1932.828     32.000     -1.560
    30     32     38     36   1367.588     33.000     -1.560
    31     33     39     37   1340.433     34.000     -1.560
    32     34     40     38   2668.438     35.000     -1.560
    33     35     41     39   1063.403     36.000     -1.560
    34     36     42     40    990.190     37.000     -1.560
    35     37     43     41   1017.795     38.000     -1.560
    36     38     44     42    975.841     39.000     -1.560
    37     39     45     43    959.449     40.000     -1.560
    38     40     46     44   1209.608     41.000     -1.560
    39     41     47     45   1348.777     42.000     -1.560
    40     42     48     46   1685.984     43.000     -1.560
     1      3     11      9   1590.930      5.000     -1.950
     2      4     12     10   1930.895      6.000     -1.950
     3      5     13     11   2009.148      7.000     -1.950
     4      6     14     12   1840.342      8.000     -1.950
     5      7     15     13   1795.545      9.000     -1.950
     6      8     16     14   1836.343     10.000     -1.950
     7      9     17     15   2735.396     11.000     -1.950
     8     10     18     16   3891.430     12.000     -1.950
     9     11     19     17   4076.298     13.000     -1.950
    10     12     20     18   4145.299     14.000     -1.950
    11     13     21     19   3468.875     15.000     -1.950
    12     14     22     20   3069.426     16.000     -1.950
    13     15     23     21   3047.561     17.000     -1.950
    14     16     24     22   3099.556     18.000     -1.950
    15     17     25     23   2944.330     19.000     -1.950
    16     18     26     24   2507.336     20.000     -1.950
    17     19     27     25   2622.323     21.000     -1.950
    18     20     28     26   2535.175     22.000     -1.950
    19     21     29     27   2181.458     23.000     -1.950
    20     22     30     28   2031.918     24.000     -1.950
    21     23     31     29   1934.681     25.000     -1.950
    22     24     32     30   1754.384     26.000     -1.950
    23     25     33     31   1651.012     27.000     -1.950
    24     26     34     32   1618.204     28.000     -1.950
    25     27     35     33   1624.887     29.000     -1.950
    26     28     36     34   1846.141     30.000     -1.950
    27     29     37     35   1698.706     31.000     -1.950
    28     30     38     36   1400.699     32.000     -1.950
    29     31     39     37   1400.525     33.000     -1.950
    30     32     40     38   1631.862     34.000     -1.950
    31     33     41     39   1209.783     35.000     -1.950
    32     34     42     40    902.405     36.000     -1.950
    33     35     43     41    810.329     37.000     -1.950
    34     36     44     42    890.788     38.000     -1.950
    35     37     45     43    860.035     39.000     -1.950
    36     38     46     44    792.868     40.000     -1.950
    37     39     47     45    853.537     41.000     -1.950
    38     40     48     46   1203.340     42.000     -1.950
     1      3     13     11   1316.301      6.000     -2.340
     2      4     14     12   1297.744      7.000     -2.340
     3      5     15     13   1379.239      8.000     -2.340
     4      6     16     14   1549.461      9.000     -2.340
     5      7     17     15   1737.686     10.000     -2.340
     6      8     18     16   1698.404     11.000     -2.340
     7      9     19     17   2070.417     12.000     -2.340
     8     10     20     18   2899.747     13.000     -2.340
     9     11     21     19   2885.965     14.000     -2.340
    10     12     22     20   2693.941     15.000     -2.340
    11     13     23     21   2465.598     16.000     -2.340
    12     14     24     22   2409.162     17.000     -2.340
    13     15     25     23   2197.753     18.000     -2.340
    14     16     26     24   2146.241     19.000     -2.340
    15     17     27     25   2478.076     20.000     -2.340
    16     18     28     26   2314.379     21.000     -2.340
    17     19     29     27   2058.631     22.000     -2.340
    18     20     30     28   1798.525     23.000     -2.340
    19     21     31     29   1537.596     24.000     -2.340
    20     22     32     30   1338.487     25.000     -2.340
    21     23     33     31   1247.688     26.000     -2.340
    22     24     34     32   1128.294     27.000     -2.340
    23     25     35     33    937.803     28.000     -2.340
    24     26     36     34   1013.057     29.000     -2.340
    25     27     37     35   1152.394     30.000     -2.340
    26     28     38     36   1081.408     31.000     -2.340
    27     29     39     37   1081.950     32.000     -2.340
    28     30     40     38   1427.175     33.000     -2.340
    29     31     41     39   1122.055     34.000     -2.340
    30     32     42     40    886.442     35.000     -2.340
    31     33     43     41    892.436     36.000     -2.340
    32     34     44     42    779.660     37.000     -2.340
    33     35     45     43    680.952     38.000     -2.340
    34     36     46     44    713.305     39.000     -2.340
    35     37     47     45    728.335     40.000     -2.340
    36     38     48     46    783.166     41.000     -2.340
     1      3     15     13    903.681      7.000     -2.730
     2      4     16     14   1047.380      8.000     -2.730
     3      5     17     15   1281.598      9.000     -2.730
     4      6     18     16   1329.716     10.000     -2.730
     5      7     19     17   1229.690     11.000     -2.730
     6      8     20     18   1167.627     12.000     -2.730
     7      9     21     19   1365.587     13.000     -2.730
     8     10     22     20   1745.357     14.000     -2.730
     9     11     23     21   1863.103     15.000     -2.730
    10     12     24     22   1944.713     16.000     -2.730
    11     13     25     23   1628.753     17.000     -2.730
    12     14     26     24   1538.184     18.000     -2.730
    13     15     27     25   1829.747     19.000     -2.730
    14     16     28     26   1910.208     20.000     -2.730
    15     17     29     27   1900.616     21.000     -2.730
    16     18     30     28   1574.889     22.000     -2.730
    17     19     31     29   1380.017     23.000     -2.730
    18     20     32     30   1136.672     24.000     -2.730
    19     21     33     31    928.867     25.000     -2.730
    20     22     34     32    787.918     26.000     -2.730
    21     23     35     33    668.702     27.000     -2.730
    22     24     36     34    671.525     28.000     -2.730
    23     25     37     35    619.792     29.000     -2.730
    24     26     38     36    566.543     30.000     -2.730
    25     27     39     37    692.072     31.000     -2.730
    26     28     40     38    991.906     32.000     -2.730
    27     29     41     39    820.541     33.000     -2.730
    28     30     42     40    779.152     34.000     -2.730
    29     31     43     41    859.199     35.000     -2.730
    30     32     44     42    754.499     36.000     -2.730
    31     33     45     43    716.168     37.000     -2.730
    32     34     46     44    511.379     38.000     -2.730
    33     35     47     45    524.982     39.000     -2.730
    34     36     48     46    676.347     40.000     -2.730
     1      4     16     13   1011.318      7.500     -2.925
     2      5     17     14   1177.711      8.500     -2.925
     3      6     18     15   1324.206      9.500     -2.925
     4      7     19     16   1352.946     10.500     -2.925
     5      8     20     17   1223.794     11.500     -2.925
     6      9     21     18   1476.021     12.500     -2.925
     7     10     22     19   1744.194     13.500     -2.925
     8     11     23     20   1926.670     14.500     -2.925
     9     12     24     21   1982.223     15.500     -2.925
    10     13     25     22   1823.745     16.500     -2.925
    11     14     26     23   1726.476     17.500     -2.925
    12     15     27     24   1684.896     18.500     -2.925
    13     16     28     25   1917.516     19.500     -2.925
    14     17     29     26   1980.227     20.500     -2.925
    15     18     30     27   1761.316     21.500     -2.925
    16     19     31     28   1537.445     22.500     -2.925
    17     20     32     29   1307.791     23.500     -2.925
    18     21     33     30   1066.511     24.500     -2.925
    19     22     34     31    917.125     25.500     -2.925
    20     23     35     32    794.268     26.500     -2.925
    21     24     36     33    716.887     27.500     -2.925
    22     25     37     34    661.298     28.500     -2.925
    23     26     38     35    668.356     29.500     -2.925
    24     27     39     36    707.358     30.500     -2.925
    25     28     40     37    824.501     31.500     -2.925
    26     29     41     38    947.508     32.500     -2.925
    27     30     42     39    887.831     33.500     -2.925
    28     31     43     40    799.875     34.500     -2.925
    29     32     44     41    813.577     35.500     -2.925
    30     33     45     42    743.408     36.500     -2.925
    31     34     46     43    647.257     37.500     -2.925
    32     35     47     44    567.136     38.500     -2.925
    33     36     48     45    619.620     39.500     -2.925
     1      4     19     16    725.486      9.000     -3.510
     2      5     20     17    710.591     10.000     -3.510
     3      6     21     18    704.626     11.000     -3.510
     4      7     22     19    658.585     12.000     -3.510
     5      8     23     20    612.002     13.000     -3.510
     6      9     24     21    717.712     14.000     -3.510
     7     10     25     22    909.708     15.000     -3.510
     8     11     26     23   1101.365     16.000     -3.510
     9     12     27     24   1177.604     17.000     -3.510
    10     13     28     25   1180.642     18.000     -3.510
    11     14     29     26   1170.615     19.000     -3.510
    12     15     30     27   1122.922     20.000     -3.510
    13     16     31     28   1089.345     21.000     -3.510
    14     17     32     29   1088.676     22.000     -3.510
    15     18     33     30    845.697     23.000     -3.510
    16     19     34     31    714.708     24.000     -3.510
    17     20     35     32    542.327     25.000     -3.510
    18     21     36     33    446.653     26.000     -3.510
    19     22     37     34    394.235     27.000     -3.510
    20     23     38     35    348.824     28.000     -3.510
    21     24     39     36    330.179     29.000     -3.510
    22     25     40     37    314.879     30.000     -3.510
    23     26     41     38    394.325     31.000     -3.510
    24     27     42     39    421.068     32.000     -3.510
    25     28     43     40    464.428     33.000     -3.510
    26     29     44     41    521.798     34.000     -3.510
    27     30     45     42    619.260     35.000     -3.510
    28     31     46     43    695.983     36.000     -3.510
    29     32     47     44    710.080     37.000     -3.510
    30     33     48     45    731.195     38.000     -3.510
     1      4     22     19    350.189     10.500     -4.095
     2      5     23     20    344.448     11.500     -4.095
     3      6     24     21    424.222     12.500     -4.095
     4      7     25     22    335.764     13.500     -4.095
     5      8     26     23    339.750     14.500     -4.095
     6      9     27     24    418.043     15.500     -4.095
     7     10     28     25    639.749     16.500     -4.095
     8     11     29     26    747.129     17.500     -4.095
     9     12     30     27    746.693     18.500     -4.095
    10     13     31     28    659.351     19.500     -4.095
    11     14     32     29    690.029     20.500     -4.095
    12     15     33     30    543.746     21.500     -4.095
    13     16     34     31    483.796     22.500     -4.095
    14     17     35     32    354.435     23.500     -4.095
    15     18     36     33    348.577     24.500     -4.095
    16     19     37     34    305.391     25.500     -4.095
    17     20     38     35    244.831     26.500     -4.095
    18     21     39     36    207.784     27.500     -4.095
    19     22     40     37    200.323     28.500     -4.095
    20     23     41     38    214.035     29.500     -4.095
    21     24     42     39    209.043     30.500     -4.095
    22     25     43     40    180.325     31.500     -4.095
    23     26     44     41    219.933     32.500     -4.095
    24     27     45     42    258.460     33.500     -4.095
    25     28     46     43    280.441     34.500     -4.095
    26     29     47     44    399.945     35.500     -4.095
    27     30     48     45    646.799     36.500     -4.095
     1      5     25     21    249.043     12.000     -4.680
     2      6     26     22    263.233     13.000     -4.680
     3      7     27     23    228.143     14.000     -4.680
     4      8     28     24    293.025     15.000     -4.680
     5      9     29     25    345.191     16.000     -4.680
     6     10     30     26    425.563     17.000     -4.680
     7     11     31     27    484.042     18.000     -4.680
     8     12     32     28    511.863     19.000     -4.680
     9     13     33     29    458.086     20.000     -4.680
    10     14     34     30    416.997     21.000     -4.680
    11     15     35     31    336.472     22.000     -4.680
    12     16     36     32    265.070     23.000     -4.680
    13     17     37     33    281.347     24.000     -4.680
    14     18     38     34    238.304     25.000     -4.680
    15     19     39     35    219.062     26.000     -4.680
    16     20     40     36    189.871     27.000     -4.680
    17     21     41     37    167.680     28.000     -4.680
    18     22     42     38    177.331     29.000     -4.680
    19     23     43     39    159.748     30.000     -4.680
    20     24     44     40    161.322     31.000     -4.680
    21     25     45     41    155.275     32.000     -4.680
    22     26     46     42     49.826     33.000     -4.680
    23     27     47     43    140.723     34.000     -4.680
    24     28     48     44    214.279     35.000     -4.680
     1      5     29     25    182.335     14.000     -5.460
     2      6     30     26    173.885     15.000     -5.460
     3      7     31     27    171.151     16.000     -5.460
     4      8     32     28    172.560     17.000     -5.460
     5      9     33     29    169.615     18.000     -5.460
     6     10     34     30    187.671     19.000     -5.460
     7     11     35     31    207.632     20.000     -5.460
     8     12     36     32    151.660     21.000     -5.460
     9     13     37     33    167.636     22.000     -5.460
    10     14     38     34    151.976     23.000     -5.460
    11     15     39     35    142.397     24.000     -5.460
    12     16     40     36    144.535     25.000     -5.460
    13     17     41     37    141.173     26.000     -5.460
    14     18     42     38    150.631     27.000     -5.460
    15     19     43     39    143.980     28.000     -5.460
    16     20     44     40    129.445     29.000     -5.460
    17     21     45     41    125.070     30.000     -5.460
    18     22     46     42    105.383     31.000     -5.460
    19     23     47     43    114.841     32.000     -5.460
    20     24     48     44     93.075     33.000     -5.460
     1      6     31     26    162.958     15.000     -5.850
     2      7     32     27    163.662     16.000     -5.850
     3      8     33     28    142.122     17.000     -5.850
     4      9     34     29    149.153     18.000     -5.850
     5     10     35     30    162.788     19.000     -5.850
     6     11     36     31    174.396     20.000     -5.850
     7     12     37     32    154.359     21.000     -5.850
     8     13     38     33    148.911     22.000     -5.850
     9     14     39     34    145.236     23.000     -5.850
    10     15     40     35    140.278     24.000     -5.850
    11     16     41     36    128.460     25.000     -5.850
    12     17     42     37    134.491     26.000     -5.850
    13     18     43     38    138.152     27.000     -5.850
    14     19     44     39    139.920     28.000     -5.850
    15     20     45     40    122.484     29.000     -5.850
    16     21     46     41    119.054     30.000     -5.850
    17     22     47     42    117.323     31.000     -5.850
    18     23     48     43    127.178     32.000     -5.850
     1      6     36     31     77.024     17.500     -6.825
     2      7     37     32     54.057     18.500     -6.825
     3      8     38     33     64.621     19.500     -6.825
     4      9     39     34     67.709     20.500     -6.825
     5     10     40     35     79.201     21.500     -6.825
     6     11     41     36     79.036     22.500     -6.825
     7     12     42     37     93.946     23.500     -6.825
     8     13     43     38    107.240     24.500     -6.825
     9     14     44     39    112.320     25.500     -6.825
    10     15     45     40    104.667     26.500     -6.825
    11     16     46     41    114.563     27.500     -6.825
    12     17     47     42    123.503     28.500     -6.825
    13     18     48     43    161.141     29.500     -6.825
     1      7     37     31     76.015     18.000     -7.020
     2      8     38     32     58.476     19.000     -7.020
     3      9     39     33     69.758     20.000     -7.020
     4     10     40     34     78.277     21.000     -7.020
     5     11     41     35     84.190     22.000     -7.020
     6     12     42     36     88.533     23.000     -7.020
     7     13     43     37     97.209     24.000     -7.020
     8     14     44     38    110.496     25.000     -7.020
     9     15     45     39    115.857     26.000     -7.020
    10     16     46     40    110.315     27.000     -7.020
    11     17     47     41    127.416     28.000     -7.020
    12     18     48     42    155.011     29.000     -7.020
     1      7     43     37     62.757     21.000     -8.190
     2      8     44     38     66.089     22.000     -8.190
     3      9     45     39     69.240     23.000     -8.190
     4     10     46     40     73.175     24.000     -8.190
     5     11     47     41     94.408     25.000     -8.190
     6     12     48     42    126.036     26.000     -8.190
     1     10     46     37     71.689     22.500     -8.775
     2     11     47     38     84.789     23.500     -8.775
     3     12     48     39    106.215     24.500     -8.775
