48# Number of electrodes
# x z
0.000     0.000
1.000     0.000
2.000     0.000
3.000     0.000
4.000     0.000
5.000     0.000
6.000     0.000
7.000     0.000
8.000     0.000
9.000     0.000
10.000     0.000
11.000     0.000
12.000     0.000
13.000     0.000
14.000     0.000
15.000     0.000
16.000     0.000
17.000     0.000
18.000     0.000
19.000     0.000
20.000     0.000
21.000     0.000
22.000     0.000
23.000     0.000
24.000     0.000
25.000     0.000
26.000     0.000
27.000     0.000
28.000     0.000
29.000     0.000
30.000     0.000
31.000     0.000
32.000     0.000
33.000     0.000
34.000     0.000
35.000     0.000
36.000     0.000
37.000     0.000
38.000     0.000
39.000     0.000
40.000     0.000
41.000     0.000
42.000     0.000
43.000     0.000
44.000     0.000
45.000     0.000
46.000     0.000
47.000     0.000
909# Number of data
# a   b   m   n      rhoa      x      z
     1      4      2      3    804.185      1.500     -0.330
     2      5      3      4    910.110      2.500     -0.330
     3      6      4      5   1085.673      3.500     -0.330
     4      7      5      6   1260.534      4.500     -0.330
     5      8      6      7   1182.077      5.500     -0.330
     6      9      7      8   1559.080      6.500     -0.330
     7     10      8      9   2008.235      7.500     -0.330
     8     11      9     10   2716.067      8.500     -0.330
     9     12     10     11   2529.389      9.500     -0.330
    10     13     11     12   3237.589     10.500     -0.330
    11     14     12     13   2838.729     11.500     -0.330
    12     15     13     14   2712.999     12.500     -0.330
    13     16     14     15   3048.908     13.500     -0.330
    14     17     15     16   3032.560     14.500     -0.330
    15     18     16     17   3177.671     15.500     -0.330
    16     19     17     18   2860.348     16.500     -0.330
    17     20     18     19   2877.255     17.500     -0.330
    18     21     19     20   2682.732     18.500     -0.330
    19     22     20     21   2110.522     19.500     -0.330
    20     23     21     22   2152.606     20.500     -0.330
    21     24     22     23   1661.894     21.500     -0.330
    22     25     23     24   1802.400     22.500     -0.330
    23     26     24     25   1779.294     23.500     -0.330
    24     27     25     26   1848.824     24.500     -0.330
    25     28     26     27   2177.718     25.500     -0.330
    26     29     27     28   2277.438     26.500     -0.330
    27     30     28     29   1904.673     27.500     -0.330
    28     31     29     30   2315.662     28.500     -0.330
    29     32     30     31   1717.330     29.500     -0.330
    30     33     31     32   1698.918     30.500     -0.330
    31     34     32     33   1578.526     31.500     -0.330
    32     35     33     34   1161.429     32.500     -0.330
    33     36     34     35   1004.639     33.500     -0.330
    34     37     35     36    894.533     34.500     -0.330
    35     38     36     37    774.240     35.500     -0.330
    36     39     37     38    812.168     36.500     -0.330
    37     40     38     39    655.857     37.500     -0.330
    38     41     39     40    914.650     38.500     -0.330
    39     42     40     41    811.804     39.500     -0.330
    40     43     41     42    926.165     40.500     -0.330
    41     44     42     43   1052.505     41.500     -0.330
    42     45     43     44   1252.148     42.500     -0.330
    43     46     44     45   1341.424     43.500     -0.330
    44     47     45     46   2037.857     44.500     -0.330
    45     48     46     47   2334.815     45.500     -0.330
     1      7      3      5    962.989      3.000     -0.660
     2      8      4      6   1155.155      4.000     -0.660
     3      9      5      7   1112.291      5.000     -0.660
     4     10      6      8   1241.844      6.000     -0.660
     5     11      7      9   1808.988      7.000     -0.660
     6     12      8     10   2236.595      8.000     -0.660
     7     13      9     11   2213.681      9.000     -0.660
     8     14     10     12   2407.872     10.000     -0.660
     9     15     11     13   2768.748     11.000     -0.660
    10     16     12     14   2717.144     12.000     -0.660
    11     17     13     15   2732.074     13.000     -0.660
    12     18     14     16   3096.918     14.000     -0.660
    13     19     15     17   3145.458     15.000     -0.660
    14     20     16     18   2772.358     16.000     -0.660
    15     21     17     19   2797.164     17.000     -0.660
    16     22     18     20   2864.393     18.000     -0.660
    17     23     19     21   2590.296     19.000     -0.660
    18     24     20     22   2267.078     20.000     -0.660
    19     25     21     23   2130.648     21.000     -0.660
    20     26     22     24   2031.684     22.000     -0.660
    21     27     23     25   1960.753     23.000     -0.660
    22     28     24     26   1974.503     24.000     -0.660
    23     29     25     27   2116.861     25.000     -0.660
    24     30     26     28   2043.741     26.000     -0.660
    25     31     27     29   1908.064     27.000     -0.660
    26     32     28     30   1814.444     28.000     -0.660
    27     33     29     31   1805.794     29.000     -0.660
    28     34     30     32   1608.395     30.000     -0.660
    29     35     31     33   1594.368     31.000     -0.660
    30     36     32     34   1369.404     32.000     -0.660
    31     37     33     35   1140.483     33.000     -0.660
    32     38     34     36   1051.348     34.000     -0.660
    33     39     35     37    982.615     35.000     -0.660
    34     40     36     38    832.821     36.000     -0.660
    35     41     37     39    754.523     37.000     -0.660
    36     42     38     40    892.513     38.000     -0.660
    37     43     39     41    965.542     39.000     -0.660
    38     44     40     42    857.889     40.000     -0.660
    39     45     41     43    892.305     41.000     -0.660
    40     46     42     44   1201.837     42.000     -0.660
    41     47     43     45   1361.506     43.000     -0.660
    42     48     44     46   1650.568     44.000     -0.660
     1     10      4      7    915.023      4.500     -0.990
     2     11      5      8   1008.823      5.500     -0.990
     3     12      6      9   1228.381      6.500     -0.990
     4     13      7     10   1671.408      7.500     -0.990
     5     14      8     11   2017.822      8.500     -0.990
     6     15      9     12   2262.506      9.500     -0.990
     7     16     10     13   2153.301     10.500     -0.990
     8     17     11     14   1992.242     11.500     -0.990
     9     18     12     15   2109.258     12.500     -0.990
    10     19     13     16   2340.403     13.500     -0.990
    11     20     14     17   2435.336     14.500     -0.990
    12     21     15     18   2562.738     15.500     -0.990
    13     22     16     19   2533.182     16.500     -0.990
    14     23     17     20   2456.650     17.500     -0.990
    15     24     18     21   2379.507     18.500     -0.990
    16     25     19     22   2259.795     19.500     -0.990
    17     26     20     23   1963.639     20.500     -0.990
    18     27     21     24   1828.488     21.500     -0.990
    19     28     22     25   1735.182     22.500     -0.990
    20     29     23     26   1882.267     23.500     -0.990
    21     30     24     27   1835.180     24.500     -0.990
    22     31     25     28   1927.268     25.500     -0.990
    23     32     26     29   1704.252     26.500     -0.990
    24     33     27     30   1511.112     27.500     -0.990
    25     34     28     31   1348.411     28.500     -0.990
    26     35     29     32   1350.869     29.500     -0.990
    27     36     30     33   1284.311     30.500     -0.990
    28     37     31     34   1325.480     31.500     -0.990
    29     38     32     35   1149.930     32.500     -0.990
    30     39     33     36   1042.895     33.500     -0.990
    31     40     34     37    926.087     34.500     -0.990
    32     41     35     38    856.937     35.500     -0.990
    33     42     36     39    800.934     36.500     -0.990
    34     43     37     40    841.851     37.500     -0.990
    35     44     38     41    825.247     38.500     -0.990
    36     45     39     42    873.587     39.500     -0.990
    37     46     40     43    878.758     40.500     -0.990
    38     47     41     44   1009.172     41.500     -0.990
    39     48     42     45   1072.508     42.500     -0.990
     1     13      5      9    914.454      6.000     -1.320
     2     14      6     10   1296.117      7.000     -1.320
     3     15      7     11   1554.375      8.000     -1.320
     4     16      8     12   1716.347      9.000     -1.320
     5     17      9     13   1720.034     10.000     -1.320
     6     18     10     14   1663.519     11.000     -1.320
     7     19     11     15   1562.702     12.000     -1.320
     8     20     12     16   1487.328     13.000     -1.320
     9     21     13     17   1620.534     14.000     -1.320
    10     22     14     18   1851.585     15.000     -1.320
    11     23     15     19   2082.307     16.000     -1.320
    12     24     16     20   2148.613     17.000     -1.320
    13     25     17     21   1996.291     18.000     -1.320
    14     26     18     22   1876.883     19.000     -1.320
    15     27     19     23   1650.445     20.000     -1.320
    16     28     20     24   1507.745     21.000     -1.320
    17     29     21     25   1477.875     22.000     -1.320
    18     30     22     26   1394.636     23.000     -1.320
    19     31     23     27   1575.673     24.000     -1.320
    20     32     24     28   1596.460     25.000     -1.320
    21     33     25     29   1441.576     26.000     -1.320
    22     34     26     30   1402.954     27.000     -1.320
    23     35     27     31   1208.170     28.000     -1.320
    24     36     28     32   1099.667     29.000     -1.320
    25     37     29     33   1053.588     30.000     -1.320
    26     38     30     34    951.505     31.000     -1.320
    27     39     31     35   1015.185     32.000     -1.320
    28     40     32     36    943.179     33.000     -1.320
    29     41     33     37    810.165     34.000     -1.320
    30     42     34     38    800.495     35.000     -1.320
    31     43     35     39    741.098     36.000     -1.320
    32     44     36     40    766.237     37.000     -1.320
    33     45     37     41    777.648     38.000     -1.320
    34     46     38     42    777.379     39.000     -1.320
    35     47     39     43    841.004     40.000     -1.320
    36     48     40     44    861.218     41.000     -1.320
     1     16      6     11   1102.740      7.500     -1.650
     2     17      7     12   1204.929      8.500     -1.650
     3     18      8     13   1250.406      9.500     -1.650
     4     19      9     14   1201.644     10.500     -1.650
     5     20     10     15   1186.805     11.500     -1.650
     6     21     11     16   1236.949     12.500     -1.650
     7     22     12     17   1175.302     13.500     -1.650
     8     23     13     18   1200.330     14.500     -1.650
     9     24     14     19   1371.061     15.500     -1.650
    10     25     15     20   1589.528     16.500     -1.650
    11     26     16     21   1572.754     17.500     -1.650
    12     27     17     22   1483.096     18.500     -1.650
    13     28     18     23   1349.750     19.500     -1.650
    14     29     19     24   1213.816     20.500     -1.650
    15     30     20     25   1087.164     21.500     -1.650
    16     31     21     26   1142.040     22.500     -1.650
    17     32     22     27   1155.383     23.500     -1.650
    18     33     23     28   1167.507     24.500     -1.650
    19     34     24     29   1175.458     25.500     -1.650
    20     35     25     30   1207.804     26.500     -1.650
    21     36     26     31   1122.063     27.500     -1.650
    22     37     27     32   1026.229     28.500     -1.650
    23     38     28     33    905.868     29.500     -1.650
    24     39     29     34    856.296     30.500     -1.650
    25     40     30     35    731.396     31.500     -1.650
    26     41     31     36    734.991     32.500     -1.650
    27     42     32     37    725.685     33.500     -1.650
    28     43     33     38    674.979     34.500     -1.650
    29     44     34     39    626.630     35.500     -1.650
    30     45     35     40    674.468     36.500     -1.650
    31     46     36     41    680.597     37.500     -1.650
    32     47     37     42    696.454     38.500     -1.650
    33     48     38     43    704.147     39.500     -1.650
     1     19      7     13    841.226      9.000     -1.980
     2     20      8     14    839.280     10.000     -1.980
     3     21      9     15    881.592     11.000     -1.980
     4     22     10     16    926.304     12.000     -1.980
     5     23     11     17    986.631     13.000     -1.980
     6     24     12     18    971.169     14.000     -1.980
     7     25     13     19    978.433     15.000     -1.980
     8     26     14     20   1003.852     16.000     -1.980
     9     27     15     21   1007.681     17.000     -1.980
    10     28     16     22   1046.670     18.000     -1.980
    11     29     17     23   1001.715     19.000     -1.980
    12     30     18     24    966.088     20.000     -1.980
    13     31     19     25    899.681     21.000     -1.980
    14     32     20     26    819.081     22.000     -1.980
    15     33     21     27    829.627     23.000     -1.980
    16     34     22     28    867.050     24.000     -1.980
    17     35     23     29    899.687     25.000     -1.980
    18     36     24     30    919.274     26.000     -1.980
    19     37     25     31    937.600     27.000     -1.980
    20     38     26     32    940.857     28.000     -1.980
    21     39     27     33    862.280     29.000     -1.980
    22     40     28     34    751.034     30.000     -1.980
    23     41     29     35    677.439     31.000     -1.980
    24     42     30     36    610.071     32.000     -1.980
    25     43     31     37    582.267     33.000     -1.980
    26     44     32     38    544.077     34.000     -1.980
    27     45     33     39    520.781     35.000     -1.980
    28     46     34     40    561.760     36.000     -1.980
    29     47     35     41    563.578     37.000     -1.980
    30     48     36     42    566.984     38.000     -1.980
     1     22      8     15    636.426     10.500     -2.310
     2     23      9     16    722.163     11.500     -2.310
     3     24     10     17    754.241     12.500     -2.310
     4     25     11     18    761.294     13.500     -2.310
     5     26     12     19    770.244     14.500     -2.310
     6     27     13     20    743.695     15.500     -2.310
     7     28     14     21    679.602     16.500     -2.310
     8     29     15     22    652.276     17.500     -2.310
     9     30     16     23    626.947     18.500     -2.310
    10     31     17     24    672.496     19.500     -2.310
    11     32     18     25    671.555     20.500     -2.310
    12     33     19     26    644.504     21.500     -2.310
    13     34     20     27    631.014     22.500     -2.310
    14     35     21     28    635.197     23.500     -2.310
    15     36     22     29    639.675     24.500     -2.310
    16     37     23     30    709.889     25.500     -2.310
    17     38     24     31    731.309     26.500     -2.310
    18     39     25     32    749.689     27.500     -2.310
    19     40     26     33    748.152     28.500     -2.310
    20     41     27     34    699.950     29.500     -2.310
    21     42     28     35    626.504     30.500     -2.310
    22     43     29     36    584.870     31.500     -2.310
    23     44     30     37    500.246     32.500     -2.310
    24     45     31     38    479.056     33.500     -2.310
    25     46     32     39    441.266     34.500     -2.310
    26     47     33     40    436.483     35.500     -2.310
    27     48     34     41    443.799     36.500     -2.310
     1     25      9     17    571.962     12.000     -2.640
     2     26     10     18    586.769     13.000     -2.640
     3     27     11     19    572.019     14.000     -2.640
     4     28     12     20    536.195     15.000     -2.640
     5     29     13     21    512.099     16.000     -2.640
     6     30     14     22    483.544     17.000     -2.640
     7     31     15     23    448.866     18.000     -2.640
     8     32     16     24    411.252     19.000     -2.640
     9     33     17     25    408.925     20.000     -2.640
    10     34     18     26    463.348     21.000     -2.640
    11     35     19     27    485.934     22.000     -2.640
    12     36     20     28    491.650     23.000     -2.640
    13     37     21     29    496.549     24.000     -2.640
    14     38     22     30    513.946     25.000     -2.640
    15     39     23     31    550.093     26.000     -2.640
    16     40     24     32    577.779     27.000     -2.640
    17     41     25     33    601.915     28.000     -2.640
    18     42     26     34    595.109     29.000     -2.640
    19     43     27     35    566.359     30.000     -2.640
    20     44     28     36    526.365     31.000     -2.640
    21     45     29     37    488.514     32.000     -2.640
    22     46     30     38    438.552     33.000     -2.640
    23     47     31     39    399.630     34.000     -2.640
    24     48     32     40    375.052     35.000     -2.640
     1     28     10     19    415.612     13.500     -2.970
     2     29     11     20    414.614     14.500     -2.970
     3     30     12     21    367.655     15.500     -2.970
     4     31     13     22    354.303     16.500     -2.970
     5     32     14     23    338.727     17.500     -2.970
     6     33     15     24    324.556     18.500     -2.970
     7     34     16     25    300.618     19.500     -2.970
     8     35     17     26    291.017     20.500     -2.970
     9     36     18     27    326.965     21.500     -2.970
    10     37     19     28    365.533     22.500     -2.970
    11     38     20     29    379.244     23.500     -2.970
    12     39     21     30    412.501     24.500     -2.970
    13     40     22     31    413.704     25.500     -2.970
    14     41     23     32    434.918     26.500     -2.970
    15     42     24     33    465.466     27.500     -2.970
    16     43     25     34    482.713     28.500     -2.970
    17     44     26     35    481.899     29.500     -2.970
    18     45     27     36    457.560     30.500     -2.970
    19     46     28     37    431.788     31.500     -2.970
    20     47     29     38    412.186     32.500     -2.970
    21     48     30     39    355.655     33.500     -2.970
     1     31     11     21    287.519     15.000     -3.300
     2     32     12     22    266.487     16.000     -3.300
     3     33     13     23    244.600     17.000     -3.300
     4     34     14     24    246.355     18.000     -3.300
     5     35     15     25    249.897     19.000     -3.300
     6     36     16     26    249.873     20.000     -3.300
     7     37     17     27    247.626     21.000     -3.300
     8     38     18     28    255.439     22.000     -3.300
     9     39     19     29    274.465     23.000     -3.300
    10     40     20     30    302.510     24.000     -3.300
    11     41     21     31    324.364     25.000     -3.300
    12     42     22     32    348.721     26.000     -3.300
    13     43     23     33    371.352     27.000     -3.300
    14     44     24     34    373.824     28.000     -3.300
    15     45     25     35    384.271     29.000     -3.300
    16     46     26     36    392.032     30.000     -3.300
    17     47     27     37    371.639     31.000     -3.300
    18     48     28     38    338.944     32.000     -3.300
     1     34     12     23    193.686     16.500     -3.630
     2     35     13     24    194.337     17.500     -3.630
     3     36     14     25    198.618     18.500     -3.630
     4     37     15     26    206.809     19.500     -3.630
     5     38     16     27    218.118     20.500     -3.630
     6     39     17     28    224.367     21.500     -3.630
     7     40     18     29    219.632     22.500     -3.630
     8     41     19     30    225.780     23.500     -3.630
     9     42     20     31    241.983     24.500     -3.630
    10     43     21     32    267.111     25.500     -3.630
    11     44     22     33    292.352     26.500     -3.630
    12     45     23     34    309.012     27.500     -3.630
    13     46     24     35    316.875     28.500     -3.630
    14     47     25     36    312.453     29.500     -3.630
    15     48     26     37    301.666     30.500     -3.630
     1     37     13     25    162.676     18.000     -3.960
     2     38     14     26    175.032     19.000     -3.960
     3     39     15     27    188.662     20.000     -3.960
     4     40     16     28    193.443     21.000     -3.960
     5     41     17     29    195.793     22.000     -3.960
     6     42     18     30    207.476     23.000     -3.960
     7     43     19     31    204.262     24.000     -3.960
     8     44     20     32    205.479     25.000     -3.960
     9     45     21     33    225.379     26.000     -3.960
    10     46     22     34    243.081     27.000     -3.960
    11     47     23     35    259.162     28.000     -3.960
    12     48     24     36    258.471     29.000     -3.960
     1     40     14     27    161.351     19.500     -4.290
     2     41     15     28    172.160     20.500     -4.290
     3     42     16     29    176.365     21.500     -4.290
     4     43     17     30    183.064     22.500     -4.290
     5     44     18     31    187.626     23.500     -4.290
     6     45     19     32    189.713     24.500     -4.290
     7     46     20     33    191.142     25.500     -4.290
     8     47     21     34    192.232     26.500     -4.290
     9     48     22     35    197.243     27.500     -4.290
     1     43     15     29    160.596     21.000     -4.620
     2     44     16     30    169.040     22.000     -4.620
     3     45     17     31    171.022     23.000     -4.620
     4     46     18     32    171.002     24.000     -4.620
     5     47     19     33    176.128     25.000     -4.620
     6     48     20     34    169.805     26.000     -4.620
     1     46     16     31    159.061     22.500     -4.950
     2     47     17     32    154.373     23.500     -4.950
     3     48     18     33    157.518     24.500     -4.950
     1      2      4      3    975.165      1.500     -0.585
     2      3      5      4   1009.288      2.500     -0.585
     3      4      6      5    951.791      3.500     -0.585
     4      5      7      6   1134.831      4.500     -0.585
     5      6      8      7   1599.015      5.500     -0.585
     6      7      9      8   1282.411      6.500     -0.585
     7      8     10      9   1608.032      7.500     -0.585
     8      9     11     10   2618.658      8.500     -0.585
     9     10     12     11   4152.869      9.500     -0.585
    10     11     13     12   2687.331     10.500     -0.585
    11     12     14     13   2718.387     11.500     -0.585
    12     13     15     14   2836.293     12.500     -0.585
    13     14     16     15   2752.405     13.500     -0.585
    14     15     17     16   3312.410     14.500     -0.585
    15     16     18     17   2975.534     15.500     -0.585
    16     17     19     18   3128.073     16.500     -0.585
    17     18     20     19   2837.122     17.500     -0.585
    18     19     21     20   2463.650     18.500     -0.585
    19     20     22     21   2395.693     19.500     -0.585
    20     21     23     22   1583.836     20.500     -0.585
    21     22     24     23   1737.542     21.500     -0.585
    22     23     25     24   1446.079     22.500     -0.585
    23     24     26     25   1622.743     23.500     -0.585
    24     25     27     26   1955.635     24.500     -0.585
    25     26     28     27   1959.202     25.500     -0.585
    26     27     29     28   2306.122     26.500     -0.585
    27     28     30     29   2840.630     27.500     -0.585
    28     29     31     30   1493.553     28.500     -0.585
    29     30     32     31   1974.351     29.500     -0.585
    30     31     33     32   1992.406     30.500     -0.585
    31     32     34     33   1392.709     31.500     -0.585
    32     33     35     34   1198.850     32.500     -0.585
    33     34     36     35    897.533     33.500     -0.585
    34     35     37     36    732.715     34.500     -0.585
    35     36     38     37    795.602     35.500     -0.585
    36     37     39     38    689.073     36.500     -0.585
    37     38     40     39    839.548     37.500     -0.585
    38     39     41     40    565.144     38.500     -0.585
    39     40     42     41    881.458     39.500     -0.585
    40     41     43     42    980.276     40.500     -0.585
    41     42     44     43   1064.391     41.500     -0.585
    42     43     45     44   1122.283     42.500     -0.585
    43     44     46     45   1364.694     43.500     -0.585
    44     45     47     46   1502.897     44.500     -0.585
    45     46     48     47   2876.767     45.500     -0.585
     1      2      5      4    893.143      2.000     -0.780
     2      3      6      5    928.299      3.000     -0.780
     3      4      7      6   1038.824      4.000     -0.780
     4      5      8      7   1555.818      5.000     -0.780
     5      6      9      8   1764.654      6.000     -0.780
     6      7     10      9   1438.299      7.000     -0.780
     7      8     11     10   1799.296      8.000     -0.780
     8      9     12     11   3197.829      9.000     -0.780
     9     10     13     12   3550.432     10.000     -0.780
    10     11     14     13   2800.950     11.000     -0.780
    11     12     15     14   3123.149     12.000     -0.780
    12     13     16     15   3500.150     13.000     -0.780
    13     14     17     16   3124.360     14.000     -0.780
    14     15     18     17   3363.043     15.000     -0.780
    15     16     19     18   3846.732     16.000     -0.780
    16     17     20     19   3463.462     17.000     -0.780
    17     18     21     20   2642.114     18.000     -0.780
    18     19     22     21   2824.011     19.000     -0.780
    19     20     23     22   2289.839     20.000     -0.780
    20     21     24     23   2057.430     21.000     -0.780
    21     22     25     24   2066.250     22.000     -0.780
    22     23     26     25   1776.650     23.000     -0.780
    23     24     27     26   2096.575     24.000     -0.780
    24     25     28     27   1963.206     25.000     -0.780
    25     26     29     28   2113.134     26.000     -0.780
    26     27     30     29   2954.699     27.000     -0.780
    27     28     31     30   2183.842     28.000     -0.780
    28     29     32     31   2306.494     29.000     -0.780
    29     30     33     32   2144.950     30.000     -0.780
    30     31     34     33   1609.771     31.000     -0.780
    31     32     35     34   1394.283     32.000     -0.780
    32     33     36     35   1151.728     33.000     -0.780
    33     34     37     36    897.947     34.000     -0.780
    34     35     38     37    858.884     35.000     -0.780
    35     36     39     38    799.592     36.000     -0.780
    36     37     40     39    977.350     37.000     -0.780
    37     38     41     40    748.532     38.000     -0.780
    38     39     42     41    624.196     39.000     -0.780
    39     40     43     42   1123.267     40.000     -0.780
    40     41     44     43   1132.198     41.000     -0.780
    41     42     45     44   1076.088     42.000     -0.780
    42     43     46     45   1171.612     43.000     -0.780
    43     44     47     46   1639.427     44.000     -0.780
    44     45     48     47   1981.429     45.000     -0.780
     1      2      6      5    884.730      2.500     -0.975
     2      3      7      6    916.651      3.500     -0.975
     3      4      8      7   1286.632      4.500     -0.975
     4      5      9      8   1734.136      5.500     -0.975
     5      6     10      9   1832.396      6.500     -0.975
     6      7     11     10   1555.552      7.500     -0.975
     7      8     12     11   2014.511      8.500     -0.975
     8      9     13     12   2644.024      9.500     -0.975
     9     10     14     13   3223.568     10.500     -0.975
    10     11     15     14   3195.375     11.500     -0.975
    11     12     16     15   3920.663     12.500     -0.975
    12     13     17     16   3772.330     13.500     -0.975
    13     14     18     17   3052.831     14.500     -0.975
    14     15     19     18   3784.070     15.500     -0.975
    15     16     20     19   3859.192     16.500     -0.975
    16     17     21     20   2958.069     17.500     -0.975
    17     18     22     21   2743.471     18.500     -0.975
    18     19     23     22   2515.240     19.500     -0.975
    19     20     24     23   2763.668     20.500     -0.975
    20     21     25     24   2217.037     21.500     -0.975
    21     22     26     25   2291.756     22.500     -0.975
    22     23     27     26   2069.643     23.500     -0.975
    23     24     28     27   2068.812     24.500     -0.975
    24     25     29     28   1828.263     25.500     -0.975
    25     26     30     29   2440.247     26.500     -0.975
    26     27     31     30   2173.803     27.500     -0.975
    27     28     32     31   2737.744     28.500     -0.975
    28     29     33     32   2178.722     29.500     -0.975
    29     30     34     33   1766.662     30.500     -0.975
    30     31     35     34   1485.790     31.500     -0.975
    31     32     36     35   1296.859     32.500     -0.975
    32     33     37     36   1118.571     33.500     -0.975
    33     34     38     37    930.335     34.500     -0.975
    34     35     39     38    788.681     35.500     -0.975
    35     36     40     39   1068.552     36.500     -0.975
    36     37     41     40    785.441     37.500     -0.975
    37     38     42     41    702.143     38.500     -0.975
    38     39     43     42    729.192     39.500     -0.975
    39     40     44     43   1183.039     40.500     -0.975
    40     41     45     44   1031.985     41.500     -0.975
    41     42     46     45   1008.533     42.500     -0.975
    42     43     47     46   1294.656     43.500     -0.975
    43     44     48     47   1946.126     44.500     -0.975
     1      2      7      6    878.769      3.000     -1.170
     2      3      8      7   1077.835      4.000     -1.170
     3      4      9      8   1419.676      5.000     -1.170
     4      5     10      9   1778.113      6.000     -1.170
     5      6     11     10   1865.376      7.000     -1.170
     6      7     12     11   1673.011      8.000     -1.170
     7      8     13     12   1625.973      9.000     -1.170
     8      9     14     13   2261.702     10.000     -1.170
     9     10     15     14   3497.184     11.000     -1.170
    10     11     16     15   3787.875     12.000     -1.170
    11     12     17     16   4101.486     13.000     -1.170
    12     13     18     17   3441.490     14.000     -1.170
    13     14     19     18   3306.190     15.000     -1.170
    14     15     20     19   3496.073     16.000     -1.170
    15     16     21     20   3062.906     17.000     -1.170
    16     17     22     21   2913.262     18.000     -1.170
    17     18     23     22   2295.321     19.000     -1.170
    18     19     24     23   2822.012     20.000     -1.170
    19     20     25     24   2748.400     21.000     -1.170
    20     21     26     25   2289.173     22.000     -1.170
    21     22     27     26   2484.600     23.000     -1.170
    22     23     28     27   1917.987     24.000     -1.170
    23     24     29     28   1799.105     25.000     -1.170
    24     25     30     29   1983.653     26.000     -1.170
    25     26     31     30   1767.210     27.000     -1.170
    26     27     32     31   2499.356     28.000     -1.170
    27     28     33     32   2425.895     29.000     -1.170
    28     29     34     33   1579.521     30.000     -1.170
    29     30     35     34   1630.095     31.000     -1.170
    30     31     36     35   1314.874     32.000     -1.170
    31     32     37     36   1219.918     33.000     -1.170
    32     33     38     37   1100.402     34.000     -1.170
    33     34     39     38    817.112     35.000     -1.170
    34     35     40     39   1013.524     36.000     -1.170
    35     36     41     40    835.222     37.000     -1.170
    36     37     42     41    707.684     38.000     -1.170
    37     38     43     42    774.516     39.000     -1.170
    38     39     44     43    744.430     40.000     -1.170
    39     40     45     44   1025.464     41.000     -1.170
    40     41     46     45    951.065     42.000     -1.170
    41     42     47     46   1080.682     43.000     -1.170
    42     43     48     47   1532.780     44.000     -1.170
     1      2      8      7   1019.094      3.500     -1.365
     2      3      9      8   1181.284      4.500     -1.365
     3      4     10      9   1468.298      5.500     -1.365
     4      5     11     10   1777.367      6.500     -1.365
     5      6     12     11   1947.391      7.500     -1.365
     6      7     13     12   1346.668      8.500     -1.365
     7      8     14     13   1358.558      9.500     -1.365
     8      9     15     14   2389.305     10.500     -1.365
     9     10     16     15   3923.784     11.500     -1.365
    10     11     17     16   3758.310     12.500     -1.365
    11     12     18     17   3524.737     13.500     -1.365
    12     13     19     18   3392.354     14.500     -1.365
    13     14     20     19   2954.581     15.500     -1.365
    14     15     21     20   2635.085     16.500     -1.365
    15     16     22     21   2903.742     17.500     -1.365
    16     17     23     22   2354.292     18.500     -1.365
    17     18     24     23   2442.597     19.500     -1.365
    18     19     25     24   2673.744     20.500     -1.365
    19     20     26     25   2699.934     21.500     -1.365
    20     21     27     26   2374.871     22.500     -1.365
    21     22     28     27   2218.229     23.500     -1.365
    22     23     29     28   1573.587     24.500     -1.365
    23     24     30     29   1876.594     25.500     -1.365
    24     25     31     30   1389.667     26.500     -1.365
    25     26     32     31   1916.145     27.500     -1.365
    26     27     33     32   2180.255     28.500     -1.365
    27     28     34     33   1718.152     29.500     -1.365
    28     29     35     34   1378.590     30.500     -1.365
    29     30     36     35   1481.170     31.500     -1.365
    30     31     37     36   1161.468     32.500     -1.365
    31     32     38     37   1140.269     33.500     -1.365
    32     33     39     38    949.642     34.500     -1.365
    33     34     40     39   1015.850     35.500     -1.365
    34     35     41     40    780.744     36.500     -1.365
    35     36     42     41    732.656     37.500     -1.365
    36     37     43     42    754.957     38.500     -1.365
    37     38     44     43    769.747     39.500     -1.365
    38     39     45     44    646.500     40.500     -1.365
    39     40     46     45    982.701     41.500     -1.365
    40     41     47     46   1008.133     42.500     -1.365
    41     42     48     47   1232.665     43.500     -1.365
     1      3      9      7   1094.904      4.000     -1.560
     2      4     10      8   1351.354      5.000     -1.560
     3      5     11      9   1661.107      6.000     -1.560
     4      6     12     10   1855.471      7.000     -1.560
     5      7     13     11   1638.403      8.000     -1.560
     6      8     14     12   1425.602      9.000     -1.560
     7      9     15     13   1964.675     10.000     -1.560
     8     10     16     14   3212.222     11.000     -1.560
     9     11     17     15   3800.673     12.000     -1.560
    10     12     18     16   3756.404     13.000     -1.560
    11     13     19     17   3456.418     14.000     -1.560
    12     14     20     18   3198.006     15.000     -1.560
    13     15     21     19   2983.650     16.000     -1.560
    14     16     22     20   2838.097     17.000     -1.560
    15     17     23     21   2697.749     18.000     -1.560
    16     18     24     22   2362.340     19.000     -1.560
    17     19     25     23   2617.572     20.000     -1.560
    18     20     26     24   2697.188     21.000     -1.560
    19     21     27     25   2466.684     22.000     -1.560
    20     22     28     26   2339.203     23.000     -1.560
    21     23     29     27   1883.513     24.000     -1.560
    22     24     30     28   1737.264     25.000     -1.560
    23     25     31     29   1728.942     26.000     -1.560
    24     26     32     30   1669.309     27.000     -1.560
    25     27     33     31   2164.177     28.000     -1.560
    26     28     34     32   2080.758     29.000     -1.560
    27     29     35     33   1547.709     30.000     -1.560
    28     30     36     34   1472.452     31.000     -1.560
    29     31     37     35   1311.461     32.000     -1.560
    30     32     38     36   1164.472     33.000     -1.560
    31     33     39     37   1054.733     34.000     -1.560
    32     34     40     38    939.568     35.000     -1.560
    33     35     41     39    925.731     36.000     -1.560
    34     36     42     40    776.310     37.000     -1.560
    35     37     43     41    733.869     38.000     -1.560
    36     38     44     42    765.659     39.000     -1.560
    37     39     45     43    716.170     40.000     -1.560
    38     40     46     44    872.398     41.000     -1.560
    39     41     47     45    981.330     42.000     -1.560
    40     42     48     46   1105.939     43.000     -1.560
     1      3     11      9   1218.189      5.000     -1.950
     2      4     12     10   1348.733      6.000     -1.950
     3      5     13     11   1498.036      7.000     -1.950
     4      6     14     12   1333.535      8.000     -1.950
     5      7     15     13   1153.949      9.000     -1.950
     6      8     16     14   1326.725     10.000     -1.950
     7      9     17     15   2082.601     11.000     -1.950
     8     10     18     16   2928.823     12.000     -1.950
     9     11     19     17   2999.069     13.000     -1.950
    10     12     20     18   3010.382     14.000     -1.950
    11     13     21     19   2544.142     15.000     -1.950
    12     14     22     20   2034.002     16.000     -1.950
    13     15     23     21   2015.914     17.000     -1.950
    14     16     24     22   2106.882     18.000     -1.950
    15     17     25     23   2283.400     19.000     -1.950
    16     18     26     24   2171.666     20.000     -1.950
    17     19     27     25   2389.289     21.000     -1.950
    18     20     28     26   2519.704     22.000     -1.950
    19     21     29     27   1973.051     23.000     -1.950
    20     22     30     28   1671.466     24.000     -1.950
    21     23     31     29   1431.539     25.000     -1.950
    22     24     32     30   1216.398     26.000     -1.950
    23     25     33     31   1309.178     27.000     -1.950
    24     26     34     32   1269.379     28.000     -1.950
    25     27     35     33   1258.622     29.000     -1.950
    26     28     36     34   1284.503     30.000     -1.950
    27     29     37     35   1101.322     31.000     -1.950
    28     30     38     36   1085.988     32.000     -1.950
    29     31     39     37    995.100     33.000     -1.950
    30     32     40     38    971.414     34.000     -1.950
    31     33     41     39   1017.319     35.000     -1.950
    32     34     42     40    755.573     36.000     -1.950
    33     35     43     41    670.460     37.000     -1.950
    34     36     44     42    732.682     38.000     -1.950
    35     37     45     43    694.482     39.000     -1.950
    36     38     46     44    628.052     40.000     -1.950
    37     39     47     45    634.052     41.000     -1.950
    38     40     48     46    905.551     42.000     -1.950
     1      3     13     11   1044.456      6.000     -2.340
     2      4     14     12    925.032      7.000     -2.340
     3      5     15     13    982.564      8.000     -2.340
     4      6     16     14   1176.829      9.000     -2.340
     5      7     17     15   1154.330     10.000     -2.340
     6      8     18     16   1108.220     11.000     -2.340
     7      9     19     17   1471.252     12.000     -2.340
     8     10     20     18   2087.671     13.000     -2.340
     9     11     21     19   2003.007     14.000     -2.340
    10     12     22     20   1731.822     15.000     -2.340
    11     13     23     21   1591.740     16.000     -2.340
    12     14     24     22   1427.108     17.000     -2.340
    13     15     25     23   1565.373     18.000     -2.340
    14     16     26     24   1782.407     19.000     -2.340
    15     17     27     25   1959.924     20.000     -2.340
    16     18     28     26   1931.734     21.000     -2.340
    17     19     29     27   1787.718     22.000     -2.340
    18     20     30     28   1677.240     23.000     -2.340
    19     21     31     29   1374.478     24.000     -2.340
    20     22     32     30   1089.342     25.000     -2.340
    21     23     33     31    983.083     26.000     -2.340
    22     24     34     32    828.886     27.000     -2.340
    23     25     35     33    706.123     28.000     -2.340
    24     26     36     34    726.687     29.000     -2.340
    25     27     37     35    817.550     30.000     -2.340
    26     28     38     36    853.119     31.000     -2.340
    27     29     39     37    750.496     32.000     -2.340
    28     30     40     38    852.330     33.000     -2.340
    29     31     41     39    876.286     34.000     -2.340
    30     32     42     40    725.319     35.000     -2.340
    31     33     43     41    724.399     36.000     -2.340
    32     34     44     42    683.903     37.000     -2.340
    33     35     45     43    617.294     38.000     -2.340
    34     36     46     44    589.129     39.000     -2.340
    35     37     47     45    586.902     40.000     -2.340
    36     38     48     46    652.138     41.000     -2.340
     1      3     15     13    678.433      7.000     -2.730
     2      4     16     14    789.877      8.000     -2.730
     3      5     17     15    940.000      9.000     -2.730
     4      6     18     16    926.510     10.000     -2.730
     5      7     19     17    773.170     11.000     -2.730
     6      8     20     18    752.860     12.000     -2.730
     7      9     21     19    930.004     13.000     -2.730
     8     10     22     20   1134.870     14.000     -2.730
     9     11     23     21   1143.663     15.000     -2.730
    10     12     24     22   1140.140     16.000     -2.730
    11     13     25     23   1132.909     17.000     -2.730
    12     14     26     24   1124.016     18.000     -2.730
    13     15     27     25   1302.237     19.000     -2.730
    14     16     28     26   1529.133     20.000     -2.730
    15     17     29     27   1428.074     21.000     -2.730
    16     18     30     28   1238.174     22.000     -2.730
    17     19     31     29   1187.472     23.000     -2.730
    18     20     32     30   1040.557     24.000     -2.730
    19     21     33     31    892.228     25.000     -2.730
    20     22     34     32    680.139     26.000     -2.730
    21     23     35     33    501.604     27.000     -2.730
    22     24     36     34    455.875     28.000     -2.730
    23     25     37     35    431.094     29.000     -2.730
    24     26     38     36    459.260     30.000     -2.730
    25     27     39     37    539.085     31.000     -2.730
    26     28     40     38    629.405     32.000     -2.730
    27     29     41     39    634.810     33.000     -2.730
    28     30     42     40    590.602     34.000     -2.730
    29     31     43     41    619.662     35.000     -2.730
    30     32     44     42    655.040     36.000     -2.730
    31     33     45     43    652.295     37.000     -2.730
    32     34     46     44    476.318     38.000     -2.730
    33     35     47     45    502.285     39.000     -2.730
    34     36     48     46    592.925     40.000     -2.730
     1      4     16     13    750.536      7.500     -2.925
     2      5     17     14    883.573      8.500     -2.925
     3      6     18     15    964.999      9.500     -2.925
     4      7     19     16    870.120     10.500     -2.925
     5      8     20     17    810.247     11.500     -2.925
     6      9     21     18    983.093     12.500     -2.925
     7     10     22     19   1201.995     13.500     -2.925
     8     11     23     20   1200.410     14.500     -2.925
     9     12     24     21   1238.145     15.500     -2.925
    10     13     25     22   1159.174     16.500     -2.925
    11     14     26     23   1164.320     17.500     -2.925
    12     15     27     24   1270.745     18.500     -2.925
    13     16     28     25   1462.037     19.500     -2.925
    14     17     29     26   1529.812     20.500     -2.925
    15     18     30     27   1400.430     21.500     -2.925
    16     19     31     28   1264.287     22.500     -2.925
    17     20     32     29   1206.991     23.500     -2.925
    18     21     33     30    949.408     24.500     -2.925
    19     22     34     31    836.054     25.500     -2.925
    20     23     35     32    626.580     26.500     -2.925
    21     24     36     33    516.948     27.500     -2.925
    22     25     37     34    470.103     28.500     -2.925
    23     26     38     35    489.442     29.500     -2.925
    24     27     39     36    541.951     30.500     -2.925
    25     28     40     37    618.192     31.500     -2.925
    26     29     41     38    614.102     32.500     -2.925
    27     30     42     39    674.631     33.500     -2.925
    28     31     43     40    614.012     34.500     -2.925
    29     32     44     41    657.504     35.500     -2.925
    30     33     45     42    646.432     36.500     -2.925
    31     34     46     43    598.974     37.500     -2.925
    32     35     47     44    519.559     38.500     -2.925
    33     36     48     45    555.494     39.500     -2.925
     1      4     19     16    527.277      9.000     -3.510
     2      5     20     17    513.725     10.000     -3.510
     3      6     21     18    485.667     11.000     -3.510
     4      7     22     19    414.596     12.000     -3.510
     5      8     23     20    351.095     13.000     -3.510
     6      9     24     21    419.148     14.000     -3.510
     7     10     25     22    573.402     15.000     -3.510
     8     11     26     23    765.104     16.000     -3.510
     9     12     27     24    809.165     17.000     -3.510
    10     13     28     25    836.794     18.000     -3.510
    11     14     29     26    804.055     19.000     -3.510
    12     15     30     27    792.293     20.000     -3.510
    13     16     31     28    782.408     21.000     -3.510
    14     17     32     29    815.579     22.000     -3.510
    15     18     33     30    672.387     23.000     -3.510
    16     19     34     31    627.804     24.000     -3.510
    17     20     35     32    517.337     25.000     -3.510
    18     21     36     33    398.322     26.000     -3.510
    19     22     37     34    334.318     27.000     -3.510
    20     23     38     35    269.482     28.000     -3.510
    21     24     39     36    249.040     29.000     -3.510
    22     25     40     37    252.467     30.000     -3.510
    23     26     41     38    281.658     31.000     -3.510
    24     27     42     39    368.085     32.000     -3.510
    25     28     43     40    384.389     33.000     -3.510
    26     29     44     41    405.459     34.000     -3.510
    27     30     45     42    510.513     35.000     -3.510
    28     31     46     43    534.098     36.000     -3.510
    29     32     47     44    633.676     37.000     -3.510
    30     33     48     45    633.981     38.000     -3.510
     1      4     22     19    248.511     10.500     -4.095
     2      5     23     20    225.000     11.500     -4.095
     3      6     24     21    251.634     12.500     -4.095
     4      7     25     22    198.903     13.500     -4.095
     5      8     26     23    213.924     14.500     -4.095
     6      9     27     24    360.500     15.500     -4.095
     7     10     28     25    471.754     16.500     -4.095
     8     11     29     26    521.163     17.500     -4.095
     9     12     30     27    510.586     18.500     -4.095
    10     13     31     28    462.571     19.500     -4.095
    11     14     32     29    492.900     20.500     -4.095
    12     15     33     30    393.030     21.500     -4.095
    13     16     34     31    387.409     22.500     -4.095
    14     17     35     32    307.667     23.500     -4.095
    15     18     36     33    287.796     24.500     -4.095
    16     19     37     34    255.238     25.500     -4.095
    17     20     38     35    230.957     26.500     -4.095
    18     21     39     36    195.620     27.500     -4.095
    19     22     40     37    188.883     28.500     -4.095
    20     23     41     38    165.746     29.500     -4.095
    21     24     42     39    178.512     30.500     -4.095
    22     25     43     40    155.308     31.500     -4.095
    23     26     44     41    161.891     32.500     -4.095
    24     27     45     42    221.908     33.500     -4.095
    25     28     46     43    252.506     34.500     -4.095
    26     29     47     44    333.606     35.500     -4.095
    27     30     48     45    679.852     36.500     -4.095
     1      5     25     21    153.185     12.000     -4.680
     2      6     26     22    161.534     13.000     -4.680
     3      7     27     23    165.819     14.000     -4.680
     4      8     28     24    196.340     15.000     -4.680
     5      9     29     25    272.438     16.000     -4.680
     6     10     30     26    317.520     17.000     -4.680
     7     11     31     27    344.615     18.000     -4.680
     8     12     32     28    360.241     19.000     -4.680
     9     13     33     29    342.851     20.000     -4.680
    10     14     34     30    299.316     21.000     -4.680
    11     15     35     31    259.174     22.000     -4.680
    12     16     36     32    226.361     23.000     -4.680
    13     17     37     33    220.905     24.000     -4.680
    14     18     38     34    201.175     25.000     -4.680
    15     19     39     35    188.269     26.000     -4.680
    16     20     40     36    182.952     27.000     -4.680
    17     21     41     37    165.315     28.000     -4.680
    18     22     42     38    159.024     29.000     -4.680
    19     23     43     39    149.325     30.000     -4.680
    20     24     44     40    134.287     31.000     -4.680
    21     25     45     41    136.727     32.000     -4.680
    22     26     46     42     66.685     33.000     -4.680
    23     27     47     43     55.671     34.000     -4.680
    24     28     48     44    177.828     35.000     -4.680
     1      5     29     25    151.274     14.000     -5.460
     2      6     30     26    132.900     15.000     -5.460
     3      7     31     27    131.767     16.000     -5.460
     4      8     32     28    134.084     17.000     -5.460
     5      9     33     29    134.121     18.000     -5.460
     6     10     34     30    156.542     19.000     -5.460
     7     11     35     31    175.806     20.000     -5.460
     8     12     36     32    140.397     21.000     -5.460
     9     13     37     33    139.742     22.000     -5.460
    10     14     38     34    115.084     23.000     -5.460
    11     15     39     35    117.011     24.000     -5.460
    12     16     40     36    128.015     25.000     -5.460
    13     17     41     37    127.418     26.000     -5.460
    14     18     42     38    131.409     27.000     -5.460
    15     19     43     39    140.339     28.000     -5.460
    16     20     44     40    128.252     29.000     -5.460
    17     21     45     41    125.983     30.000     -5.460
    18     22     46     42    110.777     31.000     -5.460
    19     23     47     43    104.053     32.000     -5.460
    20     24     48     44    111.722     33.000     -5.460
     1      6     31     26    132.250     15.000     -5.850
     2      7     32     27    129.934     16.000     -5.850
     3      8     33     28    112.268     17.000     -5.850
     4      9     34     29    125.364     18.000     -5.850
     5     10     35     30    135.969     19.000     -5.850
     6     11     36     31    149.771     20.000     -5.850
     7     12     37     32    130.767     21.000     -5.850
     8     13     38     33    127.268     22.000     -5.850
     9     14     39     34    116.603     23.000     -5.850
    10     15     40     35    119.506     24.000     -5.850
    11     16     41     36    116.792     25.000     -5.850
    12     17     42     37    121.508     26.000     -5.850
    13     18     43     38    123.234     27.000     -5.850
    14     19     44     39    137.093     28.000     -5.850
    15     20     45     40    125.036     29.000     -5.850
    16     21     46     41    117.738     30.000     -5.850
    17     22     47     42    115.099     31.000     -5.850
    18     23     48     43    138.800     32.000     -5.850
     1      6     36     31     75.208     17.500     -6.825
     2      7     37     32     49.856     18.500     -6.825
     3      8     38     33     61.474     19.500     -6.825
     4      9     39     34     62.239     20.500     -6.825
     5     10     40     35     75.553     21.500     -6.825
     6     11     41     36     78.403     22.500     -6.825
     7     12     42     37     90.285     23.500     -6.825
     8     13     43     38     98.518     24.500     -6.825
     9     14     44     39    109.153     25.500     -6.825
    10     15     45     40     96.354     26.500     -6.825
    11     16     46     41    104.535     27.500     -6.825
    12     17     47     42    117.459     28.500     -6.825
    13     18     48     43    200.335     29.500     -6.825
     1      7     37     31     73.179     18.000     -7.020
     2      8     38     32     54.002     19.000     -7.020
     3      9     39     33     65.483     20.000     -7.020
     4     10     40     34     74.839     21.000     -7.020
     5     11     41     35     76.703     22.000     -7.020
     6     12     42     36     85.796     23.000     -7.020
     7     13     43     37     91.573     24.000     -7.020
     8     14     44     38     99.680     25.000     -7.020
     9     15     45     39    106.787     26.000     -7.020
    10     16     46     40     99.209     27.000     -7.020
    11     17     47     41    120.449     28.000     -7.020
    12     18     48     42    175.152     29.000     -7.020
     1      7     43     37     60.073     21.000     -8.190
     2      8     44     38     61.894     22.000     -8.190
     3      9     45     39     67.332     23.000     -8.190
     4     10     46     40     66.525     24.000     -8.190
     5     11     47     41     75.526     25.000     -8.190
     6     12     48     42    117.960     26.000     -8.190
     1     10     46     37     67.943     22.500     -8.775
     2     11     47     38     75.340     23.500     -8.775
     3     12     48     39    107.542     24.500     -8.775
