48# Number of electrodes
# x z
0.000     0.000
1.000     0.000
2.000     0.000
3.000     0.000
4.000     0.000
5.000     0.000
6.000     0.000
7.000     0.000
8.000     0.000
9.000     0.000
10.000     0.000
11.000     0.000
12.000     0.000
13.000     0.000
14.000     0.000
15.000     0.000
16.000     0.000
17.000     0.000
18.000     0.000
19.000     0.000
20.000     0.000
21.000     0.000
22.000     0.000
23.000     0.000
24.000     0.000
25.000     0.000
26.000     0.000
27.000     0.000
28.000     0.000
29.000     0.000
30.000     0.000
31.000     0.000
32.000     0.000
33.000     0.000
34.000     0.000
35.000     0.000
36.000     0.000
37.000     0.000
38.000     0.000
39.000     0.000
40.000     0.000
41.000     0.000
42.000     0.000
43.000     0.000
44.000     0.000
45.000     0.000
46.000     0.000
47.000     0.000
909# Number of data
# a   b   m   n      rhoa      x      z
     1      4      2      3   8864.953      1.500     -0.330
     2      5      3      4 -68795.000      2.500     -0.330
     3      6      4      5  72798.359      3.500     -0.330
     4      7      5      6 -15386.202      4.500     -0.330
     5      8      6      7 186019.797      5.500     -0.330
     6      9      7      8  18820.561      6.500     -0.330
     7     10      8      9  18749.961      7.500     -0.330
     8     11      9     10  16826.629      8.500     -0.330
     9     12     10     11  23844.496      9.500     -0.330
    10     13     11     12 700111.688     10.500     -0.330
    11     14     12     13          -     11.500     -0.330
    12     15     13     14 646629.875     12.500     -0.330
    13     16     14     15  17604.311     13.500     -0.330
    14     17     15     16    601.760     14.500     -0.330
    15     18     16     17  24359.477     15.500     -0.330
    16     19     17     18   5043.707     16.500     -0.330
    17     20     18     19  27240.162     17.500     -0.330
    18     21     19     20  15184.908     18.500     -0.330
    19     22     20     21  11538.932     19.500     -0.330
    20     23     21     22  11965.681     20.500     -0.330
    21     24     22     23   8077.362     21.500     -0.330
    22     25     23     24   8611.766     22.500     -0.330
    23     26     24     25   9565.924     23.500     -0.330
    24     27     25     26  10144.467     24.500     -0.330
    25     28     26     27  12707.001     25.500     -0.330
    26     29     27     28  11638.841     26.500     -0.330
    27     30     28     29  13334.472     27.500     -0.330
    28     31     29     30  13924.556     28.500     -0.330
    29     32     30     31  13115.906     29.500     -0.330
    30     33     31     32  11492.354     30.500     -0.330
    31     34     32     33  17281.035     31.500     -0.330
    32     35     33     34   9633.060     32.500     -0.330
    33     36     34     35   7648.063     33.500     -0.330
    34     37     35     36   6425.770     34.500     -0.330
    35     38     36     37   4354.978     35.500     -0.330
    36     39     37     38   3315.873     36.500     -0.330
    37     40     38     39   2460.722     37.500     -0.330
    38     41     39     40   3079.717     38.500     -0.330
    39     42     40     41   3289.325     39.500     -0.330
    40     43     41     42   4942.747     40.500     -0.330
    41     44     42     43   5356.879     41.500     -0.330
    42     45     43     44   7280.608     42.500     -0.330
    43     46     44     45  74459.953     43.500     -0.330
    44     47     45     46 719248.438     44.500     -0.330
    45     48     46     47  14226.948     45.500     -0.330
     1      7      3      5 119698.781      3.000     -0.660
     2      8      4      6  -2977.302      4.000     -0.660
     3      9      5      7 266490.500      5.000     -0.660
     4     10      6      8    842.213      6.000     -0.660
     5     11      7      9  44372.309      7.000     -0.660
     6     12      8     10  37979.219      8.000     -0.660
     7     13      9     11  -3580.109      9.000     -0.660
     8     14     10     12  11565.755     10.000     -0.660
     9     15     11     13  -7818.369     11.000     -0.660
    10     16     12     14  33449.785     12.000     -0.660
    11     17     13     15 -584824.938     13.000     -0.660
    12     18     14     16  -7304.731     14.000     -0.660
    13     19     15     17 -635823.813     15.000     -0.660
    14     20     16     18   9402.720     16.000     -0.660
    15     21     17     19   2131.379     17.000     -0.660
    16     22     18     20   7530.228     18.000     -0.660
    17     23     19     21  18353.650     19.000     -0.660
    18     24     20     22   6324.292     20.000     -0.660
    19     25     21     23   6869.471     21.000     -0.660
    20     26     22     24   5784.857     22.000     -0.660
    21     27     23     25   5854.762     23.000     -0.660
    22     28     24     26   7110.310     24.000     -0.660
    23     29     25     27   5616.666     25.000     -0.660
    24     30     26     28   7309.552     26.000     -0.660
    25     31     27     29   8445.862     27.000     -0.660
    26     32     28     30  11522.159     28.000     -0.660
    27     33     29     31  11327.650     29.000     -0.660
    28     34     30     32   8172.743     30.000     -0.660
    29     35     31     33  14749.514     31.000     -0.660
    30     36     32     34  13838.439     32.000     -0.660
    31     37     33     35   5524.693     33.000     -0.660
    32     38     34     36   4402.351     34.000     -0.660
    33     39     35     37   3855.841     35.000     -0.660
    34     40     36     38   3294.108     36.000     -0.660
    35     41     37     39   2347.231     37.000     -0.660
    36     42     38     40   2283.800     38.000     -0.660
    37     43     39     41   2790.723     39.000     -0.660
    38     44     40     42   3924.904     40.000     -0.660
    39     45     41     43   3017.188     41.000     -0.660
    40     46     42     44  20222.496     42.000     -0.660
    41     47     43     45 143459.281     43.000     -0.660
    42     48     44     46  44602.789     44.000     -0.660
     1     10      4      7   2188.997      4.500     -0.990
     2     11      5      8  80481.086      5.500     -0.990
     3     12      6      9 -294146.469      6.500     -0.990
     4     13      7     10 -13729.318      7.500     -0.990
     5     14      8     11  10070.733      8.500     -0.990
     6     15      9     12 -383916.063      9.500     -0.990
     7     16     10     13 -37390.410     10.500     -0.990
     8     17     11     14    576.702     11.500     -0.990
     9     18     12     15  17363.896     12.500     -0.990
    10     19     13     16  78427.938     13.500     -0.990
    11     20     14     17  19936.459     14.500     -0.990
    12     21     15     18  11656.189     15.500     -0.990
    13     22     16     19  17277.391     16.500     -0.990
    14     23     17     20   5543.196     17.500     -0.990
    15     24     18     21   4952.451     18.500     -0.990
    16     25     19     22   2748.299     19.500     -0.990
    17     26     20     23  11976.349     20.500     -0.990
    18     27     21     24   3578.505     21.500     -0.990
    19     28     22     25   4348.734     22.500     -0.990
    20     29     23     26   6325.798     23.500     -0.990
    21     30     24     27   4318.852     24.500     -0.990
    22     31     25     28   3711.253     25.500     -0.990
    23     32     26     29  13138.433     26.500     -0.990
    24     33     27     30   2990.571     27.500     -0.990
    25     34     28     31   4265.298     28.500     -0.990
    26     35     29     32   6482.616     29.500     -0.990
    27     36     30     33   3706.298     30.500     -0.990
    28     37     31     34   4654.496     31.500     -0.990
    29     38     32     35  26460.932     32.500     -0.990
    30     39     33     36    437.577     33.500     -0.990
    31     40     34     37   2819.605     34.500     -0.990
    32     41     35     38   3009.179     35.500     -0.990
    33     42     36     39   2662.160     36.500     -0.990
    34     43     37     40   1584.279     37.500     -0.990
    35     44     38     41   2039.665     38.500     -0.990
    36     45     39     42   2267.669     39.500     -0.990
    37     46     40     43  20529.711     40.500     -0.990
    38     47     41     44  37511.445     41.500     -0.990
    39     48     42     45  11133.028     42.500     -0.990
     1     13      5      9 -1559538.250      6.000     -1.320
     2     14      6     10  16972.463      7.000     -1.320
     3     15      7     11   7679.897      8.000     -1.320
     4     16      8     12  -6289.283      9.000     -1.320
     5     17      9     13 169940.344     10.000     -1.320
     6     18     10     14  19418.012     11.000     -1.320
     7     19     11     15   2947.216     12.000     -1.320
     8     20     12     16  -6629.261     13.000     -1.320
     9     21     13     17  41159.863     14.000     -1.320
    10     22     14     18   4637.798     15.000     -1.320
    11     23     15     19   4513.672     16.000     -1.320
    12     24     16     20  13989.362     17.000     -1.320
    13     25     17     21 1453601.380     18.000     -1.320
    14     26     18     22   3028.239     19.000     -1.320
    15     27     19     23   2627.309     20.000     -1.320
    16     28     20     24   1733.237     21.000     -1.320
    17     29     21     25  16392.002     22.000     -1.320
    18     30     22     26   3397.522     23.000     -1.320
    19     31     23     27   2689.382     24.000     -1.320
    20     32     24     28   1670.214     25.000     -1.320
    21     33     25     29  -1670.684     26.000     -1.320
    22     34     26     30   1933.502     27.000     -1.320
    23     35     27     31   2803.326     28.000     -1.320
    24     36     28     32   2139.688     29.000     -1.320
    25     37     29     33   7234.844     30.000     -1.320
    26     38     30     34   3426.367     31.000     -1.320
    27     39     31     35   2865.306     32.000     -1.320
    28     40     32     36   4428.984     33.000     -1.320
    29     41     33     37  -2052.591     34.000     -1.320
    30     42     34     38   1348.432     35.000     -1.320
    31     43     35     39   1129.171     36.000     -1.320
    32     44     36     40   2099.323     37.000     -1.320
    33     45     37     41    522.459     38.000     -1.320
    34     46     38     42  -5981.417     39.000     -1.320
    35     47     39     43   8755.469     40.000     -1.320
    36     48     40     44   1440.053     41.000     -1.320
     1     16      6     11   7913.879      7.500     -1.650
     2     17      7     12 1113682.250      8.500     -1.650
     3     18      8     13 -299095.188      9.500     -1.650
     4     19      9     14   1851.601     10.500     -1.650
     5     20     10     15  78376.328     11.500     -1.650
     6     21     11     16   8132.496     12.500     -1.650
     7     22     12     17  81668.188     13.500     -1.650
     8     23     13     18  12269.081     14.500     -1.650
     9     24     14     19   1846.449     15.500     -1.650
    10     25     15     20   1727.285     16.500     -1.650
    11     26     16     21   2162.987     17.500     -1.650
    12     27     17     22 1096694.630     18.500     -1.650
    13     28     18     23 -21085.742     19.500     -1.650
    14     29     19     24   1682.951     20.500     -1.650
    15     30     20     25   2452.255     21.500     -1.650
    16     31     21     26   2225.762     22.500     -1.650
    17     32     22     27  35637.441     23.500     -1.650
    18     33     23     28   1722.824     24.500     -1.650
    19     34     24     29   1111.492     25.500     -1.650
    20     35     25     30    962.085     26.500     -1.650
    21     36     26     31    553.523     27.500     -1.650
    22     37     27     32   -719.654     28.500     -1.650
    23     38     28     33   1555.754     29.500     -1.650
    24     39     29     34   1866.549     30.500     -1.650
    25     40     30     35   4064.797     31.500     -1.650
    26     41     31     36   5328.417     32.500     -1.650
    27     42     32     37   2803.419     33.500     -1.650
    28     43     33     38   1163.153     34.500     -1.650
    29     44     34     39     83.786     35.500     -1.650
    30     45     35     40   -789.042     36.500     -1.650
    31     46     36     41 -44224.703     37.500     -1.650
    32     47     37     42 -10594.581     38.500     -1.650
    33     48     38     43    862.641     39.500     -1.650
     1     19      7     13 111584.063      9.000     -1.980
     2     20      8     14   1428.336     10.000     -1.980
     3     21      9     15   2561.183     11.000     -1.980
     4     22     10     16   4495.031     12.000     -1.980
     5     23     11     17 -612959.500     13.000     -1.980
     6     24     12     18 813602.563     14.000     -1.980
     7     25     13     19 258309.063     15.000     -1.980
     8     26     14     20   1093.436     16.000     -1.980
     9     27     15     21   1480.768     17.000     -1.980
    10     28     16     22  -2926.179     18.000     -1.980
    11     29     17     23  -8984.452     19.000     -1.980
    12     30     18     24 -15687.995     20.000     -1.980
    13     31     19     25  40395.730     21.000     -1.980
    14     32     20     26   1520.217     22.000     -1.980
    15     33     21     27    697.238     23.000     -1.980
    16     34     22     28   1416.951     24.000     -1.980
    17     35     23     29 -13296.930     25.000     -1.980
    18     36     24     30   4256.373     26.000     -1.980
    19     37     25     31  -2280.630     27.000     -1.980
    20     38     26     32    486.564     28.000     -1.980
    21     39     27     33   1270.339     29.000     -1.980
    22     40     28     34    903.399     30.000     -1.980
    23     41     29     35   1000.318     31.000     -1.980
    24     42     30     36   1517.634     32.000     -1.980
    25     43     31     37   5228.034     33.000     -1.980
    26     44     32     38   6217.454     34.000     -1.980
    27     45     33     39   3879.205     35.000     -1.980
    28     46     34     40  18246.746     36.000     -1.980
    29     47     35     41   8228.925     37.000     -1.980
    30     48     36     42   2058.835     38.000     -1.980
     1     22      8     15    743.050     10.500     -2.310
     2     23      9     16   2805.969     11.500     -2.310
     3     24     10     17 -16099.491     12.500     -2.310
     4     25     11     18   2734.401     13.500     -2.310
     5     26     12     19 2445771.750     14.500     -2.310
     6     27     13     20 952891.813     15.500     -2.310
     7     28     14     21   -349.598     16.500     -2.310
     8     29     15     22   1381.528     17.500     -2.310
     9     30     16     23  -1158.472     18.500     -2.310
    10     31     17     24 -44805.664     19.500     -2.310
    11     32     18     25   1167.572     20.500     -2.310
    12     33     19     26  25711.082     21.500     -2.310
    13     34     20     27  38245.730     22.500     -2.310
    14     35     21     28    383.020     23.500     -2.310
    15     36     22     29   -357.831     24.500     -2.310
    16     37     23     30  -3003.058     25.500     -2.310
    17     38     24     31  21777.701     26.500     -2.310
    18     39     25     32  -3670.239     27.500     -2.310
    19     40     26     33    775.307     28.500     -2.310
    20     41     27     34    818.794     29.500     -2.310
    21     42     28     35    862.444     30.500     -2.310
    22     43     29     36  -4404.325     31.500     -2.310
    23     44     30     37   2141.058     32.500     -2.310
    24     45     31     38  -1384.765     33.500     -2.310
    25     46     32     39  21603.928     34.500     -2.310
    26     47     33     40  -2459.490     35.500     -2.310
    27     48     34     41    347.878     36.500     -2.310
     1     25      9     17   4558.341     12.000     -2.640
     2     26     10     18   2121.455     13.000     -2.640
     3     27     11     19   6948.293     14.000     -2.640
     4     28     12     20 182207.203     15.000     -2.640
     5     29     13     21 1483166.000     16.000     -2.640
     6     30     14     22  -2562.987     17.000     -2.640
     7     31     15     23   -217.288     18.000     -2.640
     8     32     16     24   -704.179     19.000     -2.640
     9     33     17     25  19098.512     20.000     -2.640
    10     34     18     26  -3487.726     21.000     -2.640
    11     35     19     27   -253.826     22.000     -2.640
    12     36     20     28  23007.871     23.000     -2.640
    13     37     21     29 -139429.063     24.000     -2.640
    14     38     22     30    918.562     25.000     -2.640
    15     39     23     31     35.046     26.000     -2.640
    16     40     24     32  -5083.871     27.000     -2.640
    17     41     25     33   6556.429     28.000     -2.640
    18     42     26     34    802.589     29.000     -2.640
    19     43     27     35   1108.485     30.000     -2.640
    20     44     28     36   1699.054     31.000     -2.640
    21     45     29     37  18027.525     32.000     -2.640
    22     46     30     38  13626.169     33.000     -2.640
    23     47     31     39 -70332.523     34.000     -2.640
    24     48     32     40   5511.781     35.000     -2.640
     1     28     10     19   1908.698     13.500     -2.970
     2     29     11     20    290.773     14.500     -2.970
     3     30     12     21 491329.344     15.500     -2.970
     4     31     13     22 179382.609     16.500     -2.970
     5     32     14     23   6741.620     17.500     -2.970
     6     33     15     24 -10120.531     18.500     -2.970
     7     34     16     25  -7359.130     19.500     -2.970
     8     35     17     26   8893.154     20.500     -2.970
     9     36     18     27  -2263.445     21.500     -2.970
    10     37     19     28  -4562.177     22.500     -2.970
    11     38     20     29   4704.238     23.500     -2.970
    12     39     21     30 -21423.012     24.500     -2.970
    13     40     22     31 -160067.063     25.500     -2.970
    14     41     23     32  -1253.104     26.500     -2.970
    15     42     24     33    605.110     27.500     -2.970
    16     43     25     34   1063.166     28.500     -2.970
    17     44     26     35   3757.263     29.500     -2.970
    18     45     27     36   4248.931     30.500     -2.970
    19     46     28     37  34180.391     31.500     -2.970
    20     47     29     38  50754.012     32.500     -2.970
    21     48     30     39    303.972     33.500     -2.970
     1     31     11     21    725.306     15.000     -3.300
     2     32     12     22  -6318.208     16.000     -3.300
     3     33     13     23 716278.438     17.000     -3.300
     4     34     14     24  -2172.417     18.000     -3.300
     5     35     15     25   6317.492     19.000     -3.300
     6     36     16     26 -11602.594     20.000     -3.300
     7     37     17     27  61512.043     21.000     -3.300
     8     38     18     28   -876.938     22.000     -3.300
     9     39     19     29   -827.753     23.000     -3.300
    10     40     20     30   -975.364     24.000     -3.300
    11     41     21     31   -411.425     25.000     -3.300
    12     42     22     32 -120603.859     26.000     -3.300
    13     43     23     33  16498.891     27.000     -3.300
    14     44     24     34    992.259     28.000     -3.300
    15     45     25     35   -505.702     29.000     -3.300
    16     46     26     36  53853.746     30.000     -3.300
    17     47     27     37   5169.114     31.000     -3.300
    18     48     28     38    646.156     32.000     -3.300
     1     34     12     23  35641.297     16.500     -3.630
     2     35     13     24 124153.633     17.500     -3.630
     3     36     14     25  -1475.440     18.500     -3.630
     4     37     15     26    346.840     19.500     -3.630
     5     38     16     27  -1221.470     20.500     -3.630
     6     39     17     28 704756.750     21.500     -3.630
     7     40     18     29 -10703.444     22.500     -3.630
     8     41     19     30   -805.502     23.500     -3.630
     9     42     20     31  -1079.985     24.500     -3.630
    10     43     21     32 -13442.882     25.500     -3.630
    11     44     22     33   -999.182     26.500     -3.630
    12     45     23     34   4887.815     27.500     -3.630
    13     46     24     35  51126.121     28.500     -3.630
    14     47     25     36  11409.718     29.500     -3.630
    15     48     26     37    707.766     30.500     -3.630
     1     37     13     25  43916.207     18.000     -3.960
     2     38     14     26   -245.022     19.000     -3.960
     3     39     15     27   -638.525     20.000     -3.960
     4     40     16     28  -3373.422     21.000     -3.960
     5     41     17     29 1156837.250     22.000     -3.960
     6     42     18     30 -21176.639     23.000     -3.960
     7     43     19     31 -14173.772     24.000     -3.960
     8     44     20     32     33.349     25.000     -3.960
     9     45     21     33  -4456.412     26.000     -3.960
    10     46     22     34  -1813.704     27.000     -3.960
    11     47     23     35  -1138.739     28.000     -3.960
    12     48     24     36  62707.801     29.000     -3.960
     1     40     14     27   -305.798     19.500     -4.290
     2     41     15     28     75.441     20.500     -4.290
     3     42     16     29 -31223.262     21.500     -4.290
     4     43     17     30  57750.441     22.500     -4.290
     5     44     18     31 -145936.906     23.500     -4.290
     6     45     19     32 -72308.063     24.500     -4.290
     7     46     20     33  13589.499     25.500     -4.290
     8     47     21     34   1155.465     26.500     -4.290
     9     48     22     35    314.269     27.500     -4.290
     1     43     15     29  11551.827     21.000     -4.620
     2     44     16     30  -5630.957     22.000     -4.620
     3     45     17     31 186206.531     23.000     -4.620
     4     46     18     32 -15733.436     24.000     -4.620
     5     47     19     33 -36842.035     25.000     -4.620
     6     48     20     34   6189.566     26.000     -4.620
     1     46     16     31  40231.172     22.500     -4.950
     2     47     17     32 -63804.234     23.500     -4.950
     3     48     18     33 -14521.122     24.500     -4.950
     1      2      4      3  13314.701      1.500     -0.585
     2      3      5      4 -341710.344      2.500     -0.585
     3      4      6      5 -247273.672      3.500     -0.585
     4      5      7      6 539249.000      4.500     -0.585
     5      6      8      7 -139360.328      5.500     -0.585
     6      7      9      8   7835.201      6.500     -0.585
     7      8     10      9  20363.086      7.500     -0.585
     8      9     11     10  42099.199      8.500     -0.585
     9     10     12     11 -37699.098      9.500     -0.585
    10     11     13     12  38994.355     10.500     -0.585
    11     12     14     13 1902558.000     11.500     -0.585
    12     13     15     14   5506.521     12.500     -0.585
    13     14     16     15  15429.568     13.500     -0.585
    14     15     17     16  36040.465     14.500     -0.585
    15     16     18     17  44040.633     15.500     -0.585
    16     17     19     18 -27940.150     16.500     -0.585
    17     18     20     19  34708.875     17.500     -0.585
    18     19     21     20  18335.682     18.500     -0.585
    19     20     22     21  18161.996     19.500     -0.585
    20     21     23     22   9497.399     20.500     -0.585
    21     22     24     23  10487.874     21.500     -0.585
    22     23     25     24   8211.283     22.500     -0.585
    23     24     26     25   9770.277     23.500     -0.585
    24     25     27     26  13505.825     24.500     -0.585
    25     26     28     27  13031.357     25.500     -0.585
    26     27     29     28  18411.205     26.500     -0.585
    27     28     30     29  15936.261     27.500     -0.585
    28     29     31     30  12617.271     28.500     -0.585
    29     30     32     31  39869.094     29.500     -0.585
    30     31     33     32  14149.231     30.500     -0.585
    31     32     34     33  11342.495     31.500     -0.585
    32     33     35     34  11394.040     32.500     -0.585
    33     34     36     35  11226.600     33.500     -0.585
    34     35     37     36   5813.931     34.500     -0.585
    35     36     38     37   4247.097     35.500     -0.585
    36     37     39     38   3580.183     36.500     -0.585
    37     38     40     39   2867.457     37.500     -0.585
    38     39     41     40   1528.486     38.500     -0.585
    39     40     42     41   4220.444     39.500     -0.585
    40     41     43     42   5089.889     40.500     -0.585
    41     42     44     43   6323.440     41.500     -0.585
    42     43     45     44   1769.496     42.500     -0.585
    43     44     46     45 -25516.916     43.500     -0.585
    44     45     47     46  31144.752     44.500     -0.585
    45     46     48     47 2107615.000     45.500     -0.585
     1      2      5      4 -255775.859      2.000     -0.780
     2      3      6      5 1123549.250      3.000     -0.780
     3      4      7      6 -258099.328      4.000     -0.780
     4      5      8      7 452428.188      5.000     -0.780
     5      6      9      8  98559.750      6.000     -0.780
     6      7     10      9  45312.961      7.000     -0.780
     7      8     11     10  11720.821      8.000     -0.780
     8      9     12     11 -91725.680      9.000     -0.780
     9     10     13     12 -109389.148     10.000     -0.780
    10     11     14     13 -456893.250     11.000     -0.780
    11     12     15     14  -4409.063     12.000     -0.780
    12     13     16     15 -44993.898     13.000     -0.780
    13     14     17     16 4697731.000     14.000     -0.780
    14     15     18     17   6228.335     15.000     -0.780
    15     16     19     18  16235.518     16.000     -0.780
    16     17     20     19 -17964.234     17.000     -0.780
    17     18     21     20  25206.084     18.000     -0.780
    18     19     22     21  15181.623     19.000     -0.780
    19     20     23     22   7474.280     20.000     -0.780
    20     21     24     23   6319.813     21.000     -0.780
    21     22     25     24   5827.319     22.000     -0.780
    22     23     26     25   8038.319     23.000     -0.780
    23     24     27     26   8594.984     24.000     -0.780
    24     25     28     27   8236.691     25.000     -0.780
    25     26     29     28  11070.745     26.000     -0.780
    26     27     30     29   9525.580     27.000     -0.780
    27     28     31     30  16311.165     28.000     -0.780
    28     29     32     31 -31714.686     29.000     -0.780
    29     30     33     32 -90250.938     30.000     -0.780
    30     31     34     33  20487.133     31.000     -0.780
    31     32     35     34   9918.261     32.000     -0.780
    32     33     36     35   5957.705     33.000     -0.780
    33     34     37     36   7626.562     34.000     -0.780
    34     35     38     37   4005.712     35.000     -0.780
    35     36     39     38   3983.711     36.000     -0.780
    36     37     40     39   2734.016     37.000     -0.780
    37     38     41     40   2340.354     38.000     -0.780
    38     39     42     41   1975.276     39.000     -0.780
    39     40     43     42   2844.836     40.000     -0.780
    40     41     44     43   4978.808     41.000     -0.780
    41     42     45     44   6878.308     42.000     -0.780
    42     43     46     45 -272819.844     43.000     -0.780
    43     44     47     46 -116498.125     44.000     -0.780
    44     45     48     47 2090487.750     45.000     -0.780
     1      2      6      5 566164.063      2.500     -0.975
     2      3      7      6 706947.813      3.500     -0.975
     3      4      8      7 -55448.563      4.500     -0.975
     4      5      9      8 -115198.273      5.500     -0.975
     5      6     10      9 914700.563      6.500     -0.975
     6      7     11     10 -155086.734      7.500     -0.975
     7      8     12     11 659516.688      8.500     -0.975
     8      9     13     12 -68967.766      9.500     -0.975
     9     10     14     13 1014242.190     10.500     -0.975
    10     11     15     14  17673.996     11.500     -0.975
    11     12     16     15 122586.719     12.500     -0.975
    12     13     17     16 -2572869.000     13.500     -0.975
    13     14     18     17 -11507964.000     14.500     -0.975
    14     15     19     18  13755.371     15.500     -0.975
    15     16     20     19  -7937.488     16.500     -0.975
    16     17     21     20 -24102.918     17.500     -0.975
    17     18     22     21 203643.000     18.500     -0.975
    18     19     23     22   2020.540     19.500     -0.975
    19     20     24     23  11718.802     20.500     -0.975
    20     21     25     24   3596.079     21.500     -0.975
    21     22     26     25   6774.584     22.500     -0.975
    22     23     27     26   6759.410     23.500     -0.975
    23     24     28     27   6539.908     24.500     -0.975
    24     25     29     28 -30523.850     25.500     -0.975
    25     26     30     29  32434.590     26.500     -0.975
    26     27     31     30  27189.152     27.500     -0.975
    27     28     32     31  16398.504     28.500     -0.975
    28     29     33     32 127662.336     29.500     -0.975
    29     30     34     33  20098.707     30.500     -0.975
    30     31     35     34   7664.039     31.500     -0.975
    31     32     36     35  -8536.772     32.500     -0.975
    32     33     37     36 -11747.830     33.500     -0.975
    33     34     38     37   4947.064     34.500     -0.975
    34     35     39     38   2373.893     35.500     -0.975
    35     36     40     39   2012.001     36.500     -0.975
    36     37     41     40   1987.986     37.500     -0.975
    37     38     42     41   2829.883     38.500     -0.975
    38     39     43     42   3517.382     39.500     -0.975
    39     40     44     43   2810.449     40.500     -0.975
    40     41     45     44 -11531.971     41.500     -0.975
    41     42     46     45 -46633.855     42.500     -0.975
    42     43     47     46 334562.719     43.500     -0.975
    43     44     48     47 752320.563     44.500     -0.975
     1      2      7      6 182631.594      3.000     -1.170
     2      3      8      7 111363.977      4.000     -1.170
     3      4      9      8  10927.805      5.000     -1.170
     4      5     10      9 -1412600.250      6.000     -1.170
     5      6     11     10 -2344088.750      7.000     -1.170
     6      7     12     11 6901525.500      8.000     -1.170
     7      8     13     12 1069404.750      9.000     -1.170
     8      9     14     13 514101.719     10.000     -1.170
     9     10     15     14   5550.516     11.000     -1.170
    10     11     16     15 -15778.512     12.000     -1.170
    11     12     17     16 -13756809.000     13.000     -1.170
    12     13     18     17 5463646.000     14.000     -1.170
    13     14     19     18  25705.895     15.000     -1.170
    14     15     20     19  12163.396     16.000     -1.170
    15     16     21     20  11758.316     17.000     -1.170
    16     17     22     21 -294556.375     18.000     -1.170
    17     18     23     22 -88891.492     19.000     -1.170
    18     19     24     23  31417.121     20.000     -1.170
    19     20     25     24  -2448.482     21.000     -1.170
    20     21     26     25   5332.917     22.000     -1.170
    21     22     27     26   5179.368     23.000     -1.170
    22     23     28     27   5427.580     24.000     -1.170
    23     24     29     28  -5997.515     25.000     -1.170
    24     25     30     29  17749.270     26.000     -1.170
    25     26     31     30  25719.090     27.000     -1.170
    26     27     32     31  37386.285     28.000     -1.170
    27     28     33     32 -11766.045     29.000     -1.170
    28     29     34     33 -64566.523     30.000     -1.170
    29     30     35     34   7689.866     31.000     -1.170
    30     31     36     35  52077.559     32.000     -1.170
    31     32     37     36  62098.734     33.000     -1.170
    32     33     38     37  11213.414     34.000     -1.170
    33     34     39     38   9951.397     35.000     -1.170
    34     35     40     39   1655.444     36.000     -1.170
    35     36     41     40   1894.984     37.000     -1.170
    36     37     42     41   3280.916     38.000     -1.170
    37     38     43     42   7968.423     39.000     -1.170
    38     39     44     43   -518.401     40.000     -1.170
    39     40     45     44  43326.535     41.000     -1.170
    40     41     46     45 337115.031     42.000     -1.170
    41     42     47     46 242892.406     43.000     -1.170
    42     43     48     47 830078.000     44.000     -1.170
     1      2      8      7   9001.747      3.500     -1.365
     2      3      9      8  -2518.734      4.500     -1.365
     3      4     10      9 240366.094      5.500     -1.365
     4      5     11     10 3035595.000      6.500     -1.365
     5      6     12     11 27137586.000      7.500     -1.365
     6      7     13     12 -2343104.500      8.500     -1.365
     7      8     14     13 -4143939.500      9.500     -1.365
     8      9     15     14   -647.661     10.500     -1.365
     9     10     16     15 110909.547     11.500     -1.365
    10     11     17     16 1208453.500     12.500     -1.365
    11     12     18     17 23894176.000     13.500     -1.365
    12     13     19     18 -365384.063     14.500     -1.365
    13     14     20     19 1333841.380     15.500     -1.365
    14     15     21     20   4252.490     16.500     -1.365
    15     16     22     21   5940.645     17.500     -1.365
    16     17     23     22  69745.820     18.500     -1.365
    17     18     24     23 1123056.750     19.500     -1.365
    18     19     25     24 -45672.625     20.500     -1.365
    19     20     26     25   1963.700     21.500     -1.365
    20     21     27     26   3867.298     22.500     -1.365
    21     22     28     27   4231.999     23.500     -1.365
    22     23     29     28   2525.530     24.500     -1.365
    23     24     30     29  16210.798     25.500     -1.365
    24     25     31     30 -14663.060     26.500     -1.365
    25     26     32     31  63284.570     27.500     -1.365
    26     27     33     32 -102275.203     28.500     -1.365
    27     28     34     33   5029.684     29.500     -1.365
    28     29     35     34  10644.157     30.500     -1.365
    29     30     36     35 -67095.656     31.500     -1.365
    30     31     37     36 -112110.664     32.500     -1.365
    31     32     38     37 -14588.710     33.500     -1.365
    32     33     39     38  -4618.405     34.500     -1.365
    33     34     40     39   5671.671     35.500     -1.365
    34     35     41     40   -785.810     36.500     -1.365
    35     36     42     41   1847.850     37.500     -1.365
    36     37     43     42  -2699.303     38.500     -1.365
    37     38     44     43   1205.071     39.500     -1.365
    38     39     45     44  82610.961     40.500     -1.365
    39     40     46     45 -448792.000     41.500     -1.365
    40     41     47     46 -499352.656     42.500     -1.365
    41     42     48     47 -134932.453     43.500     -1.365
     1      3      9      7  24629.482      4.000     -1.560
     2      4     10      8  -3230.845      5.000     -1.560
     3      5     11      9 205051.547      6.000     -1.560
     4      6     12     10 -2666282.500      7.000     -1.560
     5      7     13     11 4709016.500      8.000     -1.560
     6      8     14     12 -3143791.250      9.000     -1.560
     7      9     15     13 -748921.500     10.000     -1.560
     8     10     16     14  30961.955     11.000     -1.560
     9     11     17     15  53107.941     12.000     -1.560
    10     12     18     16 183109.156     13.000     -1.560
    11     13     19     17 9356431.000     14.000     -1.560
    12     14     20     18 127411.859     15.000     -1.560
    13     15     21     19 243044.719     16.000     -1.560
    14     16     22     20   7707.163     17.000     -1.560
    15     17     23     21 -34217.230     18.000     -1.560
    16     18     24     22   7239.709     19.000     -1.560
    17     19     25     23 -13664.273     20.000     -1.560
    18     20     26     24  -1622.857     21.000     -1.560
    19     21     27     25   3215.735     22.000     -1.560
    20     22     28     26   4444.470     23.000     -1.560
    21     23     29     27   4436.617     24.000     -1.560
    22     24     30     28   3683.898     25.000     -1.560
    23     25     31     29   7949.027     26.000     -1.560
    24     26     32     30  16802.934     27.000     -1.560
    25     27     33     31    -28.304     28.000     -1.560
    26     28     34     32 -15130.331     29.000     -1.560
    27     29     35     33 -21590.137     30.000     -1.560
    28     30     36     34  -3086.020     31.000     -1.560
    29     31     37     35    201.766     32.000     -1.560
    30     32     38     36   5588.668     33.000     -1.560
    31     33     39     37     28.320     34.000     -1.560
    32     34     40     38   4570.973     35.000     -1.560
    33     35     41     39    471.887     36.000     -1.560
    34     36     42     40   1483.264     37.000     -1.560
    35     37     43     41   -813.381     38.000     -1.560
    36     38     44     42   4291.773     39.000     -1.560
    37     39     45     43  16201.784     40.000     -1.560
    38     40     46     44  74289.828     41.000     -1.560
    39     41     47     45 -16183.222     42.000     -1.560
    40     42     48     46 -69612.117     43.000     -1.560
     1      3     11      9  11877.628      5.000     -1.950
     2      4     12     10 -622420.938      6.000     -1.950
     3      5     13     11 -9336109.000      7.000     -1.950
     4      6     14     12 6876288.000      8.000     -1.950
     5      7     15     13 -11747909.000      9.000     -1.950
     6      8     16     14 -56150.578     10.000     -1.950
     7      9     17     15 422919.406     11.000     -1.950
     8     10     18     16 -26192.125     12.000     -1.950
     9     11     19     17 -100157.070     13.000     -1.950
    10     12     20     18 -155621.859     14.000     -1.950
    11     13     21     19 -884666.625     15.000     -1.950
    12     14     22     20 -13877.415     16.000     -1.950
    13     15     23     21  66688.570     17.000     -1.950
    14     16     24     22    736.339     18.000     -1.950
    15     17     25     23    830.511     19.000     -1.950
    16     18     26     24 -14260.061     20.000     -1.950
    17     19     27     25 -52585.719     21.000     -1.950
    18     20     28     26   2655.147     22.000     -1.950
    19     21     29     27   3503.339     23.000     -1.950
    20     22     30     28    447.187     24.000     -1.950
    21     23     31     29   9913.309     25.000     -1.950
    22     24     32     30  24192.564     26.000     -1.950
    23     25     33     31  15283.693     27.000     -1.950
    24     26     34     32 -19256.850     28.000     -1.950
    25     27     35     33   -529.672     29.000     -1.950
    26     28     36     34   4893.267     30.000     -1.950
    27     29     37     35   7324.558     31.000     -1.950
    28     30     38     36  13459.255     32.000     -1.950
    29     31     39     37  16527.662     33.000     -1.950
    30     32     40     38    765.669     34.000     -1.950
    31     33     41     39   1766.052     35.000     -1.950
    32     34     42     40  -3461.418     36.000     -1.950
    33     35     43     41   4509.189     37.000     -1.950
    34     36     44     42  -2253.614     38.000     -1.950
    35     37     45     43 -65124.512     39.000     -1.950
    36     38     46     44 320158.813     40.000     -1.950
    37     39     47     45  93488.219     41.000     -1.950
    38     40     48     46 -174005.578     42.000     -1.950
     1      3     13     11 -8156835.500      6.000     -2.340
     2      4     14     12 1313698.130      7.000     -2.340
     3      5     15     13 18582752.000      8.000     -2.340
     4      6     16     14 182696.250      9.000     -2.340
     5      7     17     15 15438760.000     10.000     -2.340
     6      8     18     16  47788.453     11.000     -2.340
     7      9     19     17 -867388.438     12.000     -2.340
     8     10     20     18 -95268.375     13.000     -2.340
     9     11     21     19   1399.693     14.000     -2.340
    10     12     22     20 188683.328     15.000     -2.340
    11     13     23     21 -102798.703     16.000     -2.340
    12     14     24     22 461612.875     17.000     -2.340
    13     15     25     23 -105825.195     18.000     -2.340
    14     16     26     24  -1269.405     19.000     -2.340
    15     17     27     25 115562.125     20.000     -2.340
    16     18     28     26   -446.207     21.000     -2.340
    17     19     29     27  78234.703     22.000     -2.340
    18     20     30     28  10882.302     23.000     -2.340
    19     21     31     29  72164.398     24.000     -2.340
    20     22     32     30  19379.758     25.000     -2.340
    21     23     33     31 -12598.999     26.000     -2.340
    22     24     34     32 -36346.168     27.000     -2.340
    23     25     35     33   4653.473     28.000     -2.340
    24     26     36     34   4904.580     29.000     -2.340
    25     27     37     35   3832.190     30.000     -2.340
    26     28     38     36  -2746.531     31.000     -2.340
    27     29     39     37 -25194.318     32.000     -2.340
    28     30     40     38  20211.021     33.000     -2.340
    29     31     41     39  -1693.444     34.000     -2.340
    30     32     42     40   1374.510     35.000     -2.340
    31     33     43     41  10438.583     36.000     -2.340
    32     34     44     42  22904.775     37.000     -2.340
    33     35     45     43  15910.760     38.000     -2.340
    34     36     46     44 -1623305.880     39.000     -2.340
    35     37     47     45 -253873.078     40.000     -2.340
    36     38     48     46 -647234.563     41.000     -2.340
     1      3     15     13 14322425.000      7.000     -2.730
     2      4     16     14  64502.113      8.000     -2.730
     3      5     17     15 -24923244.000      9.000     -2.730
     4      6     18     16 -144193.953     10.000     -2.730
     5      7     19     17 -26295934.000     11.000     -2.730
     6      8     20     18 274385.281     12.000     -2.730
     7      9     21     19  95898.875     13.000     -2.730
     8     10     22     20  14797.978     14.000     -2.730
     9     11     23     21   3204.462     15.000     -2.730
    10     12     24     22 -43624.285     16.000     -2.730
    11     13     25     23 -44794.656     17.000     -2.730
    12     14     26     24 -1053892.880     18.000     -2.730
    13     15     27     25 -370988.500     19.000     -2.730
    14     16     28     26   3446.453     20.000     -2.730
    15     17     29     27 -555258.938     21.000     -2.730
    16     18     30     28  13519.279     22.000     -2.730
    17     19     31     29 1152564.000     23.000     -2.730
    18     20     32     30 121703.586     24.000     -2.730
    19     21     33     31 -122569.961     25.000     -2.730
    20     22     34     32 -22558.961     26.000     -2.730
    21     23     35     33    472.080     27.000     -2.730
    22     24     36     34   -861.217     28.000     -2.730
    23     25     37     35  -1717.315     29.000     -2.730
    24     26     38     36  -2149.811     30.000     -2.730
    25     27     39     37  -3458.328     31.000     -2.730
    26     28     40     38  -9121.753     32.000     -2.730
    27     29     41     39 -21283.037     33.000     -2.730
    28     30     42     40 -21762.531     34.000     -2.730
    29     31     43     41 147306.844     35.000     -2.730
    30     32     44     42 -10033.242     36.000     -2.730
    31     33     45     43 717528.813     37.000     -2.730
    32     34     46     44 3432200.000     38.000     -2.730
    33     35     47     45 1491954.000     39.000     -2.730
    34     36     48     46 2866866.000     40.000     -2.730
     1      4     16     13 1595596.000      7.500     -2.925
     2      5     17     14 -9879132.000      8.500     -2.925
     3      6     18     15   5167.983      9.500     -2.925
     4      7     19     16 -39949.145     10.500     -2.925
     5      8     20     17 -9657240.000     11.500     -2.925
     6      9     21     18  76786.367     12.500     -2.925
     7     10     22     19  -3733.456     13.500     -2.925
     8     11     23     20   1931.341     14.500     -2.925
     9     12     24     21 -57336.391     15.500     -2.925
    10     13     25     22 129191.094     16.500     -2.925
    11     14     26     23   1096.298     17.500     -2.925
    12     15     27     24 -486837.094     18.500     -2.925
    13     16     28     25 -156005.344     19.500     -2.925
    14     17     29     26 -218409.625     20.500     -2.925
    15     18     30     27  -4681.325     21.500     -2.925
    16     19     31     28  37837.563     22.500     -2.925
    17     20     32     29 1106014.500     23.500     -2.925
    18     21     33     30  -4391.287     24.500     -2.925
    19     22     34     31 -50143.797     25.500     -2.925
    20     23     35     32 -10058.617     26.500     -2.925
    21     24     36     33   1456.920     27.500     -2.925
    22     25     37     34   -844.102     28.500     -2.925
    23     26     38     35   -739.996     29.500     -2.925
    24     27     39     36  -8754.695     30.500     -2.925
    25     28     40     37  -6065.693     31.500     -2.925
    26     29     41     38   -381.704     32.500     -2.925
    27     30     42     39  11350.278     33.500     -2.925
    28     31     43     40 -16019.050     34.500     -2.925
    29     32     44     41  44905.867     35.500     -2.925
    30     33     45     42 160994.797     36.500     -2.925
    31     34     46     43 1949663.130     37.500     -2.925
    32     35     47     44 2761757.250     38.500     -2.925
    33     36     48     45 106773.445     39.500     -2.925
     1      4     19     16 -41841.063      9.000     -3.510
     2      5     20     17 19645374.000     10.000     -3.510
     3      6     21     18 -15641.373     11.000     -3.510
     4      7     22     19 -60931.566     12.000     -3.510
     5      8     23     20 -99245.250     13.000     -3.510
     6      9     24     21 186990.063     14.000     -3.510
     7     10     25     22  -3416.107     15.000     -3.510
     8     11     26     23    272.712     16.000     -3.510
     9     12     27     24 268856.281     17.000     -3.510
    10     13     28     25 346216.063     18.000     -3.510
    11     14     29     26  -4826.522     19.000     -3.510
    12     15     30     27 277761.594     20.000     -3.510
    13     16     31     28 1563377.380     21.000     -3.510
    14     17     32     29 418394.844     22.000     -3.510
    15     18     33     30  10877.936     23.000     -3.510
    16     19     34     31 -70711.555     24.000     -3.510
    17     20     35     32 -2344810.250     25.000     -3.510
    18     21     36     33    388.037     26.000     -3.510
    19     22     37     34  -1055.764     27.000     -3.510
    20     23     38     35    154.174     28.000     -3.510
    21     24     39     36   1797.344     29.000     -3.510
    22     25     40     37   6605.454     30.000     -3.510
    23     26     41     38   2607.687     31.000     -3.510
    24     27     42     39  -2707.213     32.000     -3.510
    25     28     43     40  19469.379     33.000     -3.510
    26     29     44     41  64550.348     34.000     -3.510
    27     30     45     42 -305838.438     35.000     -3.510
    28     31     46     43 -3460362.500     36.000     -3.510
    29     32     47     44 -869116.313     37.000     -3.510
    30     33     48     45 -259363.797     38.000     -3.510
     1      4     22     19 -82879.844     10.500     -4.095
     2      5     23     20 406723.875     11.500     -4.095
     3      6     24     21 184412.078     12.500     -4.095
     4      7     25     22 -59621.852     13.500     -4.095
     5      8     26     23 -297715.406     14.500     -4.095
     6      9     27     24 -375344.219     15.500     -4.095
     7     10     28     25   8329.072     16.500     -4.095
     8     11     29     26  -7443.103     17.500     -4.095
     9     12     30     27 -446822.500     18.500     -4.095
    10     13     31     28 -553376.750     19.500     -4.095
    11     14     32     29  51385.027     20.500     -4.095
    12     15     33     30 -452813.500     21.500     -4.095
    13     16     34     31 -2745330.250     22.500     -4.095
    14     17     35     32 172689.281     23.500     -4.095
    15     18     36     33   5601.733     24.500     -4.095
    16     19     37     34  -2629.962     25.500     -4.095
    17     20     38     35  35657.289     26.500     -4.095
    18     21     39     36   2649.359     27.500     -4.095
    19     22     40     37  16274.376     28.500     -4.095
    20     23     41     38    475.028     29.500     -4.095
    21     24     42     39    238.692     30.500     -4.095
    22     25     43     40  -5803.810     31.500     -4.095
    23     26     44     41   1990.087     32.500     -4.095
    24     27     45     42 -79334.102     33.500     -4.095
    25     28     46     43 -187487.750     34.500     -4.095
    26     29     47     44 -3662062.500     35.500     -4.095
    27     30     48     45 512699.000     36.500     -4.095
     1      5     25     21 -61555.113     12.000     -4.680
     2      6     26     22 -29853.023     13.000     -4.680
     3      7     27     23 -43256.418     14.000     -4.680
     4      8     28     24 -47103.387     15.000     -4.680
     5      9     29     25 -12161.735     16.000     -4.680
     6     10     30     26  37789.594     17.000     -4.680
     7     11     31     27 128543.719     18.000     -4.680
     8     12     32     28 -94923.359     19.000     -4.680
     9     13     33     29 990060.188     20.000     -4.680
    10     14     34     30 -31432.014     21.000     -4.680
    11     15     35     31 -14138.601     22.000     -4.680
    12     16     36     32 -2403588.500     23.000     -4.680
    13     17     37     33  13737.557     24.000     -4.680
    14     18     38     34   -887.739     25.000     -4.680
    15     19     39     35   -720.204     26.000     -4.680
    16     20     40     36   9530.939     27.000     -4.680
    17     21     41     37  21827.789     28.000     -4.680
    18     22     42     38   1355.359     29.000     -4.680
    19     23     43     39   9818.810     30.000     -4.680
    20     24     44     40  -1450.813     31.000     -4.680
    21     25     45     41 -99576.938     32.000     -4.680
    22     26     46     42 -793725.063     33.000     -4.680
    23     27     47     43 -567742.313     34.000     -4.680
    24     28     48     44  -8092.794     35.000     -4.680
     1      5     29     25 -650804.375     14.000     -5.460
     2      6     30     26 -114041.969     15.000     -5.460
     3      7     31     27 395282.563     16.000     -5.460
     4      8     32     28 214336.922     17.000     -5.460
     5      9     33     29 -237765.688     18.000     -5.460
     6     10     34     30 -95872.625     19.000     -5.460
     7     11     35     31 -226800.625     20.000     -5.460
     8     12     36     32 215738.469     21.000     -5.460
     9     13     37     33 221736.766     22.000     -5.460
    10     14     38     34   2301.154     23.000     -5.460
    11     15     39     35    827.703     24.000     -5.460
    12     16     40     36 158373.219     25.000     -5.460
    13     17     41     37  -2850.053     26.000     -5.460
    14     18     42     38   1323.691     27.000     -5.460
    15     19     43     39  -2444.976     28.000     -5.460
    16     20     44     40  26580.701     29.000     -5.460
    17     21     45     41 1779879.250     30.000     -5.460
    18     22     46     42 340593.719     31.000     -5.460
    19     23     47     43 1091317.750     32.000     -5.460
    20     24     48     44    143.030     33.000     -5.460
     1      6     31     26 -86497.289     15.000     -5.850
     2      7     32     27  94247.844     16.000     -5.850
     3      8     33     28   5562.120     17.000     -5.850
     4      9     34     29   8678.890     18.000     -5.850
     5     10     35     30 -374114.188     19.000     -5.850
     6     11     36     31 -455819.750     20.000     -5.850
     7     12     37     32 -33525.777     21.000     -5.850
     8     13     38     33 174424.141     22.000     -5.850
     9     14     39     34    983.568     23.000     -5.850
    10     15     40     35  14805.931     24.000     -5.850
    11     16     41     36  -3151.076     25.000     -5.850
    12     17     42     37  50920.125     26.000     -5.850
    13     18     43     38 253688.297     27.000     -5.850
    14     19     44     39   1911.908     28.000     -5.850
    15     20     45     40   1320.579     29.000     -5.850
    16     21     46     41 477479.375     30.000     -5.850
    17     22     47     42 8865489.000     31.000     -5.850
    18     23     48     43  21672.814     32.000     -5.850
     1      6     36     31 186107.875     17.500     -6.825
     2      7     37     32 -162458.328     18.500     -6.825
     3      8     38     33  -3211.924     19.500     -6.825
     4      9     39     34   3358.056     20.500     -6.825
     5     10     40     35 224455.359     21.500     -6.825
     6     11     41     36   1548.730     22.500     -6.825
     7     12     42     37  15114.551     23.500     -6.825
     8     13     43     38 -129918.508     24.500     -6.825
     9     14     44     39  11785.853     25.500     -6.825
    10     15     45     40 166139.656     26.500     -6.825
    11     16     46     41 -328322.875     27.500     -6.825
    12     17     47     42 9631970.000     28.500     -6.825
    13     18     48     43 1014964.190     29.500     -6.825
     1      7     37     31  27698.686     18.000     -7.020
     2      8     38     32 -128571.172     19.000     -7.020
     3      9     39     33   5018.132     20.000     -7.020
     4     10     40     34   6633.163     21.000     -7.020
     5     11     41     35  24822.619     22.000     -7.020
     6     12     42     36   6485.006     23.000     -7.020
     7     13     43     37 -58849.113     24.000     -7.020
     8     14     44     38   2903.324     25.000     -7.020
     9     15     45     39  19139.473     26.000     -7.020
    10     16     46     40 392638.031     27.000     -7.020
    11     17     47     41 -3628857.250     28.000     -7.020
    12     18     48     42 538386.625     29.000     -7.020
     1      7     43     37  -2458.960     21.000     -8.190
     2      8     44     38  23086.984     22.000     -8.190
     3      9     45     39 365871.188     23.000     -8.190
     4     10     46     40 -41492.766     24.000     -8.190
     5     11     47     41 18586738.000     25.000     -8.190
     6     12     48     42  22095.803     26.000     -8.190
     1     10     46     37 -214685.297     22.500     -8.775
     2     11     47     38 217408.094     23.500     -8.775
     3     12     48     39 -25009.213     24.500     -8.775
