48# Number of electrodes
# x z
0.000     0.000
1.000     0.000
2.000     0.000
3.000     0.000
4.000     0.000
5.000     0.000
6.000     0.000
7.000     0.000
8.000     0.000
9.000     0.000
10.000     0.000
11.000     0.000
12.000     0.000
13.000     0.000
14.000     0.000
15.000     0.000
16.000     0.000
17.000     0.000
18.000     0.000
19.000     0.000
20.000     0.000
21.000     0.000
22.000     0.000
23.000     0.000
24.000     0.000
25.000     0.000
26.000     0.000
27.000     0.000
28.000     0.000
29.000     0.000
30.000     0.000
31.000     0.000
32.000     0.000
33.000     0.000
34.000     0.000
35.000     0.000
36.000     0.000
37.000     0.000
38.000     0.000
39.000     0.000
40.000     0.000
41.000     0.000
42.000     0.000
43.000     0.000
44.000     0.000
45.000     0.000
46.000     0.000
47.000     0.000
909# Number of data
# a   b   m   n      rhoa      x      z
     1      4      2      3          -      1.500     -0.330
     2      5      3      4          -      2.500     -0.330
     3      6      4      5          -      3.500     -0.330
     4      7      5      6          -      4.500     -0.330
     5      8      6      7          -      5.500     -0.330
     6      9      7      8          -      6.500     -0.330
     7     10      8      9          -      7.500     -0.330
     8     11      9     10          -      8.500     -0.330
     9     12     10     11          -      9.500     -0.330
    10     13     11     12          -     10.500     -0.330
    11     14     12     13   2209.042     11.500     -0.330
    12     15     13     14          -     12.500     -0.330
    13     16     14     15          -     13.500     -0.330
    14     17     15     16          -     14.500     -0.330
    15     18     16     17          -     15.500     -0.330
    16     19     17     18          -     16.500     -0.330
    17     20     18     19          -     17.500     -0.330
    18     21     19     20          -     18.500     -0.330
    19     22     20     21          -     19.500     -0.330
    20     23     21     22          -     20.500     -0.330
    21     24     22     23 743340.563     21.500     -0.330
    22     25     23     24 -93867.836     22.500     -0.330
    23     26     24     25  94814.898     23.500     -0.330
    24     27     25     26 152502.203     24.500     -0.330
    25     28     26     27          -     25.500     -0.330
    26     29     27     28 -342240.563     26.500     -0.330
    27     30     28     29 -258104.891     27.500     -0.330
    28     31     29     30          -     28.500     -0.330
    29     32     30     31 -503764.313     29.500     -0.330
    30     33     31     32          -     30.500     -0.330
    31     34     32     33          -     31.500     -0.330
    32     35     33     34  34887.141     32.500     -0.330
    33     36     34     35 296906.656     33.500     -0.330
    34     37     35     36 442491.313     34.500     -0.330
    35     38     36     37 371813.188     35.500     -0.330
    36     39     37     38 135491.672     36.500     -0.330
    37     40     38     39 390181.313     37.500     -0.330
    38     41     39     40 -19864.563     38.500     -0.330
    39     42     40     41  -2120.870     39.500     -0.330
    40     43     41     42  55985.895     40.500     -0.330
    41     44     42     43 572775.063     41.500     -0.330
    42     45     43     44 1028908.750     42.500     -0.330
    43     46     44     45 236319.078     43.500     -0.330
    44     47     45     46          -     44.500     -0.330
    45     48     46     47          -     45.500     -0.330
     1      7      3      5          -      3.000     -0.660
     2      8      4      6          -      4.000     -0.660
     3      9      5      7          -      5.000     -0.660
     4     10      6      8          -      6.000     -0.660
     5     11      7      9          -      7.000     -0.660
     6     12      8     10          -      8.000     -0.660
     7     13      9     11          -      9.000     -0.660
     8     14     10     12          -     10.000     -0.660
     9     15     11     13          -     11.000     -0.660
    10     16     12     14          -     12.000     -0.660
    11     17     13     15          -     13.000     -0.660
    12     18     14     16          -     14.000     -0.660
    13     19     15     17          -     15.000     -0.660
    14     20     16     18          -     16.000     -0.660
    15     21     17     19          -     17.000     -0.660
    16     22     18     20          -     18.000     -0.660
    17     23     19     21          -     19.000     -0.660
    18     24     20     22          -     20.000     -0.660
    19     25     21     23          -     21.000     -0.660
    20     26     22     24 387705.438     22.000     -0.660
    21     27     23     25 149116.313     23.000     -0.660
    22     28     24     26          -     24.000     -0.660
    23     29     25     27 -170652.938     25.000     -0.660
    24     30     26     28 2003398.000     26.000     -0.660
    25     31     27     29 1846630.630     27.000     -0.660
    26     32     28     30          -     28.000     -0.660
    27     33     29     31 1108532.750     29.000     -0.660
    28     34     30     32          -     30.000     -0.660
    29     35     31     33 1466870.130     31.000     -0.660
    30     36     32     34          -     32.000     -0.660
    31     37     33     35  73223.359     33.000     -0.660
    32     38     34     36 -138482.031     34.000     -0.660
    33     39     35     37 -46141.375     35.000     -0.660
    34     40     36     38  89096.352     36.000     -0.660
    35     41     37     39 111348.563     37.000     -0.660
    36     42     38     40 716607.938     38.000     -0.660
    37     43     39     41  26679.262     39.000     -0.660
    38     44     40     42 -152483.031     40.000     -0.660
    39     45     41     43 1120347.880     41.000     -0.660
    40     46     42     44          -     42.000     -0.660
    41     47     43     45          -     43.000     -0.660
    42     48     44     46          -     44.000     -0.660
     1     10      4      7 2929112.500      4.500     -0.990
     2     11      5      8          -      5.500     -0.990
     3     12      6      9          -      6.500     -0.990
     4     13      7     10          -      7.500     -0.990
     5     14      8     11          -      8.500     -0.990
     6     15      9     12          -      9.500     -0.990
     7     16     10     13          -     10.500     -0.990
     8     17     11     14          -     11.500     -0.990
     9     18     12     15 1325569.750     12.500     -0.990
    10     19     13     16          -     13.500     -0.990
    11     20     14     17 1799552.500     14.500     -0.990
    12     21     15     18          -     15.500     -0.990
    13     22     16     19          -     16.500     -0.990
    14     23     17     20          -     17.500     -0.990
    15     24     18     21          -     18.500     -0.990
    16     25     19     22          -     19.500     -0.990
    17     26     20     23          -     20.500     -0.990
    18     27     21     24          -     21.500     -0.990
    19     28     22     25 1593611.000     22.500     -0.990
    20     29     23     26 977029.563     23.500     -0.990
    21     30     24     27 1967097.130     24.500     -0.990
    22     31     25     28          -     25.500     -0.990
    23     32     26     29 1737199.130     26.500     -0.990
    24     33     27     30          -     27.500     -0.990
    25     34     28     31          -     28.500     -0.990
    26     35     29     32 581907.813     29.500     -0.990
    27     36     30     33          -     30.500     -0.990
    28     37     31     34          -     31.500     -0.990
    29     38     32     35 2532322.000     32.500     -0.990
    30     39     33     36          -     33.500     -0.990
    31     40     34     37 1229238.250     34.500     -0.990
    32     41     35     38 357144.781     35.500     -0.990
    33     42     36     39 722465.313     36.500     -0.990
    34     43     37     40 -274936.219     37.500     -0.990
    35     44     38     41 -1108253.630     38.500     -0.990
    36     45     39     42 232049.891     39.500     -0.990
    37     46     40     43 2012296.250     40.500     -0.990
    38     47     41     44          -     41.500     -0.990
    39     48     42     45          -     42.500     -0.990
     1     13      5      9 1074335.130      6.000     -1.320
     2     14      6     10          -      7.000     -1.320
     3     15      7     11          -      8.000     -1.320
     4     16      8     12          -      9.000     -1.320
     5     17      9     13          -     10.000     -1.320
     6     18     10     14 -779882.000     11.000     -1.320
     7     19     11     15          -     12.000     -1.320
     8     20     12     16          -     13.000     -1.320
     9     21     13     17          -     14.000     -1.320
    10     22     14     18 1956690.380     15.000     -1.320
    11     23     15     19          -     16.000     -1.320
    12     24     16     20          -     17.000     -1.320
    13     25     17     21          -     18.000     -1.320
    14     26     18     22          -     19.000     -1.320
    15     27     19     23          -     20.000     -1.320
    16     28     20     24          -     21.000     -1.320
    17     29     21     25          -     22.000     -1.320
    18     30     22     26 4505069.000     23.000     -1.320
    19     31     23     27 556891.813     24.000     -1.320
    20     32     24     28 2135264.500     25.000     -1.320
    21     33     25     29 -1684581.880     26.000     -1.320
    22     34     26     30 1976459.000     27.000     -1.320
    23     35     27     31 2732812.500     28.000     -1.320
    24     36     28     32 -1022916.310     29.000     -1.320
    25     37     29     33 307511.656     30.000     -1.320
    26     38     30     34 3173817.250     31.000     -1.320
    27     39     31     35 259674.000     32.000     -1.320
    28     40     32     36 735987.000     33.000     -1.320
    29     41     33     37 -497879.313     34.000     -1.320
    30     42     34     38 -2405072.750     35.000     -1.320
    31     43     35     39 1474879.750     36.000     -1.320
    32     44     36     40 897987.063     37.000     -1.320
    33     45     37     41 -1818614.250     38.000     -1.320
    34     46     38     42 -1653595.750     39.000     -1.320
    35     47     39     43 3727819.500     40.000     -1.320
    36     48     40     44          -     41.000     -1.320
     1     16      6     11          -      7.500     -1.650
     2     17      7     12          -      8.500     -1.650
     3     18      8     13          -      9.500     -1.650
     4     19      9     14          -     10.500     -1.650
     5     20     10     15          -     11.500     -1.650
     6     21     11     16          -     12.500     -1.650
     7     22     12     17 4854592.000     13.500     -1.650
     8     23     13     18          -     14.500     -1.650
     9     24     14     19          -     15.500     -1.650
    10     25     15     20 4845817.500     16.500     -1.650
    11     26     16     21          -     17.500     -1.650
    12     27     17     22          -     18.500     -1.650
    13     28     18     23          -     19.500     -1.650
    14     29     19     24          -     20.500     -1.650
    15     30     20     25          -     21.500     -1.650
    16     31     21     26          -     22.500     -1.650
    17     32     22     27 3120587.500     23.500     -1.650
    18     33     23     28 -1001813.940     24.500     -1.650
    19     34     24     29 2628988.500     25.500     -1.650
    20     35     25     30          -     26.500     -1.650
    21     36     26     31 -5047046.000     27.500     -1.650
    22     37     27     32 1512861.500     28.500     -1.650
    23     38     28     33 -2293064.250     29.500     -1.650
    24     39     29     34 -27986.248     30.500     -1.650
    25     40     30     35 1589785.000     31.500     -1.650
    26     41     31     36 3752454.750     32.500     -1.650
    27     42     32     37 332524.688     33.500     -1.650
    28     43     33     38 -808456.438     34.500     -1.650
    29     44     34     39 153257.734     35.500     -1.650
    30     45     35     40 2022590.000     36.500     -1.650
    31     46     36     41  69289.703     37.500     -1.650
    32     47     37     42 -1700682.750     38.500     -1.650
    33     48     38     43 1570151.250     39.500     -1.650
     1     19      7     13          -      9.000     -1.980
     2     20      8     14          -     10.000     -1.980
     3     21      9     15          -     11.000     -1.980
     4     22     10     16 6070529.000     12.000     -1.980
     5     23     11     17          -     13.000     -1.980
     6     24     12     18          -     14.000     -1.980
     7     25     13     19          -     15.000     -1.980
     8     26     14     20          -     16.000     -1.980
     9     27     15     21          -     17.000     -1.980
    10     28     16     22          -     18.000     -1.980
    11     29     17     23          -     19.000     -1.980
    12     30     18     24          -     20.000     -1.980
    13     31     19     25          -     21.000     -1.980
    14     32     20     26          -     22.000     -1.980
    15     33     21     27          -     23.000     -1.980
    16     34     22     28 2488404.500     24.000     -1.980
    17     35     23     29 238768.063     25.000     -1.980
    18     36     24     30 3739472.000     26.000     -1.980
    19     37     25     31 -2613959.750     27.000     -1.980
    20     38     26     32 -3883021.250     28.000     -1.980
    21     39     27     33 -1251540.250     29.000     -1.980
    22     40     28     34 -482262.875     30.000     -1.980
    23     41     29     35 -10022.536     31.000     -1.980
    24     42     30     36 -482809.844     32.000     -1.980
    25     43     31     37 1463504.250     33.000     -1.980
    26     44     32     38 2517987.250     34.000     -1.980
    27     45     33     39  89246.586     35.000     -1.980
    28     46     34     40 1539199.250     36.000     -1.980
    29     47     35     41 -309407.906     37.000     -1.980
    30     48     36     42          -     38.000     -1.980
     1     22      8     15 1695238.130     10.500     -2.310
     2     23      9     16 3886513.500     11.500     -2.310
     3     24     10     17          -     12.500     -2.310
     4     25     11     18          -     13.500     -2.310
     5     26     12     19          -     14.500     -2.310
     6     27     13     20          -     15.500     -2.310
     7     28     14     21          -     16.500     -2.310
     8     29     15     22          -     17.500     -2.310
     9     30     16     23          -     18.500     -2.310
    10     31     17     24          -     19.500     -2.310
    11     32     18     25          -     20.500     -2.310
    12     33     19     26          -     21.500     -2.310
    13     34     20     27          -     22.500     -2.310
    14     35     21     28          -     23.500     -2.310
    15     36     22     29 1202387.880     24.500     -2.310
    16     37     23     30 -4561762.000     25.500     -2.310
    17     38     24     31 3703698.250     26.500     -2.310
    18     39     25     32 -5926332.000     27.500     -2.310
    19     40     26     33 -286243.375     28.500     -2.310
    20     41     27     34 -1175225.880     29.500     -2.310
    21     42     28     35 5559217.500     30.500     -2.310
    22     43     29     36 1059128.000     31.500     -2.310
    23     44     30     37 -2720273.500     32.500     -2.310
    24     45     31     38 454862.250     33.500     -2.310
    25     46     32     39 -454739.969     34.500     -2.310
    26     47     33     40 1403706.380     35.500     -2.310
    27     48     34     41 -871304.688     36.500     -2.310
     1     25      9     17  59898.563     12.000     -2.640
     2     26     10     18 2914393.500     13.000     -2.640
     3     27     11     19          -     14.000     -2.640
     4     28     12     20          -     15.000     -2.640
     5     29     13     21 6981378.500     16.000     -2.640
     6     30     14     22          -     17.000     -2.640
     7     31     15     23          -     18.000     -2.640
     8     32     16     24          -     19.000     -2.640
     9     33     17     25          -     20.000     -2.640
    10     34     18     26          -     21.000     -2.640
    11     35     19     27          -     22.000     -2.640
    12     36     20     28          -     23.000     -2.640
    13     37     21     29          -     24.000     -2.640
    14     38     22     30 4101122.250     25.000     -2.640
    15     39     23     31 -6739931.500     26.000     -2.640
    16     40     24     32   9082.471     27.000     -2.640
    17     41     25     33 -370268.625     28.000     -2.640
    18     42     26     34 -346073.313     29.000     -2.640
    19     43     27     35 -1934134.130     30.000     -2.640
    20     44     28     36 580682.438     31.000     -2.640
    21     45     29     37 -281840.063     32.000     -2.640
    22     46     30     38 -2534115.250     33.000     -2.640
    23     47     31     39          -     34.000     -2.640
    24     48     32     40 -448057.500     35.000     -2.640
     1     28     10     19 -1410723.500     13.500     -2.970
     2     29     11     20 4632672.500     14.500     -2.970
     3     30     12     21          -     15.500     -2.970
     4     31     13     22          -     16.500     -2.970
     5     32     14     23          -     17.500     -2.970
     6     33     15     24          -     18.500     -2.970
     7     34     16     25          -     19.500     -2.970
     8     35     17     26          -     20.500     -2.970
     9     36     18     27          -     21.500     -2.970
    10     37     19     28          -     22.500     -2.970
    11     38     20     29          -     23.500     -2.970
    12     39     21     30          -     24.500     -2.970
    13     40     22     31 -4505938.000     25.500     -2.970
    14     41     23     32 -6784331.500     26.500     -2.970
    15     42     24     33 4525519.500     27.500     -2.970
    16     43     25     34 -2447387.750     28.500     -2.970
    17     44     26     35 -569525.938     29.500     -2.970
    18     45     27     36          -     30.500     -2.970
    19     46     28     37 3318969.500     31.500     -2.970
    20     47     29     38 5065516.500     32.500     -2.970
    21     48     30     39          -     33.500     -2.970
     1     31     11     21          -     15.000     -3.300
     2     32     12     22          -     16.000     -3.300
     3     33     13     23          -     17.000     -3.300
     4     34     14     24          -     18.000     -3.300
     5     35     15     25          -     19.000     -3.300
     6     36     16     26          -     20.000     -3.300
     7     37     17     27          -     21.000     -3.300
     8     38     18     28          -     22.000     -3.300
     9     39     19     29          -     23.000     -3.300
    10     40     20     30          -     24.000     -3.300
    11     41     21     31          -     25.000     -3.300
    12     42     22     32 -3335603.250     26.000     -3.300
    13     43     23     33 -1913800.880     27.000     -3.300
    14     44     24     34 2086559.630     28.000     -3.300
    15     45     25     35 -3807258.000     29.000     -3.300
    16     46     26     36 -5372194.000     30.000     -3.300
    17     47     27     37 -5156590.000     31.000     -3.300
    18     48     28     38 7067483.000     32.000     -3.300
     1     34     12     23 855976.563     16.500     -3.630
     2     35     13     24          -     17.500     -3.630
     3     36     14     25          -     18.500     -3.630
     4     37     15     26          -     19.500     -3.630
     5     38     16     27          -     20.500     -3.630
     6     39     17     28          -     21.500     -3.630
     7     40     18     29          -     22.500     -3.630
     8     41     19     30          -     23.500     -3.630
     9     42     20     31          -     24.500     -3.630
    10     43     21     32          -     25.500     -3.630
    11     44     22     33 2126510.000     26.500     -3.630
    12     45     23     34 -3279682.250     27.500     -3.630
    13     46     24     35 744925.313     28.500     -3.630
    14     47     25     36          -     29.500     -3.630
    15     48     26     37 -2478657.500     30.500     -3.630
     1     37     13     25 507269.406     18.000     -3.960
     2     38     14     26          -     19.000     -3.960
     3     39     15     27          -     20.000     -3.960
     4     40     16     28          -     21.000     -3.960
     5     41     17     29          -     22.000     -3.960
     6     42     18     30          -     23.000     -3.960
     7     43     19     31          -     24.000     -3.960
     8     44     20     32          -     25.000     -3.960
     9     45     21     33          -     26.000     -3.960
    10     46     22     34 -997320.188     27.000     -3.960
    11     47     23     35 -4902347.000     28.000     -3.960
    12     48     24     36 -7425781.500     29.000     -3.960
     1     40     14     27 1027468.690     19.500     -4.290
     2     41     15     28          -     20.500     -4.290
     3     42     16     29          -     21.500     -4.290
     4     43     17     30          -     22.500     -4.290
     5     44     18     31          -     23.500     -4.290
     6     45     19     32          -     24.500     -4.290
     7     46     20     33          -     25.500     -4.290
     8     47     21     34          -     26.500     -4.290
     9     48     22     35 -3839028.250     27.500     -4.290
     1     43     15     29 2047115.380     21.000     -4.620
     2     44     16     30          -     22.000     -4.620
     3     45     17     31          -     23.000     -4.620
     4     46     18     32          -     24.000     -4.620
     5     47     19     33 8605857.000     25.000     -4.620
     6     48     20     34          -     26.000     -4.620
     1     46     16     31 9857467.000     22.500     -4.950
     2     47     17     32 8397057.000     23.500     -4.950
     3     48     18     33          -     24.500     -4.950
     1      2      4      3 648069.000      1.500     -0.585
     2      3      5      4          -      2.500     -0.585
     3      4      6      5 -2868815.000      3.500     -0.585
     4      5      7      6 -3115840.500      4.500     -0.585
     5      6      8      7 -2381470.750      5.500     -0.585
     6      7      9      8          -      6.500     -0.585
     7      8     10      9          -      7.500     -0.585
     8      9     11     10          -      8.500     -0.585
     9     10     12     11 2259201.250      9.500     -0.585
    10     11     13     12          -     10.500     -0.585
    11     12     14     13          -     11.500     -0.585
    12     13     15     14          -     12.500     -0.585
    13     14     16     15          -     13.500     -0.585
    14     15     17     16          -     14.500     -0.585
    15     16     18     17          -     15.500     -0.585
    16     17     19     18          -     16.500     -0.585
    17     18     20     19          -     17.500     -0.585
    18     19     21     20          -     18.500     -0.585
    19     20     22     21          -     19.500     -0.585
    20     21     23     22 -843105.750     20.500     -0.585
    21     22     24     23 2825659.750     21.500     -0.585
    22     23     25     24 -374968.156     22.500     -0.585
    23     24     26     25  25054.342     23.500     -0.585
    24     25     27     26 542530.563     24.500     -0.585
    25     26     28     27          -     25.500     -0.585
    26     27     29     28          -     26.500     -0.585
    27     28     30     29          -     27.500     -0.585
    28     29     31     30          -     28.500     -0.585
    29     30     32     31 -1284457.750     29.500     -0.585
    30     31     33     32          -     30.500     -0.585
    31     32     34     33 1145250.630     31.500     -0.585
    32     33     35     34 296902.188     32.500     -0.585
    33     34     36     35 307213.094     33.500     -0.585
    34     35     37     36 1000128.750     34.500     -0.585
    35     36     38     37 305447.781     35.500     -0.585
    36     37     39     38 -67594.414     36.500     -0.585
    37     38     40     39  22166.023     37.500     -0.585
    38     39     41     40 -195731.750     38.500     -0.585
    39     40     42     41 -13010.341     39.500     -0.585
    40     41     43     42 455505.750     40.500     -0.585
    41     42     44     43 -128057.297     41.500     -0.585
    42     43     45     44 679918.750     42.500     -0.585
    43     44     46     45 -1349112.250     43.500     -0.585
    44     45     47     46 -1293273.000     44.500     -0.585
    45     46     48     47          -     45.500     -0.585
     1      2      5      4 -2999788.250      2.000     -0.780
     2      3      6      5          -      3.000     -0.780
     3      4      7      6 -11443561.000      4.000     -0.780
     4      5      8      7 -9455428.000      5.000     -0.780
     5      6      9      8 -8414115.000      6.000     -0.780
     6      7     10      9          -      7.000     -0.780
     7      8     11     10          -      8.000     -0.780
     8      9     12     11 -1926745.500      9.000     -0.780
     9     10     13     12          -     10.000     -0.780
    10     11     14     13          -     11.000     -0.780
    11     12     15     14          -     12.000     -0.780
    12     13     16     15          -     13.000     -0.780
    13     14     17     16 2237828.000     14.000     -0.780
    14     15     18     17          -     15.000     -0.780
    15     16     19     18          -     16.000     -0.780
    16     17     20     19          -     17.000     -0.780
    17     18     21     20          -     18.000     -0.780
    18     19     22     21          -     19.000     -0.780
    19     20     23     22 8962766.000     20.000     -0.780
    20     21     24     23 5631689.000     21.000     -0.780
    21     22     25     24 -12623211.000     22.000     -0.780
    22     23     26     25 131162.109     23.000     -0.780
    23     24     27     26  11005.580     24.000     -0.780
    24     25     28     27 -4049545.250     25.000     -0.780
    25     26     29     28          -     26.000     -0.780
    26     27     30     29 16414604.000     27.000     -0.780
    27     28     31     30 14937284.000     28.000     -0.780
    28     29     32     31 -9226041.000     29.000     -0.780
    29     30     33     32          -     30.000     -0.780
    30     31     34     33 -6022962.500     31.000     -0.780
    31     32     35     34 -5621231.000     32.000     -0.780
    32     33     36     35 1935389.750     33.000     -0.780
    33     34     37     36 -432785.000     34.000     -0.780
    34     35     38     37 756658.563     35.000     -0.780
    35     36     39     38 4634032.000     36.000     -0.780
    36     37     40     39  81902.844     37.000     -0.780
    37     38     41     40 -94100.625     38.000     -0.780
    38     39     42     41 411192.281     39.000     -0.780
    39     40     43     42 -1559175.000     40.000     -0.780
    40     41     44     43 2124248.000     41.000     -0.780
    41     42     45     44 -1294855.380     42.000     -0.780
    42     43     46     45 -8057029.500     43.000     -0.780
    43     44     47     46 -12766186.000     44.000     -0.780
    44     45     48     47 4104445.500     45.000     -0.780
     1      2      6      5 12148379.000      2.500     -0.975
     2      3      7      6 -5583390.500      3.500     -0.975
     3      4      8      7          -      4.500     -0.975
     4      5      9      8          -      5.500     -0.975
     5      6     10      9 3974975.500      6.500     -0.975
     6      7     11     10          -      7.500     -0.975
     7      8     12     11 -30188624.000      8.500     -0.975
     8      9     13     12 21358008.000      9.500     -0.975
     9     10     14     13 23725520.000     10.500     -0.975
    10     11     15     14          -     11.500     -0.975
    11     12     16     15          -     12.500     -0.975
    12     13     17     16          -     13.500     -0.975
    13     14     18     17          -     14.500     -0.975
    14     15     19     18 -22872414.000     15.500     -0.975
    15     16     20     19          -     16.500     -0.975
    16     17     21     20          -     17.500     -0.975
    17     18     22     21          -     18.500     -0.975
    18     19     23     22 -14373552.000     19.500     -0.975
    19     20     24     23 -3830556.000     20.500     -0.975
    20     21     25     24 -15178379.000     21.500     -0.975
    21     22     26     25 2087632.630     22.500     -0.975
    22     23     27     26 -265299.875     23.500     -0.975
    23     24     28     27 -100305.242     24.500     -0.975
    24     25     29     28 -217083.656     25.500     -0.975
    25     26     30     29 -29393564.000     26.500     -0.975
    26     27     31     30 -28037196.000     27.500     -0.975
    27     28     32     31          -     28.500     -0.975
    28     29     33     32 318304.781     29.500     -0.975
    29     30     34     33 12999883.000     30.500     -0.975
    30     31     35     34 11964858.000     31.500     -0.975
    31     32     36     35 3774473.000     32.500     -0.975
    32     33     37     36 -5526932.500     33.500     -0.975
    33     34     38     37 -3119273.750     34.500     -0.975
    34     35     39     38 -1156819.000     35.500     -0.975
    35     36     40     39 -845526.313     36.500     -0.975
    36     37     41     40 -1655360.000     37.500     -0.975
    37     38     42     41 353026.031     38.500     -0.975
    38     39     43     42 5082439.500     39.500     -0.975
    39     40     44     43 -4849534.500     40.500     -0.975
    40     41     45     44 -4530042.000     41.500     -0.975
    41     42     46     45 -662944.125     42.500     -0.975
    42     43     47     46 6424819.000     43.500     -0.975
    43     44     48     47 22028032.000     44.500     -0.975
     1      2      7      6 7700944.500      3.000     -1.170
     2      3      8      7 9553705.000      4.000     -1.170
     3      4      9      8          -      5.000     -1.170
     4      5     10      9          -      6.000     -1.170
     5      6     11     10 64601988.000      7.000     -1.170
     6      7     12     11          -      8.000     -1.170
     7      8     13     12 -15444791.000      9.000     -1.170
     8      9     14     13 -73742664.000     10.000     -1.170
     9     10     15     14 -12802288.000     11.000     -1.170
    10     11     16     15          -     12.000     -1.170
    11     12     17     16 63311892.000     13.000     -1.170
    12     13     18     17          -     14.000     -1.170
    13     14     19     18 -18004856.000     15.000     -1.170
    14     15     20     19          -     16.000     -1.170
    15     16     21     20          -     17.000     -1.170
    16     17     22     21          -     18.000     -1.170
    17     18     23     22 39889140.000     19.000     -1.170
    18     19     24     23 36775088.000     20.000     -1.170
    19     20     25     24 7893560.500     21.000     -1.170
    20     21     26     25 4650864.000     22.000     -1.170
    21     22     27     26 -4457128.500     23.000     -1.170
    22     23     28     27 423918.250     24.000     -1.170
    23     24     29     28 -155000.281     25.000     -1.170
    24     25     30     29 -19420650.000     26.000     -1.170
    25     26     31     30 51316096.000     27.000     -1.170
    26     27     32     31 -22889228.000     28.000     -1.170
    27     28     33     32 31108918.000     29.000     -1.170
    28     29     34     33 392319.625     30.000     -1.170
    29     30     35     34 -9713078.000     31.000     -1.170
    30     31     36     35          -     32.000     -1.170
    31     32     37     36 -14249628.000     33.000     -1.170
    32     33     38     37 -11793289.000     34.000     -1.170
    33     34     39     38 4976841.000     35.000     -1.170
    34     35     40     39 -217218.156     36.000     -1.170
    35     36     41     40 3619224.000     37.000     -1.170
    36     37     42     41 1429840.750     38.000     -1.170
    37     38     43     42 1778053.500     39.000     -1.170
    38     39     44     43 14348071.000     40.000     -1.170
    39     40     45     44 11993027.000     41.000     -1.170
    40     41     46     45 22721266.000     42.000     -1.170
    41     42     47     46 -4703594.000     43.000     -1.170
    42     43     48     47 7610972.000     44.000     -1.170
     1      2      8      7 3905409.250      3.500     -1.365
     2      3      9      8 -285176.188      4.500     -1.365
     3      4     10      9 73919960.000      5.500     -1.365
     4      5     11     10 -3422841.000      6.500     -1.365
     5      6     12     11          -      7.500     -1.365
     6      7     13     12 -71299216.000      8.500     -1.365
     7      8     14     13 15733810.000      9.500     -1.365
     8      9     15     14 -34568304.000     10.500     -1.365
     9     10     16     15 56164476.000     11.500     -1.365
    10     11     17     16 -75282168.000     12.500     -1.365
    11     12     18     17          -     13.500     -1.365
    12     13     19     18          -     14.500     -1.365
    13     14     20     19          -     15.500     -1.365
    14     15     21     20          -     16.500     -1.365
    15     16     22     21          -     17.500     -1.365
    16     17     23     22 -36405908.000     18.500     -1.365
    17     18     24     23 53780020.000     19.500     -1.365
    18     19     25     24 -76278424.000     20.500     -1.365
    19     20     26     25 5722318.500     21.500     -1.365
    20     21     27     26 -6522696.000     22.500     -1.365
    21     22     28     27 7121477.500     23.500     -1.365
    22     23     29     28 -574044.875     24.500     -1.365
    23     24     30     29 -3003168.250     25.500     -1.365
    24     25     31     30 22532564.000     26.500     -1.365
    25     26     32     31 63374780.000     27.500     -1.365
    26     27     33     32 -46433444.000     28.500     -1.365
    27     28     34     33 -2874746.750     29.500     -1.365
    28     29     35     34 -822965.938     30.500     -1.365
    29     30     36     35          -     31.500     -1.365
    30     31     37     36          -     32.500     -1.365
    31     32     38     37 20260550.000     33.500     -1.365
    32     33     39     38 -9301023.000     34.500     -1.365
    33     34     40     39 155641.266     35.500     -1.365
    34     35     41     40 487809.688     36.500     -1.365
    35     36     42     41 -4208829.500     37.500     -1.365
    36     37     43     42 1952330.000     38.500     -1.365
    37     38     44     43 -1584427.630     39.500     -1.365
    38     39     45     44 7118248.500     40.500     -1.365
    39     40     46     45 -39969624.000     41.500     -1.365
    40     41     47     46 3465968.000     42.500     -1.365
    41     42     48     47 3453285.250     43.500     -1.365
     1      3      9      7          -      4.000     -1.560
     2      4     10      8          -      5.000     -1.560
     3      5     11      9          -      6.000     -1.560
     4      6     12     10          -      7.000     -1.560
     5      7     13     11          -      8.000     -1.560
     6      8     14     12          -      9.000     -1.560
     7      9     15     13 30260268.000     10.000     -1.560
     8     10     16     14 -8189007.000     11.000     -1.560
     9     11     17     15          -     12.000     -1.560
    10     12     18     16          -     13.000     -1.560
    11     13     19     17 -31947436.000     14.000     -1.560
    12     14     20     18          -     15.000     -1.560
    13     15     21     19 -1307940.630     16.000     -1.560
    14     16     22     20 24868332.000     17.000     -1.560
    15     17     23     21          -     18.000     -1.560
    16     18     24     22 16088730.000     19.000     -1.560
    17     19     25     23 -147463.875     20.000     -1.560
    18     20     26     24 -5407125.000     21.000     -1.560
    19     21     27     25 295321.313     22.000     -1.560
    20     22     28     26 -193197.422     23.000     -1.560
    21     23     29     27 606550.125     24.000     -1.560
    22     24     30     28 -593796.563     25.000     -1.560
    23     25     31     29 405003.156     26.000     -1.560
    24     26     32     30          -     27.000     -1.560
    25     27     33     31 -58172.004     28.000     -1.560
    26     28     34     32 2953456.000     29.000     -1.560
    27     29     35     33 -824196.688     30.000     -1.560
    28     30     36     34          -     31.000     -1.560
    29     31     37     35 1378834.500     32.000     -1.560
    30     32     38     36          -     33.000     -1.560
    31     33     39     37 -9901570.000     34.000     -1.560
    32     34     40     38 -508803.625     35.000     -1.560
    33     35     41     39  -7219.230     36.000     -1.560
    34     36     42     40 1131131.880     37.000     -1.560
    35     37     43     41 -6033524.000     38.000     -1.560
    36     38     44     42 4187996.750     39.000     -1.560
    37     39     45     43 6443149.000     40.000     -1.560
    38     40     46     44 1475627.000     41.000     -1.560
    39     41     47     45 1379982.750     42.000     -1.560
    40     42     48     46 -6318462.500     43.000     -1.560
     1      3     11      9          -      5.000     -1.950
     2      4     12     10 -5632621.500      6.000     -1.950
     3      5     13     11          -      7.000     -1.950
     4      6     14     12 37192316.000      8.000     -1.950
     5      7     15     13 11691549.000      9.000     -1.950
     6      8     16     14          -     10.000     -1.950
     7      9     17     15 27336186.000     11.000     -1.950
     8     10     18     16 -84867208.000     12.000     -1.950
     9     11     19     17          -     13.000     -1.950
    10     12     20     18          -     14.000     -1.950
    11     13     21     19          -     15.000     -1.950
    12     14     22     20          -     16.000     -1.950
    13     15     23     21 15518282.000     17.000     -1.950
    14     16     24     22 -729583.063     18.000     -1.950
    15     17     25     23 -5264087.000     19.000     -1.950
    16     18     26     24 -10885681.000     20.000     -1.950
    17     19     27     25 378985.250     21.000     -1.950
    18     20     28     26 -1662718.630     22.000     -1.950
    19     21     29     27 -1618339.250     23.000     -1.950
    20     22     30     28 512055.531     24.000     -1.950
    21     23     31     29 10764208.000     25.000     -1.950
    22     24     32     30 4182854.250     26.000     -1.950
    23     25     33     31 2694810.750     27.000     -1.950
    24     26     34     32 7749893.000     28.000     -1.950
    25     27     35     33 -254393.891     29.000     -1.950
    26     28     36     34 -25862070.000     30.000     -1.950
    27     29     37     35 -5209329.000     31.000     -1.950
    28     30     38     36          -     32.000     -1.950
    29     31     39     37 14973233.000     33.000     -1.950
    30     32     40     38 -45854424.000     34.000     -1.950
    31     33     41     39 -1904350.880     35.000     -1.950
    32     34     42     40 -188516.969     36.000     -1.950
    33     35     43     41 -467712.344     37.000     -1.950
    34     36     44     42 -27131772.000     38.000     -1.950
    35     37     45     43 -15342830.000     39.000     -1.950
    36     38     46     44 9937632.000     40.000     -1.950
    37     39     47     45 13945645.000     41.000     -1.950
    38     40     48     46 14715239.000     42.000     -1.950
     1      3     13     11 -50163772.000      6.000     -2.340
     2      4     14     12 65105116.000      7.000     -2.340
     3      5     15     13          -      8.000     -2.340
     4      6     16     14          -      9.000     -2.340
     5      7     17     15 149394208.000     10.000     -2.340
     6      8     18     16 103846808.000     11.000     -2.340
     7      9     19     17 -91060848.000     12.000     -2.340
     8     10     20     18 148907264.000     13.000     -2.340
     9     11     21     19          -     14.000     -2.340
    10     12     22     20          -     15.000     -2.340
    11     13     23     21          -     16.000     -2.340
    12     14     24     22 68523984.000     17.000     -2.340
    13     15     25     23 -4038894.750     18.000     -2.340
    14     16     26     24 -9113037.000     19.000     -2.340
    15     17     27     25 478333.875     20.000     -2.340
    16     18     28     26 -3218735.250     21.000     -2.340
    17     19     29     27 -1480135.000     22.000     -2.340
    18     20     30     28 -11605724.000     23.000     -2.340
    19     21     31     29 11998466.000     24.000     -2.340
    20     22     32     30 23030576.000     25.000     -2.340
    21     23     33     31 -23610088.000     26.000     -2.340
    22     24     34     32 -5144849.000     27.000     -2.340
    23     25     35     33 573447.250     28.000     -2.340
    24     26     36     34 -14132108.000     29.000     -2.340
    25     27     37     35 139856.938     30.000     -2.340
    26     28     38     36 28247192.000     31.000     -2.340
    27     29     39     37 24231650.000     32.000     -2.340
    28     30     40     38 66969940.000     33.000     -2.340
    29     31     41     39 1753581.750     34.000     -2.340
    30     32     42     40 -4420945.000     35.000     -2.340
    31     33     43     41 22971908.000     36.000     -2.340
    32     34     44     42 24703876.000     37.000     -2.340
    33     35     45     43 1530560.000     38.000     -2.340
    34     36     46     44 -53462228.000     39.000     -2.340
    35     37     47     45 -22436386.000     40.000     -2.340
    36     38     48     46 -16462395.000     41.000     -2.340
     1      3     15     13 159672896.000      7.000     -2.730
     2      4     16     14 62599568.000      8.000     -2.730
     3      5     17     15 252249424.000      9.000     -2.730
     4      6     18     16 -122157920.000     10.000     -2.730
     5      7     19     17 -48407512.000     11.000     -2.730
     6      8     20     18 -37886876.000     12.000     -2.730
     7      9     21     19 32912410.000     13.000     -2.730
     8     10     22     20          -     14.000     -2.730
     9     11     23     21          -     15.000     -2.730
    10     12     24     22 36492432.000     16.000     -2.730
    11     13     25     23 15412650.000     17.000     -2.730
    12     14     26     24 -61962188.000     18.000     -2.730
    13     15     27     25 1512718.380     19.000     -2.730
    14     16     28     26 -5070072.500     20.000     -2.730
    15     17     29     27 -1653109.750     21.000     -2.730
    16     18     30     28 -20827672.000     22.000     -2.730
    17     19     31     29 21350854.000     23.000     -2.730
    18     20     32     30 91099936.000     24.000     -2.730
    19     21     33     31 -14602985.000     25.000     -2.730
    20     22     34     32 -51922528.000     26.000     -2.730
    21     23     35     33 -334524.938     27.000     -2.730
    22     24     36     34 113067.938     28.000     -2.730
    23     25     37     35 -257873.078     29.000     -2.730
    24     26     38     36 18053134.000     30.000     -2.730
    25     27     39     37 -3200833.750     31.000     -2.730
    26     28     40     38 38503276.000     32.000     -2.730
    27     29     41     39 -2051312.500     33.000     -2.730
    28     30     42     40 -6650136.500     34.000     -2.730
    29     31     43     41 -10531249.000     35.000     -2.730
    30     32     44     42 85585176.000     36.000     -2.730
    31     33     45     43 49371860.000     37.000     -2.730
    32     34     46     44 -8988301.000     38.000     -2.730
    33     35     47     45 19259770.000     39.000     -2.730
    34     36     48     46 54799428.000     40.000     -2.730
     1      4     16     13 72135848.000      7.500     -2.925
     2      5     17     14          -      8.500     -2.925
     3      6     18     15          -      9.500     -2.925
     4      7     19     16          -     10.500     -2.925
     5      8     20     17 8449253.000     11.500     -2.925
     6      9     21     18          -     12.500     -2.925
     7     10     22     19          -     13.500     -2.925
     8     11     23     20 70921240.000     14.500     -2.925
     9     12     24     21 40085312.000     15.500     -2.925
    10     13     25     22 3337468.250     16.500     -2.925
    11     14     26     23 5198066.500     17.500     -2.925
    12     15     27     24 -20416324.000     18.500     -2.925
    13     16     28     25 3738353.000     19.500     -2.925
    14     17     29     26 -5394262.000     20.500     -2.925
    15     18     30     27 -7378780.500     21.500     -2.925
    16     19     31     28 6444342.500     22.500     -2.925
    17     20     32     29 26088396.000     23.500     -2.925
    18     21     33     30 8649039.000     24.500     -2.925
    19     22     34     31 -8208157.500     25.500     -2.925
    20     23     35     32 -24671300.000     26.500     -2.925
    21     24     36     33 2307366.500     27.500     -2.925
    22     25     37     34 -807167.313     28.500     -2.925
    23     26     38     35 -6794055.500     29.500     -2.925
    24     27     39     36 -3310098.500     30.500     -2.925
    25     28     40     37 22870096.000     31.500     -2.925
    26     29     41     38 2681837.500     32.500     -2.925
    27     30     42     39 9854086.000     33.500     -2.925
    28     31     43     40 9360331.000     34.500     -2.925
    29     32     44     41 -12036876.000     35.500     -2.925
    30     33     45     42 81795496.000     36.500     -2.925
    31     34     46     43 44886324.000     37.500     -2.925
    32     35     47     44 48248412.000     38.500     -2.925
    33     36     48     45 -8526448.000     39.500     -2.925
     1      4     19     16          -      9.000     -3.510
     2      5     20     17 -13418985.000     10.000     -3.510
     3      6     21     18          -     11.000     -3.510
     4      7     22     19          -     12.000     -3.510
     5      8     23     20          -     13.000     -3.510
     6      9     24     21          -     14.000     -3.510
     7     10     25     22 65573988.000     15.000     -3.510
     8     11     26     23 12510066.000     16.000     -3.510
     9     12     27     24 -61784096.000     17.000     -3.510
    10     13     28     25 5592158.000     18.000     -3.510
    11     14     29     26 -9772418.000     19.000     -3.510
    12     15     30     27 -13197631.000     20.000     -3.510
    13     16     31     28 14403034.000     21.000     -3.510
    14     17     32     29 50466064.000     22.000     -3.510
    15     18     33     30 13947443.000     23.000     -3.510
    16     19     34     31 -15488758.000     24.000     -3.510
    17     20     35     32 -47508952.000     25.000     -3.510
    18     21     36     33 4339649.500     26.000     -3.510
    19     22     37     34 548940.875     27.000     -3.510
    20     23     38     35 2010374.250     28.000     -3.510
    21     24     39     36 -5866939.500     29.000     -3.510
    22     25     40     37 3286847.250     30.000     -3.510
    23     26     41     38 16890388.000     31.000     -3.510
    24     27     42     39 548073.500     32.000     -3.510
    25     28     43     40 -33530078.000     33.000     -3.510
    26     29     44     41 -16296206.000     34.000     -3.510
    27     30     45     42 -137994336.000     35.000     -3.510
    28     31     46     43 -85487112.000     36.000     -3.510
    29     32     47     44 -109908128.000     37.000     -3.510
    30     33     48     45 56740764.000     38.000     -3.510
     1      4     22     19          -     10.500     -4.095
     2      5     23     20          -     11.500     -4.095
     3      6     24     21 223995072.000     12.500     -4.095
     4      7     25     22 90254696.000     13.500     -4.095
     5      8     26     23 -29140234.000     14.500     -4.095
     6      9     27     24 13950141.000     15.500     -4.095
     7     10     28     25 6306823.000     16.500     -4.095
     8     11     29     26 -13116225.000     17.500     -4.095
     9     12     30     27 -17517692.000     18.500     -4.095
    10     13     31     28 26840658.000     19.500     -4.095
    11     14     32     29 85800920.000     20.500     -4.095
    12     15     33     30 20780782.000     21.500     -4.095
    13     16     34     31 -30719832.000     22.500     -4.095
    14     17     35     32 -82059216.000     23.500     -4.095
    15     18     36     33 6739892.000     24.500     -4.095
    16     19     37     34 -693314.125     25.500     -4.095
    17     20     38     35 -1354901.750     26.500     -4.095
    18     21     39     36 -6566613.000     27.500     -4.095
    19     22     40     37 2933097.000     28.500     -4.095
    20     23     41     38 -4745312.500     29.500     -4.095
    21     24     42     39 1914164.500     30.500     -4.095
    22     25     43     40 -4562201.000     31.500     -4.095
    23     26     44     41 -9404760.000     32.500     -4.095
    24     27     45     42 5872517.500     33.500     -4.095
    25     28     46     43 -35207656.000     34.500     -4.095
    26     29     47     44 -6705790.500     35.500     -4.095
    27     30     48     45 -111945888.000     36.500     -4.095
     1      5     25     21          -     12.000     -4.680
     2      6     26     22 130118280.000     13.000     -4.680
     3      7     27     23 217931.031     14.000     -4.680
     4      8     28     24 -11579796.000     15.000     -4.680
     5      9     29     25 -2118237.750     16.000     -4.680
     6     10     30     26 -21541168.000     17.000     -4.680
     7     11     31     27 14744635.000     18.000     -4.680
     8     12     32     28 45011628.000     19.000     -4.680
     9     13     33     29 4223567.500     20.000     -4.680
    10     14     34     30 16401286.000     21.000     -4.680
    11     15     35     31 -17172460.000     22.000     -4.680
    12     16     36     32 -67075332.000     23.000     -4.680
    13     17     37     33 1708991.250     24.000     -4.680
    14     18     38     34 -1733465.500     25.000     -4.680
    15     19     39     35 -866189.875     26.000     -4.680
    16     20     40     36 4921287.500     27.000     -4.680
    17     21     41     37 696016.125     28.000     -4.680
    18     22     42     38 -2724107.750     29.000     -4.680
    19     23     43     39 3482448.000     30.000     -4.680
    20     24     44     40 1427409.130     31.000     -4.680
    21     25     45     41 12337940.000     32.000     -4.680
    22     26     46     42 -39932380.000     33.000     -4.680
    23     27     47     43 -3269204.000     34.000     -4.680
    24     28     48     44 -1859637.000     35.000     -4.680
     1      5     29     25 -5810783.000     14.000     -5.460
     2      6     30     26 -22847828.000     15.000     -5.460
     3      7     31     27 23302928.000     16.000     -5.460
     4      8     32     28 53646124.000     17.000     -5.460
     5      9     33     29 5891297.000     18.000     -5.460
     6     10     34     30 27367606.000     19.000     -5.460
     7     11     35     31 -23915190.000     20.000     -5.460
     8     12     36     32 -76773512.000     21.000     -5.460
     9     13     37     33 2368789.750     22.000     -5.460
    10     14     38     34 -2092150.000     23.000     -5.460
    11     15     39     35 -597693.063     24.000     -5.460
    12     16     40     36 8316612.500     25.000     -5.460
    13     17     41     37 -2784950.250     26.000     -5.460
    14     18     42     38 3234546.250     27.000     -5.460
    15     19     43     39 3527732.000     28.000     -5.460
    16     20     44     40 -4855751.000     29.000     -5.460
    17     21     45     41 -906079.313     30.000     -5.460
    18     22     46     42 9315318.000     31.000     -5.460
    19     23     47     43 -3240396.750     32.000     -5.460
    20     24     48     44 21275118.000     33.000     -5.460
     1      6     31     26 -16660309.000     15.000     -5.850
     2      7     32     27 3838929.500     16.000     -5.850
     3      8     33     28 -4179223.750     17.000     -5.850
     4      9     34     29 6965712.000     18.000     -5.850
     5     10     35     30 21563562.000     19.000     -5.850
     6     11     36     31 -13889295.000     20.000     -5.850
     7     12     37     32 -62655880.000     21.000     -5.850
     8     13     38     33 179504.078     22.000     -5.850
     9     14     39     34 -2042968.630     23.000     -5.850
    10     15     40     35 9139553.000     24.000     -5.850
    11     16     41     36 -3128588.500     25.000     -5.850
    12     17     42     37 203951.922     26.000     -5.850
    13     18     43     38 1407664.130     27.000     -5.850
    14     19     44     39 6992252.500     28.000     -5.850
    15     20     45     40 -9375002.000     29.000     -5.850
    16     21     46     41 -5640005.500     30.000     -5.850
    17     22     47     42 7795223.500     31.000     -5.850
    18     23     48     43 23891196.000     32.000     -5.850
     1      6     36     31 30153164.000     17.500     -6.825
     2      7     37     32 -9987776.000     18.500     -6.825
     3      8     38     33 1237004.750     19.500     -6.825
     4      9     39     34 -147187.078     20.500     -6.825
     5     10     40     35 15623304.000     21.500     -6.825
     6     11     41     36 -4349507.000     22.500     -6.825
     7     12     42     37 3027066.250     23.500     -6.825
     8     13     43     38 1161300.130     24.500     -6.825
     9     14     44     39 13535704.000     25.500     -6.825
    10     15     45     40 -14656462.000     26.500     -6.825
    11     16     46     41 -5903943.500     27.500     -6.825
    12     17     47     42 4842429.000     28.500     -6.825
    13     18     48     43 57639840.000     29.500     -6.825
     1      7     37     31 21835648.000     18.000     -7.020
     2      8     38     32 -6870032.000     19.000     -7.020
     3      9     39     33 1751652.630     20.000     -7.020
     4     10     40     34 6056660.000     21.000     -7.020
     5     11     41     35 -1384131.380     22.000     -7.020
     6     12     42     36 -1571239.630     23.000     -7.020
     7     13     43     37 513937.250     24.000     -7.020
     8     14     44     38 5480112.000     25.000     -7.020
     9     15     45     39 1769228.000     26.000     -7.020
    10     16     46     40 -15718730.000     27.000     -7.020
    11     17     47     41 1826681.380     28.000     -7.020
    12     18     48     42 34396268.000     29.000     -7.020
     1      7     43     37 20417386.000     21.000     -8.190
     2      8     44     38 731734.438     22.000     -8.190
     3      9     45     39 -678628.500     23.000     -8.190
     4     10     46     40 -19792646.000     24.000     -8.190
     5     11     47     41 9242790.000     25.000     -8.190
     6     12     48     42 43804152.000     26.000     -8.190
     1     10     46     37 -7321852.500     22.500     -8.775
     2     11     47     38 -4221097.000     23.500     -8.775
     3     12     48     39 17511368.000     24.500     -8.775
