48# Number of electrodes
# x z
0.000     0.000
1.000     0.000
2.000     0.000
3.000     0.000
4.000     0.000
5.000     0.000
6.000     0.000
7.000     0.000
8.000     0.000
9.000     0.000
10.000     0.000
11.000     0.000
12.000     0.000
13.000     0.000
14.000     0.000
15.000     0.000
16.000     0.000
17.000     0.000
18.000     0.000
19.000     0.000
20.000     0.000
21.000     0.000
22.000     0.000
23.000     0.000
24.000     0.000
25.000     0.000
26.000     0.000
27.000     0.000
28.000     0.000
29.000     0.000
30.000     0.000
31.000     0.000
32.000     0.000
33.000     0.000
34.000     0.000
35.000     0.000
36.000     0.000
37.000     0.000
38.000     0.000
39.000     0.000
40.000     0.000
41.000     0.000
42.000     0.000
43.000     0.000
44.000     0.000
45.000     0.000
46.000     0.000
47.000     0.000
909# Number of data
# a   b   m   n      rhoa      x      z
     1      4      2      3          -      1.500     -0.330
     2      5      3      4          -      2.500     -0.330
     3      6      4      5          -      3.500     -0.330
     4      7      5      6          -      4.500     -0.330
     5      8      6      7          -      5.500     -0.330
     6      9      7      8          -      6.500     -0.330
     7     10      8      9          -      7.500     -0.330
     8     11      9     10          -      8.500     -0.330
     9     12     10     11          -      9.500     -0.330
    10     13     11     12          -     10.500     -0.330
    11     14     12     13 -71991.859     11.500     -0.330
    12     15     13     14          -     12.500     -0.330
    13     16     14     15          -     13.500     -0.330
    14     17     15     16          -     14.500     -0.330
    15     18     16     17          -     15.500     -0.330
    16     19     17     18          -     16.500     -0.330
    17     20     18     19          -     17.500     -0.330
    18     21     19     20          -     18.500     -0.330
    19     22     20     21          -     19.500     -0.330
    20     23     21     22          -     20.500     -0.330
    21     24     22     23 1013127.750     21.500     -0.330
    22     25     23     24 -144899.344     22.500     -0.330
    23     26     24     25  92068.898     23.500     -0.330
    24     27     25     26 110316.891     24.500     -0.330
    25     28     26     27 -922428.500     25.500     -0.330
    26     29     27     28 -377055.219     26.500     -0.330
    27     30     28     29 -184583.141     27.500     -0.330
    28     31     29     30          -     28.500     -0.330
    29     32     30     31          -     29.500     -0.330
    30     33     31     32          -     30.500     -0.330
    31     34     32     33          -     31.500     -0.330
    32     35     33     34  12987.356     32.500     -0.330
    33     36     34     35 536552.938     33.500     -0.330
    34     37     35     36 665294.313     34.500     -0.330
    35     38     36     37 573175.813     35.500     -0.330
    36     39     37     38  92875.148     36.500     -0.330
    37     40     38     39 553105.750     37.500     -0.330
    38     41     39     40 -160368.625     38.500     -0.330
    39     42     40     41 -10779.257     39.500     -0.330
    40     43     41     42  64441.086     40.500     -0.330
    41     44     42     43 629265.500     41.500     -0.330
    42     45     43     44 1018603.060     42.500     -0.330
    43     46     44     45  80193.547     43.500     -0.330
    44     47     45     46          -     44.500     -0.330
    45     48     46     47          -     45.500     -0.330
     1      7      3      5          -      3.000     -0.660
     2      8      4      6          -      4.000     -0.660
     3      9      5      7          -      5.000     -0.660
     4     10      6      8          -      6.000     -0.660
     5     11      7      9          -      7.000     -0.660
     6     12      8     10          -      8.000     -0.660
     7     13      9     11          -      9.000     -0.660
     8     14     10     12          -     10.000     -0.660
     9     15     11     13          -     11.000     -0.660
    10     16     12     14          -     12.000     -0.660
    11     17     13     15          -     13.000     -0.660
    12     18     14     16          -     14.000     -0.660
    13     19     15     17          -     15.000     -0.660
    14     20     16     18          -     16.000     -0.660
    15     21     17     19          -     17.000     -0.660
    16     22     18     20          -     18.000     -0.660
    17     23     19     21          -     19.000     -0.660
    18     24     20     22          -     20.000     -0.660
    19     25     21     23          -     21.000     -0.660
    20     26     22     24 1735247.380     22.000     -0.660
    21     27     23     25 306538.500     23.000     -0.660
    22     28     24     26          -     24.000     -0.660
    23     29     25     27 -103113.797     25.000     -0.660
    24     30     26     28 852375.688     26.000     -0.660
    25     31     27     29 1244516.250     27.000     -0.660
    26     32     28     30          -     28.000     -0.660
    27     33     29     31 1318106.250     29.000     -0.660
    28     34     30     32 2087554.630     30.000     -0.660
    29     35     31     33 295556.125     31.000     -0.660
    30     36     32     34          -     32.000     -0.660
    31     37     33     35 -147478.672     33.000     -0.660
    32     38     34     36  84281.016     34.000     -0.660
    33     39     35     37  -2744.998     35.000     -0.660
    34     40     36     38  57392.727     36.000     -0.660
    35     41     37     39 107703.297     37.000     -0.660
    36     42     38     40 1174189.250     38.000     -0.660
    37     43     39     41  50960.215     39.000     -0.660
    38     44     40     42 -173073.359     40.000     -0.660
    39     45     41     43 1186190.630     41.000     -0.660
    40     46     42     44          -     42.000     -0.660
    41     47     43     45          -     43.000     -0.660
    42     48     44     46 1873120.130     44.000     -0.660
     1     10      4      7          -      4.500     -0.990
     2     11      5      8          -      5.500     -0.990
     3     12      6      9          -      6.500     -0.990
     4     13      7     10          -      7.500     -0.990
     5     14      8     11          -      8.500     -0.990
     6     15      9     12          -      9.500     -0.990
     7     16     10     13          -     10.500     -0.990
     8     17     11     14          -     11.500     -0.990
     9     18     12     15 1116708.380     12.500     -0.990
    10     19     13     16          -     13.500     -0.990
    11     20     14     17 892105.063     14.500     -0.990
    12     21     15     18          -     15.500     -0.990
    13     22     16     19          -     16.500     -0.990
    14     23     17     20          -     17.500     -0.990
    15     24     18     21          -     18.500     -0.990
    16     25     19     22          -     19.500     -0.990
    17     26     20     23          -     20.500     -0.990
    18     27     21     24          -     21.500     -0.990
    19     28     22     25 2479825.250     22.500     -0.990
    20     29     23     26 805220.688     23.500     -0.990
    21     30     24     27 2958224.750     24.500     -0.990
    22     31     25     28 3169383.750     25.500     -0.990
    23     32     26     29 1107992.750     26.500     -0.990
    24     33     27     30          -     27.500     -0.990
    25     34     28     31          -     28.500     -0.990
    26     35     29     32 597369.000     29.500     -0.990
    27     36     30     33          -     30.500     -0.990
    28     37     31     34 2633881.750     31.500     -0.990
    29     38     32     35 1846096.630     32.500     -0.990
    30     39     33     36          -     33.500     -0.990
    31     40     34     37 1813309.130     34.500     -0.990
    32     41     35     38 567122.625     35.500     -0.990
    33     42     36     39 1029901.690     36.500     -0.990
    34     43     37     40 -195974.531     37.500     -0.990
    35     44     38     41 -1472085.880     38.500     -0.990
    36     45     39     42 259558.734     39.500     -0.990
    37     46     40     43 1470624.250     40.500     -0.990
    38     47     41     44          -     41.500     -0.990
    39     48     42     45          -     42.500     -0.990
     1     13      5      9  86183.188      6.000     -1.320
     2     14      6     10          -      7.000     -1.320
     3     15      7     11          -      8.000     -1.320
     4     16      8     12          -      9.000     -1.320
     5     17      9     13          -     10.000     -1.320
     6     18     10     14 -1202979.130     11.000     -1.320
     7     19     11     15          -     12.000     -1.320
     8     20     12     16          -     13.000     -1.320
     9     21     13     17          -     14.000     -1.320
    10     22     14     18 2356642.750     15.000     -1.320
    11     23     15     19          -     16.000     -1.320
    12     24     16     20          -     17.000     -1.320
    13     25     17     21          -     18.000     -1.320
    14     26     18     22          -     19.000     -1.320
    15     27     19     23          -     20.000     -1.320
    16     28     20     24          -     21.000     -1.320
    17     29     21     25          -     22.000     -1.320
    18     30     22     26 4394022.000     23.000     -1.320
    19     31     23     27 928814.125     24.000     -1.320
    20     32     24     28 2262290.250     25.000     -1.320
    21     33     25     29 -1709543.000     26.000     -1.320
    22     34     26     30 2047071.880     27.000     -1.320
    23     35     27     31 3569872.750     28.000     -1.320
    24     36     28     32 616652.625     29.000     -1.320
    25     37     29     33 329682.500     30.000     -1.320
    26     38     30     34 976803.250     31.000     -1.320
    27     39     31     35 170629.516     32.000     -1.320
    28     40     32     36 813609.125     33.000     -1.320
    29     41     33     37 -442400.563     34.000     -1.320
    30     42     34     38 -2687228.000     35.000     -1.320
    31     43     35     39 2181836.250     36.000     -1.320
    32     44     36     40 1706985.000     37.000     -1.320
    33     45     37     41 -1962799.000     38.000     -1.320
    34     46     38     42 -2065145.630     39.000     -1.320
    35     47     39     43 3802320.750     40.000     -1.320
    36     48     40     44          -     41.000     -1.320
     1     16      6     11 3660649.500      7.500     -1.650
     2     17      7     12          -      8.500     -1.650
     3     18      8     13          -      9.500     -1.650
     4     19      9     14          -     10.500     -1.650
     5     20     10     15          -     11.500     -1.650
     6     21     11     16          -     12.500     -1.650
     7     22     12     17          -     13.500     -1.650
     8     23     13     18          -     14.500     -1.650
     9     24     14     19          -     15.500     -1.650
    10     25     15     20 4320720.000     16.500     -1.650
    11     26     16     21          -     17.500     -1.650
    12     27     17     22          -     18.500     -1.650
    13     28     18     23          -     19.500     -1.650
    14     29     19     24          -     20.500     -1.650
    15     30     20     25          -     21.500     -1.650
    16     31     21     26          -     22.500     -1.650
    17     32     22     27 4164185.000     23.500     -1.650
    18     33     23     28 -870319.438     24.500     -1.650
    19     34     24     29 3544273.250     25.500     -1.650
    20     35     25     30          -     26.500     -1.650
    21     36     26     31          -     27.500     -1.650
    22     37     27     32 1995513.750     28.500     -1.650
    23     38     28     33 -1749892.750     29.500     -1.650
    24     39     29     34 134423.594     30.500     -1.650
    25     40     30     35 984372.125     31.500     -1.650
    26     41     31     36 2696316.000     32.500     -1.650
    27     42     32     37 385205.719     33.500     -1.650
    28     43     33     38 -56353.887     34.500     -1.650
    29     44     34     39  56599.316     35.500     -1.650
    30     45     35     40 2601718.500     36.500     -1.650
    31     46     36     41 -183240.594     37.500     -1.650
    32     47     37     42 -1788196.130     38.500     -1.650
    33     48     38     43 695870.250     39.500     -1.650
     1     19      7     13          -      9.000     -1.980
     2     20      8     14          -     10.000     -1.980
     3     21      9     15          -     11.000     -1.980
     4     22     10     16 7210705.000     12.000     -1.980
     5     23     11     17          -     13.000     -1.980
     6     24     12     18          -     14.000     -1.980
     7     25     13     19          -     15.000     -1.980
     8     26     14     20          -     16.000     -1.980
     9     27     15     21          -     17.000     -1.980
    10     28     16     22          -     18.000     -1.980
    11     29     17     23          -     19.000     -1.980
    12     30     18     24          -     20.000     -1.980
    13     31     19     25          -     21.000     -1.980
    14     32     20     26          -     22.000     -1.980
    15     33     21     27          -     23.000     -1.980
    16     34     22     28 3801610.000     24.000     -1.980
    17     35     23     29 579804.000     25.000     -1.980
    18     36     24     30 1467926.880     26.000     -1.980
    19     37     25     31 -4644145.000     27.000     -1.980
    20     38     26     32 -6032854.500     28.000     -1.980
    21     39     27     33 -1602821.000     29.000     -1.980
    22     40     28     34 -279095.188     30.000     -1.980
    23     41     29     35   6115.588     31.000     -1.980
    24     42     30     36 -133241.844     32.000     -1.980
    25     43     31     37 1761695.750     33.000     -1.980
    26     44     32     38 3051954.750     34.000     -1.980
    27     45     33     39 109161.141     35.000     -1.980
    28     46     34     40 2819743.000     36.000     -1.980
    29     47     35     41 -763727.813     37.000     -1.980
    30     48     36     42          -     38.000     -1.980
     1     22      8     15 1871776.380     10.500     -2.310
     2     23      9     16 5446143.000     11.500     -2.310
     3     24     10     17          -     12.500     -2.310
     4     25     11     18          -     13.500     -2.310
     5     26     12     19          -     14.500     -2.310
     6     27     13     20          -     15.500     -2.310
     7     28     14     21          -     16.500     -2.310
     8     29     15     22          -     17.500     -2.310
     9     30     16     23          -     18.500     -2.310
    10     31     17     24          -     19.500     -2.310
    11     32     18     25          -     20.500     -2.310
    12     33     19     26          -     21.500     -2.310
    13     34     20     27          -     22.500     -2.310
    14     35     21     28          -     23.500     -2.310
    15     36     22     29 1100770.750     24.500     -2.310
    16     37     23     30          -     25.500     -2.310
    17     38     24     31 2498183.000     26.500     -2.310
    18     39     25     32          -     27.500     -2.310
    19     40     26     33 -742188.875     28.500     -2.310
    20     41     27     34 -2209517.250     29.500     -2.310
    21     42     28     35 2366825.750     30.500     -2.310
    22     43     29     36 2416723.000     31.500     -2.310
    23     44     30     37 -1087906.000     32.500     -2.310
    24     45     31     38 2049557.250     33.500     -2.310
    25     46     32     39 -612782.000     34.500     -2.310
    26     47     33     40 2648032.000     35.500     -2.310
    27     48     34     41 -977726.813     36.500     -2.310
     1     25      9     17 224847.281     12.000     -2.640
     2     26     10     18 3695335.750     13.000     -2.640
     3     27     11     19          -     14.000     -2.640
     4     28     12     20          -     15.000     -2.640
     5     29     13     21 8585280.000     16.000     -2.640
     6     30     14     22          -     17.000     -2.640
     7     31     15     23          -     18.000     -2.640
     8     32     16     24          -     19.000     -2.640
     9     33     17     25          -     20.000     -2.640
    10     34     18     26          -     21.000     -2.640
    11     35     19     27          -     22.000     -2.640
    12     36     20     28          -     23.000     -2.640
    13     37     21     29          -     24.000     -2.640
    14     38     22     30 3265855.750     25.000     -2.640
    15     39     23     31 -7209478.500     26.000     -2.640
    16     40     24     32 -1413107.500     27.000     -2.640
    17     41     25     33 -746210.688     28.000     -2.640
    18     42     26     34 -1699909.750     29.000     -2.640
    19     43     27     35 -3176400.500     30.000     -2.640
    20     44     28     36 -6373846.500     31.000     -2.640
    21     45     29     37 -5098020.000     32.000     -2.640
    22     46     30     38 430301.156     33.000     -2.640
    23     47     31     39          -     34.000     -2.640
    24     48     32     40 351251.656     35.000     -2.640
     1     28     10     19 -12804.314     13.500     -2.970
     2     29     11     20 4831775.000     14.500     -2.970
     3     30     12     21          -     15.500     -2.970
     4     31     13     22          -     16.500     -2.970
     5     32     14     23          -     17.500     -2.970
     6     33     15     24          -     18.500     -2.970
     7     34     16     25          -     19.500     -2.970
     8     35     17     26          -     20.500     -2.970
     9     36     18     27          -     21.500     -2.970
    10     37     19     28          -     22.500     -2.970
    11     38     20     29          -     23.500     -2.970
    12     39     21     30          -     24.500     -2.970
    13     40     22     31 -4432320.500     25.500     -2.970
    14     41     23     32 -7608451.000     26.500     -2.970
    15     42     24     33 4363055.500     27.500     -2.970
    16     43     25     34 -3691915.750     28.500     -2.970
    17     44     26     35 -1704425.880     29.500     -2.970
    18     45     27     36          -     30.500     -2.970
    19     46     28     37 486623.875     31.500     -2.970
    20     47     29     38 -281842.500     32.500     -2.970
    21     48     30     39          -     33.500     -2.970
     1     31     11     21          -     15.000     -3.300
     2     32     12     22          -     16.000     -3.300
     3     33     13     23          -     17.000     -3.300
     4     34     14     24          -     18.000     -3.300
     5     35     15     25          -     19.000     -3.300
     6     36     16     26          -     20.000     -3.300
     7     37     17     27          -     21.000     -3.300
     8     38     18     28          -     22.000     -3.300
     9     39     19     29          -     23.000     -3.300
    10     40     20     30          -     24.000     -3.300
    11     41     21     31          -     25.000     -3.300
    12     42     22     32 -2581853.000     26.000     -3.300
    13     43     23     33 -2126127.500     27.000     -3.300
    14     44     24     34 1685221.250     28.000     -3.300
    15     45     25     35 -5328437.000     29.000     -3.300
    16     46     26     36          -     30.000     -3.300
    17     47     27     37          -     31.000     -3.300
    18     48     28     38 -1158739.880     32.000     -3.300
     1     34     12     23 732212.938     16.500     -3.630
     2     35     13     24          -     17.500     -3.630
     3     36     14     25          -     18.500     -3.630
     4     37     15     26          -     19.500     -3.630
     5     38     16     27          -     20.500     -3.630
     6     39     17     28          -     21.500     -3.630
     7     40     18     29          -     22.500     -3.630
     8     41     19     30          -     23.500     -3.630
     9     42     20     31          -     24.500     -3.630
    10     43     21     32          -     25.500     -3.630
    11     44     22     33 3795238.750     26.500     -3.630
    12     45     23     34 -3921249.250     27.500     -3.630
    13     46     24     35 -664639.125     28.500     -3.630
    14     47     25     36          -     29.500     -3.630
    15     48     26     37 -6263474.000     30.500     -3.630
     1     37     13     25 695467.938     18.000     -3.960
     2     38     14     26          -     19.000     -3.960
     3     39     15     27          -     20.000     -3.960
     4     40     16     28          -     21.000     -3.960
     5     41     17     29          -     22.000     -3.960
     6     42     18     30          -     23.000     -3.960
     7     43     19     31          -     24.000     -3.960
     8     44     20     32          -     25.000     -3.960
     9     45     21     33          -     26.000     -3.960
    10     46     22     34 1012164.560     27.000     -3.960
    11     47     23     35 -5908787.500     28.000     -3.960
    12     48     24     36          -     29.000     -3.960
     1     40     14     27 987199.750     19.500     -4.290
     2     41     15     28          -     20.500     -4.290
     3     42     16     29          -     21.500     -4.290
     4     43     17     30          -     22.500     -4.290
     5     44     18     31          -     23.500     -4.290
     6     45     19     32          -     24.500     -4.290
     7     46     20     33          -     25.500     -4.290
     8     47     21     34          -     26.500     -4.290
     9     48     22     35 -3473342.250     27.500     -4.290
     1     43     15     29 1391975.380     21.000     -4.620
     2     44     16     30          -     22.000     -4.620
     3     45     17     31          -     23.000     -4.620
     4     46     18     32          -     24.000     -4.620
     5     47     19     33 2435925.000     25.000     -4.620
     6     48     20     34          -     26.000     -4.620
     1     46     16     31 9294667.000     22.500     -4.950
     2     47     17     32 9304109.000     23.500     -4.950
     3     48     18     33          -     24.500     -4.950
     1      2      4      3 659281.250      1.500     -0.585
     2      3      5      4          -      2.500     -0.585
     3      4      6      5          -      3.500     -0.585
     4      5      7      6 -1780478.750      4.500     -0.585
     5      6      8      7 -2847873.500      5.500     -0.585
     6      7      9      8 -3464966.250      6.500     -0.585
     7      8     10      9          -      7.500     -0.585
     8      9     11     10          -      8.500     -0.585
     9     10     12     11 3018688.250      9.500     -0.585
    10     11     13     12          -     10.500     -0.585
    11     12     14     13          -     11.500     -0.585
    12     13     15     14          -     12.500     -0.585
    13     14     16     15          -     13.500     -0.585
    14     15     17     16          -     14.500     -0.585
    15     16     18     17          -     15.500     -0.585
    16     17     19     18          -     16.500     -0.585
    17     18     20     19          -     17.500     -0.585
    18     19     21     20          -     18.500     -0.585
    19     20     22     21          -     19.500     -0.585
    20     21     23     22 -1920147.250     20.500     -0.585
    21     22     24     23 3172632.750     21.500     -0.585
    22     23     25     24 -584154.313     22.500     -0.585
    23     24     26     25  28898.877     23.500     -0.585
    24     25     27     26 255590.438     24.500     -0.585
    25     26     28     27 -2971404.750     25.500     -0.585
    26     27     29     28 -2764619.000     26.500     -0.585
    27     28     30     29 -3797554.250     27.500     -0.585
    28     29     31     30 1964189.500     28.500     -0.585
    29     30     32     31          -     29.500     -0.585
    30     31     33     32          -     30.500     -0.585
    31     32     34     33 1701638.630     31.500     -0.585
    32     33     35     34 549404.563     32.500     -0.585
    33     34     36     35 371374.313     33.500     -0.585
    34     35     37     36 1731487.380     34.500     -0.585
    35     36     38     37 194181.313     35.500     -0.585
    36     37     39     38 -273051.250     36.500     -0.585
    37     38     40     39 -72037.281     37.500     -0.585
    38     39     41     40 -694616.500     38.500     -0.585
    39     40     42     41 -40822.410     39.500     -0.585
    40     41     43     42 262447.438     40.500     -0.585
    41     42     44     43 -133943.281     41.500     -0.585
    42     43     45     44 919301.438     42.500     -0.585
    43     44     46     45 -1384325.630     43.500     -0.585
    44     45     47     46 -988536.313     44.500     -0.585
    45     46     48     47          -     45.500     -0.585
     1      2      5      4 -2962107.000      2.000     -0.780
     2      3      6      5          -      3.000     -0.780
     3      4      7      6          -      4.000     -0.780
     4      5      8      7          -      5.000     -0.780
     5      6      9      8          -      6.000     -0.780
     6      7     10      9          -      7.000     -0.780
     7      8     11     10          -      8.000     -0.780
     8      9     12     11 -4555546.500      9.000     -0.780
     9     10     13     12          -     10.000     -0.780
    10     11     14     13          -     11.000     -0.780
    11     12     15     14          -     12.000     -0.780
    12     13     16     15          -     13.000     -0.780
    13     14     17     16 5736317.000     14.000     -0.780
    14     15     18     17          -     15.000     -0.780
    15     16     19     18          -     16.000     -0.780
    16     17     20     19          -     17.000     -0.780
    17     18     21     20          -     18.000     -0.780
    18     19     22     21          -     19.000     -0.780
    19     20     23     22          -     20.000     -0.780
    20     21     24     23 5178538.000     21.000     -0.780
    21     22     25     24          -     22.000     -0.780
    22     23     26     25 135879.313     23.000     -0.780
    23     24     27     26    491.069     24.000     -0.780
    24     25     28     27 -2361031.000     25.000     -0.780
    25     26     29     28 12028594.000     26.000     -0.780
    26     27     30     29 13585423.000     27.000     -0.780
    27     28     31     30 7880522.500     28.000     -0.780
    28     29     32     31 -7211048.500     29.000     -0.780
    29     30     33     32          -     30.000     -0.780
    30     31     34     33 -7193588.500     31.000     -0.780
    31     32     35     34 -7172006.500     32.000     -0.780
    32     33     36     35 2030249.750     33.000     -0.780
    33     34     37     36 -577565.375     34.000     -0.780
    34     35     38     37 1509959.750     35.000     -0.780
    35     36     39     38 7894942.500     36.000     -0.780
    36     37     40     39 492642.313     37.000     -0.780
    37     38     41     40 380905.563     38.000     -0.780
    38     39     42     41 571537.688     39.000     -0.780
    39     40     43     42 -2504148.750     40.000     -0.780
    40     41     44     43 3224473.500     41.000     -0.780
    41     42     45     44 -1272312.000     42.000     -0.780
    42     43     46     45 -8188835.500     43.000     -0.780
    43     44     47     46 -13966334.000     44.000     -0.780
    44     45     48     47 2976508.250     45.000     -0.780
     1      2      6      5 11287105.000      2.500     -0.975
     2      3      7      6 -3147795.000      3.500     -0.975
     3      4      8      7          -      4.500     -0.975
     4      5      9      8          -      5.500     -0.975
     5      6     10      9 547958.250      6.500     -0.975
     6      7     11     10          -      7.500     -0.975
     7      8     12     11 -39359312.000      8.500     -0.975
     8      9     13     12 20094212.000      9.500     -0.975
     9     10     14     13 40802448.000     10.500     -0.975
    10     11     15     14          -     11.500     -0.975
    11     12     16     15          -     12.500     -0.975
    12     13     17     16          -     13.500     -0.975
    13     14     18     17 -36663012.000     14.500     -0.975
    14     15     19     18 -29021142.000     15.500     -0.975
    15     16     20     19          -     16.500     -0.975
    16     17     21     20          -     17.500     -0.975
    17     18     22     21          -     18.500     -0.975
    18     19     23     22 -18822134.000     19.500     -0.975
    19     20     24     23 1270174.880     20.500     -0.975
    20     21     25     24 -16062523.000     21.500     -0.975
    21     22     26     25 1794380.880     22.500     -0.975
    22     23     27     26 -271112.125     23.500     -0.975
    23     24     28     27 -33241.934     24.500     -0.975
    24     25     29     28  30422.982     25.500     -0.975
    25     26     30     29 -25608526.000     26.500     -0.975
    26     27     31     30 -18853384.000     27.500     -0.975
    27     28     32     31 25750102.000     28.500     -0.975
    28     29     33     32 1086156.130     29.500     -0.975
    29     30     34     33 12794370.000     30.500     -0.975
    30     31     35     34 17630582.000     31.500     -0.975
    31     32     36     35 1207558.630     32.500     -0.975
    32     33     37     36 -8251943.500     33.500     -0.975
    33     34     38     37 -5592425.500     34.500     -0.975
    34     35     39     38 -1992382.000     35.500     -0.975
    35     36     40     39 -2917797.000     36.500     -0.975
    36     37     41     40 -4054737.750     37.500     -0.975
    37     38     42     41 -85248.406     38.500     -0.975
    38     39     43     42 7784537.500     39.500     -0.975
    39     40     44     43 -7390886.500     40.500     -0.975
    40     41     45     44 -7841419.500     41.500     -0.975
    41     42     46     45 -374454.938     42.500     -0.975
    42     43     47     46 6236368.500     43.500     -0.975
    43     44     48     47 30179456.000     44.500     -0.975
     1      2      7      6 7765177.000      3.000     -1.170
     2      3      8      7   9051.558      4.000     -1.170
     3      4      9      8          -      5.000     -1.170
     4      5     10      9          -      6.000     -1.170
     5      6     11     10          -      7.000     -1.170
     6      7     12     11          -      8.000     -1.170
     7      8     13     12 -14786961.000      9.000     -1.170
     8      9     14     13          -     10.000     -1.170
     9     10     15     14 -53681692.000     11.000     -1.170
    10     11     16     15          -     12.000     -1.170
    11     12     17     16 68502200.000     13.000     -1.170
    12     13     18     17          -     14.000     -1.170
    13     14     19     18 -35799576.000     15.000     -1.170
    14     15     20     19          -     16.000     -1.170
    15     16     21     20          -     17.000     -1.170
    16     17     22     21          -     18.000     -1.170
    17     18     23     22 59337152.000     19.000     -1.170
    18     19     24     23 37064900.000     20.000     -1.170
    19     20     25     24 311236.344     21.000     -1.170
    20     21     26     25 4075960.250     22.000     -1.170
    21     22     27     26 -3866462.500     23.000     -1.170
    22     23     28     27 338021.563     24.000     -1.170
    23     24     29     28 -97955.500     25.000     -1.170
    24     25     30     29 -16989206.000     26.000     -1.170
    25     26     31     30 35203452.000     27.000     -1.170
    26     27     32     31 -16022198.000     28.000     -1.170
    27     28     33     32 26444786.000     29.000     -1.170
    28     29     34     33 -173012.531     30.000     -1.170
    29     30     35     34 -17557330.000     31.000     -1.170
    30     31     36     35          -     32.000     -1.170
    31     32     37     36 -13193620.000     33.000     -1.170
    32     33     38     37 -12684711.000     34.000     -1.170
    33     34     39     38 10096633.000     35.000     -1.170
    34     35     40     39 -1197335.630     36.000     -1.170
    35     36     41     40 13585978.000     37.000     -1.170
    36     37     42     41 2886123.500     38.000     -1.170
    37     38     43     42 -1098150.750     39.000     -1.170
    38     39     44     43 18809796.000     40.000     -1.170
    39     40     45     44 18692024.000     41.000     -1.170
    40     41     46     45 30856028.000     42.000     -1.170
    41     42     47     46 -5738265.000     43.000     -1.170
    42     43     48     47 13118017.000     44.000     -1.170
     1      2      8      7 7138228.000      3.500     -1.365
     2      3      9      8          -      4.500     -1.365
     3      4     10      9 103169264.000      5.500     -1.365
     4      5     11     10 -18364374.000      6.500     -1.365
     5      6     12     11          -      7.500     -1.365
     6      7     13     12 -64897004.000      8.500     -1.365
     7      8     14     13 30045132.000      9.500     -1.365
     8      9     15     14 37600948.000     10.500     -1.365
     9     10     16     15 -22362022.000     11.500     -1.365
    10     11     17     16 -74020936.000     12.500     -1.365
    11     12     18     17          -     13.500     -1.365
    12     13     19     18          -     14.500     -1.365
    13     14     20     19          -     15.500     -1.365
    14     15     21     20          -     16.500     -1.365
    15     16     22     21          -     17.500     -1.365
    16     17     23     22 -60831984.000     18.500     -1.365
    17     18     24     23 62973744.000     19.500     -1.365
    18     19     25     24 -81365144.000     20.500     -1.365
    19     20     26     25 4994071.000     21.500     -1.365
    20     21     27     26 -5709606.000     22.500     -1.365
    21     22     28     27 5195983.000     23.500     -1.365
    22     23     29     28 -460662.281     24.500     -1.365
    23     24     30     29 -2927793.500     25.500     -1.365
    24     25     31     30 16785064.000     26.500     -1.365
    25     26     32     31 51902036.000     27.500     -1.365
    26     27     33     32 -43233476.000     28.500     -1.365
    27     28     34     33 -3987345.750     29.500     -1.365
    28     29     35     34 1444989.880     30.500     -1.365
    29     30     36     35          -     31.500     -1.365
    30     31     37     36          -     32.500     -1.365
    31     32     38     37 34012704.000     33.500     -1.365
    32     33     39     38 -15985947.000     34.500     -1.365
    33     34     40     39 -767684.188     35.500     -1.365
    34     35     41     40 2581356.500     36.500     -1.365
    35     36     42     41 -6388530.000     37.500     -1.365
    36     37     43     42 7003978.500     38.500     -1.365
    37     38     44     43 -4135011.000     39.500     -1.365
    38     39     45     44 9074377.000     40.500     -1.365
    39     40     46     45 -53935392.000     41.500     -1.365
    40     41     47     46 7505621.000     42.500     -1.365
    41     42     48     47 8635930.000     43.500     -1.365
     1      3      9      7          -      4.000     -1.560
     2      4     10      8          -      5.000     -1.560
     3      5     11      9          -      6.000     -1.560
     4      6     12     10          -      7.000     -1.560
     5      7     13     11          -      8.000     -1.560
     6      8     14     12          -      9.000     -1.560
     7      9     15     13 31692324.000     10.000     -1.560
     8     10     16     14 -2886080.250     11.000     -1.560
     9     11     17     15          -     12.000     -1.560
    10     12     18     16          -     13.000     -1.560
    11     13     19     17 -23006898.000     14.000     -1.560
    12     14     20     18          -     15.000     -1.560
    13     15     21     19 -3989952.500     16.000     -1.560
    14     16     22     20          -     17.000     -1.560
    15     17     23     21          -     18.000     -1.560
    16     18     24     22 18754646.000     19.000     -1.560
    17     19     25     23 125895.445     20.000     -1.560
    18     20     26     24 -7954741.500     21.000     -1.560
    19     21     27     25 298399.063     22.000     -1.560
    20     22     28     26 -334670.188     23.000     -1.560
    21     23     29     27 378595.656     24.000     -1.560
    22     24     30     28 -689916.688     25.000     -1.560
    23     25     31     29 -797371.813     26.000     -1.560
    24     26     32     30 28939614.000     27.000     -1.560
    25     27     33     31 157128.594     28.000     -1.560
    26     28     34     32 2071311.750     29.000     -1.560
    27     29     35     33 -1247803.880     30.000     -1.560
    28     30     36     34          -     31.000     -1.560
    29     31     37     35 3627366.750     32.000     -1.560
    30     32     38     36          -     33.000     -1.560
    31     33     39     37 -10799894.000     34.000     -1.560
    32     34     40     38 -34469.059     35.000     -1.560
    33     35     41     39  95341.828     36.000     -1.560
    34     36     42     40 3683956.500     37.000     -1.560
    35     37     43     41 -7365445.500     38.000     -1.560
    36     38     44     42 4427722.000     39.000     -1.560
    37     39     45     43 6109846.000     40.000     -1.560
    38     40     46     44 922868.250     41.000     -1.560
    39     41     47     45 1905710.880     42.000     -1.560
    40     42     48     46 -8603842.000     43.000     -1.560
     1      3     11      9          -      5.000     -1.950
     2      4     12     10 -11660372.000      6.000     -1.950
     3      5     13     11          -      7.000     -1.950
     4      6     14     12 34871260.000      8.000     -1.950
     5      7     15     13 19897232.000      9.000     -1.950
     6      8     16     14          -     10.000     -1.950
     7      9     17     15 42174052.000     11.000     -1.950
     8     10     18     16          -     12.000     -1.950
     9     11     19     17          -     13.000     -1.950
    10     12     20     18          -     14.000     -1.950
    11     13     21     19          -     15.000     -1.950
    12     14     22     20          -     16.000     -1.950
    13     15     23     21          -     17.000     -1.950
    14     16     24     22 1936760.880     18.000     -1.950
    15     17     25     23 -5023200.500     19.000     -1.950
    16     18     26     24 -15581801.000     20.000     -1.950
    17     19     27     25 363570.063     21.000     -1.950
    18     20     28     26 -1735700.250     22.000     -1.950
    19     21     29     27 -1005227.560     23.000     -1.950
    20     22     30     28 1210461.380     24.000     -1.950
    21     23     31     29 10153641.000     25.000     -1.950
    22     24     32     30 5224258.000     26.000     -1.950
    23     25     33     31 2093382.630     27.000     -1.950
    24     26     34     32 5705565.500     28.000     -1.950
    25     27     35     33 -61395.617     29.000     -1.950
    26     28     36     34 -23901606.000     30.000     -1.950
    27     29     37     35 -3290901.500     31.000     -1.950
    28     30     38     36          -     32.000     -1.950
    29     31     39     37 22226568.000     33.000     -1.950
    30     32     40     38 -49955780.000     34.000     -1.950
    31     33     41     39 -2602255.500     35.000     -1.950
    32     34     42     40 -727578.625     36.000     -1.950
    33     35     43     41 -1468073.380     37.000     -1.950
    34     36     44     42 -35075216.000     38.000     -1.950
    35     37     45     43 -13584024.000     39.000     -1.950
    36     38     46     44 13652672.000     40.000     -1.950
    37     39     47     45 15788019.000     41.000     -1.950
    38     40     48     46 17138748.000     42.000     -1.950
     1      3     13     11 -93013128.000      6.000     -2.340
     2      4     14     12 74082640.000      7.000     -2.340
     3      5     15     13          -      8.000     -2.340
     4      6     16     14          -      9.000     -2.340
     5      7     17     15 118158784.000     10.000     -2.340
     6      8     18     16 120187816.000     11.000     -2.340
     7      9     19     17 -126789000.000     12.000     -2.340
     8     10     20     18 113929648.000     13.000     -2.340
     9     11     21     19          -     14.000     -2.340
    10     12     22     20          -     15.000     -2.340
    11     13     23     21          -     16.000     -2.340
    12     14     24     22 87566688.000     17.000     -2.340
    13     15     25     23 -5380463.000     18.000     -2.340
    14     16     26     24 -6377333.000     19.000     -2.340
    15     17     27     25 446613.844     20.000     -2.340
    16     18     28     26 -3096484.500     21.000     -2.340
    17     19     29     27 -869793.938     22.000     -2.340
    18     20     30     28 -10557893.000     23.000     -2.340
    19     21     31     29 10405121.000     24.000     -2.340
    20     22     32     30 26275646.000     25.000     -2.340
    21     23     33     31 -20683844.000     26.000     -2.340
    22     24     34     32 -7006260.000     27.000     -2.340
    23     25     35     33  57503.219     28.000     -2.340
    24     26     36     34 -16312565.000     29.000     -2.340
    25     27     37     35 -309527.813     30.000     -2.340
    26     28     38     36 23501754.000     31.000     -2.340
    27     29     39     37 21553156.000     32.000     -2.340
    28     30     40     38 82871600.000     33.000     -2.340
    29     31     41     39 2386911.750     34.000     -2.340
    30     32     42     40 -8762993.000     35.000     -2.340
    31     33     43     41 24528930.000     36.000     -2.340
    32     34     44     42 25236464.000     37.000     -2.340
    33     35     45     43 -932786.188     38.000     -2.340
    34     36     46     44 -61927560.000     39.000     -2.340
    35     37     47     45 -24594360.000     40.000     -2.340
    36     38     48     46 -27371932.000     41.000     -2.340
     1      3     15     13 215182448.000      7.000     -2.730
     2      4     16     14 76839144.000      8.000     -2.730
     3      5     17     15          -      9.000     -2.730
     4      6     18     16 -81298720.000     10.000     -2.730
     5      7     19     17 -30674420.000     11.000     -2.730
     6      8     20     18 -94774440.000     12.000     -2.730
     7      9     21     19 100216496.000     13.000     -2.730
     8     10     22     20          -     14.000     -2.730
     9     11     23     21          -     15.000     -2.730
    10     12     24     22 23255642.000     16.000     -2.730
    11     13     25     23 28426388.000     17.000     -2.730
    12     14     26     24 -66269300.000     18.000     -2.730
    13     15     27     25 1450531.750     19.000     -2.730
    14     16     28     26 -4512993.000     20.000     -2.730
    15     17     29     27 -997874.750     21.000     -2.730
    16     18     30     28 -19681832.000     22.000     -2.730
    17     19     31     29 19323886.000     23.000     -2.730
    18     20     32     30 100844296.000     24.000     -2.730
    19     21     33     31 -15063862.000     25.000     -2.730
    20     22     34     32 -54952728.000     26.000     -2.730
    21     23     35     33 282234.406     27.000     -2.730
    22     24     36     34 -400803.250     28.000     -2.730
    23     25     37     35 603783.813     29.000     -2.730
    24     26     38     36 16706932.000     30.000     -2.730
    25     27     39     37 -3463728.750     31.000     -2.730
    26     28     40     38 32587096.000     32.000     -2.730
    27     29     41     39 -2007859.750     33.000     -2.730
    28     30     42     40 -1918850.880     34.000     -2.730
    29     31     43     41 -21054370.000     35.000     -2.730
    30     32     44     42 53478932.000     36.000     -2.730
    31     33     45     43 39763608.000     37.000     -2.730
    32     34     46     44 -14841584.000     38.000     -2.730
    33     35     47     45 17829838.000     39.000     -2.730
    34     36     48     46 91121800.000     40.000     -2.730
     1      4     16     13 80441760.000      7.500     -2.925
     2      5     17     14          -      8.500     -2.925
     3      6     18     15          -      9.500     -2.925
     4      7     19     16          -     10.500     -2.925
     5      8     20     17 -12261187.000     11.500     -2.925
     6      9     21     18          -     12.500     -2.925
     7     10     22     19          -     13.500     -2.925
     8     11     23     20 39033176.000     14.500     -2.925
     9     12     24     21 51085816.000     15.500     -2.925
    10     13     25     22 -11795475.000     16.500     -2.925
    11     14     26     23 7454568.000     17.500     -2.925
    12     15     27     24 -23772704.000     18.500     -2.925
    13     16     28     25 2606192.250     19.500     -2.925
    14     17     29     26 -3854843.500     20.500     -2.925
    15     18     30     27 -7716879.500     21.500     -2.925
    16     19     31     28 6585657.500     22.500     -2.925
    17     20     32     29 28168756.000     23.500     -2.925
    18     21     33     30 8515002.000     24.500     -2.925
    19     22     34     31 -7096467.500     25.500     -2.925
    20     23     35     32 -25331558.000     26.500     -2.925
    21     24     36     33 3298325.500     27.500     -2.925
    22     25     37     34 -680463.125     28.500     -2.925
    23     26     38     35 -9547618.000     29.500     -2.925
    24     27     39     36 -7047893.500     30.500     -2.925
    25     28     40     37 19100408.000     31.500     -2.925
    26     29     41     38 100837.586     32.500     -2.925
    27     30     42     39 10406424.000     33.500     -2.925
    28     31     43     40 9494736.000     34.500     -2.925
    29     32     44     41 -24226006.000     35.500     -2.925
    30     33     45     42 66439076.000     36.500     -2.925
    31     34     46     43 40212812.000     37.500     -2.925
    32     35     47     44 49173704.000     38.500     -2.925
    33     36     48     45 -2889727.500     39.500     -2.925
     1      4     19     16          -      9.000     -3.510
     2      5     20     17 12554819.000     10.000     -3.510
     3      6     21     18          -     11.000     -3.510
     4      7     22     19          -     12.000     -3.510
     5      8     23     20          -     13.000     -3.510
     6      9     24     21          -     14.000     -3.510
     7     10     25     22 78652992.000     15.000     -3.510
     8     11     26     23 4467947.000     16.000     -3.510
     9     12     27     24 -78713720.000     17.000     -3.510
    10     13     28     25 4270762.000     18.000     -3.510
    11     14     29     26 -7268623.000     19.000     -3.510
    12     15     30     27 -10863300.000     20.000     -3.510
    13     16     31     28 14661936.000     21.000     -3.510
    14     17     32     29 51946396.000     22.000     -3.510
    15     18     33     30 13541661.000     23.000     -3.510
    16     19     34     31 -13775310.000     24.000     -3.510
    17     20     35     32 -52862248.000     25.000     -3.510
    18     21     36     33 6001638.500     26.000     -3.510
    19     22     37     34 569128.813     27.000     -3.510
    20     23     38     35 2978759.500     28.000     -3.510
    21     24     39     36 -8002580.000     29.000     -3.510
    22     25     40     37 3903140.000     30.000     -3.510
    23     26     41     38 36066344.000     31.000     -3.510
    24     27     42     39 828259.875     32.000     -3.510
    25     28     43     40 -23029188.000     33.000     -3.510
    26     29     44     41 -11468529.000     34.000     -3.510
    27     30     45     42 -120359928.000     35.000     -3.510
    28     31     46     43 -87396600.000     36.000     -3.510
    29     32     47     44 -117044744.000     37.000     -3.510
    30     33     48     45 22687984.000     38.000     -3.510
     1      4     22     19          -     10.500     -4.095
     2      5     23     20          -     11.500     -4.095
     3      6     24     21 312579648.000     12.500     -4.095
     4      7     25     22 148768800.000     13.500     -4.095
     5      8     26     23 -41876824.000     14.500     -4.095
     6      9     27     24 -1284659.750     15.500     -4.095
     7     10     28     25 4541415.500     16.500     -4.095
     8     11     29     26 -8419363.000     17.500     -4.095
     9     12     30     27 -18747448.000     18.500     -4.095
    10     13     31     28 25731118.000     19.500     -4.095
    11     14     32     29 83238936.000     20.500     -4.095
    12     15     33     30 22355808.000     21.500     -4.095
    13     16     34     31 -28768302.000     22.500     -4.095
    14     17     35     32 -85896672.000     23.500     -4.095
    15     18     36     33 9408964.000     24.500     -4.095
    16     19     37     34 -950828.000     25.500     -4.095
    17     20     38     35 -1651900.630     26.500     -4.095
    18     21     39     36 -9750930.000     27.500     -4.095
    19     22     40     37 4298983.000     28.500     -4.095
    20     23     41     38 -8598896.000     29.500     -4.095
    21     24     42     39 2386303.000     30.500     -4.095
    22     25     43     40 -5058717.500     31.500     -4.095
    23     26     44     41 -10673303.000     32.500     -4.095
    24     27     45     42 12212216.000     33.500     -4.095
    25     28     46     43 -18972364.000     34.500     -4.095
    26     29     47     44 1447963.750     35.500     -4.095
    27     30     48     45 -43925400.000     36.500     -4.095
     1      5     25     21          -     12.000     -4.680
     2      6     26     22 162147952.000     13.000     -4.680
     3      7     27     23 846691.938     14.000     -4.680
     4      8     28     24 4197721.000     15.000     -4.680
     5      9     29     25 -568155.750     16.000     -4.680
     6     10     30     26 -19430864.000     17.000     -4.680
     7     11     31     27 13822199.000     18.000     -4.680
     8     12     32     28 48369528.000     19.000     -4.680
     9     13     33     29 1836263.500     20.000     -4.680
    10     14     34     30 15469741.000     21.000     -4.680
    11     15     35     31 -13942339.000     22.000     -4.680
    12     16     36     32 -69942792.000     23.000     -4.680
    13     17     37     33 2200029.750     24.000     -4.680
    14     18     38     34 -1833579.250     25.000     -4.680
    15     19     39     35 -1672302.380     26.000     -4.680
    16     20     40     36 6290610.000     27.000     -4.680
    17     21     41     37 984957.188     28.000     -4.680
    18     22     42     38 -4201626.500     29.000     -4.680
    19     23     43     39 399856.406     30.000     -4.680
    20     24     44     40 -337361.813     31.000     -4.680
    21     25     45     41 13813529.000     32.000     -4.680
    22     26     46     42 -33403390.000     33.000     -4.680
    23     27     47     43 -2661511.000     34.000     -4.680
    24     28     48     44 9600215.000     35.000     -4.680
     1      5     29     25 -23764846.000     14.000     -5.460
     2      6     30     26 -21481670.000     15.000     -5.460
     3      7     31     27 21641770.000     16.000     -5.460
     4      8     32     28 60112972.000     17.000     -5.460
     5      9     33     29 2239508.250     18.000     -5.460
     6     10     34     30 26378956.000     19.000     -5.460
     7     11     35     31 -21450500.000     20.000     -5.460
     8     12     36     32 -81267096.000     21.000     -5.460
     9     13     37     33 3095183.750     22.000     -5.460
    10     14     38     34 -1673561.630     23.000     -5.460
    11     15     39     35 -1365729.630     24.000     -5.460
    12     16     40     36 8965527.000     25.000     -5.460
    13     17     41     37 -4265552.500     26.000     -5.460
    14     18     42     38 3247740.750     27.000     -5.460
    15     19     43     39 3871744.000     28.000     -5.460
    16     20     44     40 -9291463.000     29.000     -5.460
    17     21     45     41 -711352.125     30.000     -5.460
    18     22     46     42 8407287.000     31.000     -5.460
    19     23     47     43 9785868.000     32.000     -5.460
    20     24     48     44 19124356.000     33.000     -5.460
     1      6     31     26 -14944172.000     15.000     -5.850
     2      7     32     27 4441665.500     16.000     -5.850
     3      8     33     28 -2670620.250     17.000     -5.850
     4      9     34     29 4092817.250     18.000     -5.850
     5     10     35     30 18732326.000     19.000     -5.850
     6     11     36     31 -11076908.000     20.000     -5.850
     7     12     37     32 -68068936.000     21.000     -5.850
     8     13     38     33 465828.438     22.000     -5.850
     9     14     39     34 -2708055.500     23.000     -5.850
    10     15     40     35 11398084.000     24.000     -5.850
    11     16     41     36 -3586764.250     25.000     -5.850
    12     17     42     37 324362.719     26.000     -5.850
    13     18     43     38 823931.813     27.000     -5.850
    14     19     44     39 7423623.500     28.000     -5.850
    15     20     45     40 -13254104.000     29.000     -5.850
    16     21     46     41 -6342772.500     30.000     -5.850
    17     22     47     42 8027204.500     31.000     -5.850
    18     23     48     43 19772178.000     32.000     -5.850
     1      6     36     31 27639670.000     17.500     -6.825
     2      7     37     32 -11245528.000     18.500     -6.825
     3      8     38     33 2224233.750     19.500     -6.825
     4      9     39     34 -627672.750     20.500     -6.825
     5     10     40     35 18985286.000     21.500     -6.825
     6     11     41     36 -6536102.500     22.500     -6.825
     7     12     42     37 3175638.750     23.500     -6.825
     8     13     43     38 1659697.500     24.500     -6.825
     9     14     44     39 13445549.000     25.500     -6.825
    10     15     45     40 -20260490.000     26.500     -6.825
    11     16     46     41 -7510730.500     27.500     -6.825
    12     17     47     42 2508217.000     28.500     -6.825
    13     18     48     43 53891288.000     29.500     -6.825
     1      7     37     31 19789782.000     18.000     -7.020
     2      8     38     32 -7776089.500     19.000     -7.020
     3      9     39     33 1897412.630     20.000     -7.020
     4     10     40     34 7689131.000     21.000     -7.020
     5     11     41     35 -2403161.500     22.000     -7.020
     6     12     42     36 -1952943.500     23.000     -7.020
     7     13     43     37 603261.563     24.000     -7.020
     8     14     44     38 5581583.500     25.000     -7.020
     9     15     45     39 2208046.000     26.000     -7.020
    10     16     46     40 -18783852.000     27.000     -7.020
    11     17     47     41 2554825.250     28.000     -7.020
    12     18     48     42 31983224.000     29.000     -7.020
     1      7     43     37 33712424.000     21.000     -8.190
     2      8     44     38 1473523.250     22.000     -8.190
     3      9     45     39 -179948.969     23.000     -8.190
     4     10     46     40 -22932252.000     24.000     -8.190
     5     11     47     41 7518114.000     25.000     -8.190
     6     12     48     42 39102916.000     26.000     -8.190
     1     10     46     37 -6028675.000     22.500     -8.775
     2     11     47     38 -11656483.000     23.500     -8.775
     3     12     48     39 16011085.000     24.500     -8.775
