48# Number of electrodes
# x z
0.000     0.000
1.000     0.000
2.000     0.000
3.000     0.000
4.000     0.000
5.000     0.000
6.000     0.000
7.000     0.000
8.000     0.000
9.000     0.000
10.000     0.000
11.000     0.000
12.000     0.000
13.000     0.000
14.000     0.000
15.000     0.000
16.000     0.000
17.000     0.000
18.000     0.000
19.000     0.000
20.000     0.000
21.000     0.000
22.000     0.000
23.000     0.000
24.000     0.000
25.000     0.000
26.000     0.000
27.000     0.000
28.000     0.000
29.000     0.000
30.000     0.000
31.000     0.000
32.000     0.000
33.000     0.000
34.000     0.000
35.000     0.000
36.000     0.000
37.000     0.000
38.000     0.000
39.000     0.000
40.000     0.000
41.000     0.000
42.000     0.000
43.000     0.000
44.000     0.000
45.000     0.000
46.000     0.000
47.000     0.000
909# Number of data
# a   b   m   n      rhoa      x      z
     1      4      2      3   1566.877      1.500     -0.330
     2      5      3      4   1945.213      2.500     -0.330
     3      6      4      5   2201.783      3.500     -0.330
     4      7      5      6   2448.551      4.500     -0.330
     5      8      6      7   2848.455      5.500     -0.330
     6      9      7      8   2819.901      6.500     -0.330
     7     10      8      9   4351.489      7.500     -0.330
     8     11      9     10   4549.522      8.500     -0.330
     9     12     10     11   6191.917      9.500     -0.330
    10     13     11     12   5890.917     10.500     -0.330
    11     14     12     13   5810.667     11.500     -0.330
    12     15     13     14   5887.083     12.500     -0.330
    13     16     14     15   6536.654     13.500     -0.330
    14     17     15     16   6398.147     14.500     -0.330
    15     18     16     17   7022.027     15.500     -0.330
    16     19     17     18   5974.118     16.500     -0.330
    17     20     18     19   5848.974     17.500     -0.330
    18     21     19     20   4983.994     18.500     -0.330
    19     22     20     21   4745.445     19.500     -0.330
    20     23     21     22   3656.346     20.500     -0.330
    21     24     22     23   3755.477     21.500     -0.330
    22     25     23     24   3788.763     22.500     -0.330
    23     26     24     25   4099.118     23.500     -0.330
    24     27     25     26   4482.851     24.500     -0.330
    25     28     26     27   4980.439     25.500     -0.330
    26     29     27     28   5239.958     26.500     -0.330
    27     30     28     29   4803.822     27.500     -0.330
    28     31     29     30   4695.561     28.500     -0.330
    29     32     30     31   3870.218     29.500     -0.330
    30     33     31     32   3409.632     30.500     -0.330
    31     34     32     33   2930.260     31.500     -0.330
    32     35     33     34   2385.287     32.500     -0.330
    33     36     34     35   1721.324     33.500     -0.330
    34     37     35     36   2688.400     34.500     -0.330
    35     38     36     37   1445.377     35.500     -0.330
    36     39     37     38   2066.909     36.500     -0.330
    37     40     38     39   1525.812     37.500     -0.330
    38     41     39     40   1958.747     38.500     -0.330
    39     42     40     41   1701.012     39.500     -0.330
    40     43     41     42   2433.278     40.500     -0.330
    41     44     42     43   2524.740     41.500     -0.330
    42     45     43     44   2655.428     42.500     -0.330
    43     46     44     45   3121.170     43.500     -0.330
    44     47     45     46   3586.502     44.500     -0.330
    45     48     46     47   4466.923     45.500     -0.330
     1      7      3      5   2175.974      3.000     -0.660
     2      8      4      6   2837.641      4.000     -0.660
     3      9      5      7   3177.368      5.000     -0.660
     4     10      6      8   3665.267      6.000     -0.660
     5     11      7      9   3866.593      7.000     -0.660
     6     12      8     10   4779.585      8.000     -0.660
     7     13      9     11   5852.642      9.000     -0.660
     8     14     10     12   6470.799     10.000     -0.660
     9     15     11     13   6388.012     11.000     -0.660
    10     16     12     14   6519.439     12.000     -0.660
    11     17     13     15   6807.714     13.000     -0.660
    12     18     14     16   6999.180     14.000     -0.660
    13     19     15     17   7389.598     15.000     -0.660
    14     20     16     18   6846.167     16.000     -0.660
    15     21     17     19   6281.797     17.000     -0.660
    16     22     18     20   6041.357     18.000     -0.660
    17     23     19     21   5659.181     19.000     -0.660
    18     24     20     22   4853.409     20.000     -0.660
    19     25     21     23   4588.114     21.000     -0.660
    20     26     22     24   4632.852     22.000     -0.660
    21     27     23     25   4553.575     23.000     -0.660
    22     28     24     26   4438.834     24.000     -0.660
    23     29     25     27   4677.708     25.000     -0.660
    24     30     26     28   5117.912     26.000     -0.660
    25     31     27     29   5323.532     27.000     -0.660
    26     32     28     30   4817.439     28.000     -0.660
    27     33     29     31   4451.272     29.000     -0.660
    28     34     30     32   4304.227     30.000     -0.660
    29     35     31     33   4276.681     31.000     -0.660
    30     36     32     34   3446.835     32.000     -0.660
    31     37     33     35   2926.519     33.000     -0.660
    32     38     34     36   2883.767     34.000     -0.660
    33     39     35     37   2886.717     35.000     -0.660
    34     40     36     38   1927.299     36.000     -0.660
    35     41     37     39   2117.211     37.000     -0.660
    36     42     38     40   2313.064     38.000     -0.660
    37     43     39     41   2139.286     39.000     -0.660
    38     44     40     42   2547.085     40.000     -0.660
    39     45     41     43   2757.255     41.000     -0.660
    40     46     42     44   2992.982     42.000     -0.660
    41     47     43     45   3319.656     43.000     -0.660
    42     48     44     46   4160.700     44.000     -0.660
     1     10      4      7   2912.247      4.500     -0.990
     2     11      5      8   2766.144      5.500     -0.990
     3     12      6      9   3133.135      6.500     -0.990
     4     13      7     10   3808.032      7.500     -0.990
     5     14      8     11   5216.780      8.500     -0.990
     6     15      9     12   5970.429      9.500     -0.990
     7     16     10     13   6227.792     10.500     -0.990
     8     17     11     14   5314.519     11.500     -0.990
     9     18     12     15   5357.490     12.500     -0.990
    10     19     13     16   5638.023     13.500     -0.990
    11     20     14     17   6177.703     14.500     -0.990
    12     21     15     18   6145.006     15.500     -0.990
    13     22     16     19   6133.078     16.500     -0.990
    14     23     17     20   5584.028     17.500     -0.990
    15     24     18     21   5467.619     18.500     -0.990
    16     25     19     22   5117.747     19.500     -0.990
    17     26     20     23   4803.728     20.500     -0.990
    18     27     21     24   4393.992     21.500     -0.990
    19     28     22     25   4299.718     22.500     -0.990
    20     29     23     26   4100.887     23.500     -0.990
    21     30     24     27   4099.812     24.500     -0.990
    22     31     25     28   4429.813     25.500     -0.990
    23     32     26     29   4407.192     26.500     -0.990
    24     33     27     30   4313.253     27.500     -0.990
    25     34     28     31   3971.140     28.500     -0.990
    26     35     29     32   3727.792     29.500     -0.990
    27     36     30     33   3237.479     30.500     -0.990
    28     37     31     34   3393.550     31.500     -0.990
    29     38     32     35   3000.497     32.500     -0.990
    30     39     33     36   3071.467     33.500     -0.990
    31     40     34     37   2746.689     34.500     -0.990
    32     41     35     38   2758.322     35.500     -0.990
    33     42     36     39   2201.390     36.500     -0.990
    34     43     37     40   2204.346     37.500     -0.990
    35     44     38     41   2178.281     38.500     -0.990
    36     45     39     42   2504.320     39.500     -0.990
    37     46     40     43   2567.034     40.500     -0.990
    38     47     41     44   2947.105     41.500     -0.990
    39     48     42     45   3049.504     42.500     -0.990
     1     13      5      9   2296.664      6.000     -1.320
     2     14      6     10   3011.376      7.000     -1.320
     3     15      7     11   4012.967      8.000     -1.320
     4     16      8     12   4486.098      9.000     -1.320
     5     17      9     13   4490.481     10.000     -1.320
     6     18     10     14   4754.537     11.000     -1.320
     7     19     11     15   4300.444     12.000     -1.320
     8     20     12     16   4013.133     13.000     -1.320
     9     21     13     17   4088.205     14.000     -1.320
    10     22     14     18   4416.225     15.000     -1.320
    11     23     15     19   5114.438     16.000     -1.320
    12     24     16     20   5065.321     17.000     -1.320
    13     25     17     21   4691.776     18.000     -1.320
    14     26     18     22   4363.605     19.000     -1.320
    15     27     19     23   4187.513     20.000     -1.320
    16     28     20     24   3854.029     21.000     -1.320
    17     29     21     25   3559.900     22.000     -1.320
    18     30     22     26   3486.715     23.000     -1.320
    19     31     23     27   3562.182     24.000     -1.320
    20     32     24     28   3688.823     25.000     -1.320
    21     33     25     29   3709.031     26.000     -1.320
    22     34     26     30   3543.490     27.000     -1.320
    23     35     27     31   3481.954     28.000     -1.320
    24     36     28     32   2869.229     29.000     -1.320
    25     37     29     33   2608.898     30.000     -1.320
    26     38     30     34   2759.608     31.000     -1.320
    27     39     31     35   2176.615     32.000     -1.320
    28     40     32     36   2389.262     33.000     -1.320
    29     41     33     37   2345.268     34.000     -1.320
    30     42     34     38   2280.376     35.000     -1.320
    31     43     35     39   2349.975     36.000     -1.320
    32     44     36     40   2043.522     37.000     -1.320
    33     45     37     41   2088.491     38.000     -1.320
    34     46     38     42   2715.801     39.000     -1.320
    35     47     39     43   2286.537     40.000     -1.320
    36     48     40     44   2524.627     41.000     -1.320
     1     16      6     11   2877.317      7.500     -1.650
     2     17      7     12   2939.682      8.500     -1.650
     3     18      8     13   3048.855      9.500     -1.650
     4     19      9     14   3203.269     10.500     -1.650
     5     20     10     15   3355.172     11.500     -1.650
     6     21     11     16   3195.497     12.500     -1.650
     7     22     12     17   3182.719     13.500     -1.650
     8     23     13     18   3061.390     14.500     -1.650
     9     24     14     19   3234.298     15.500     -1.650
    10     25     15     20   3579.644     16.500     -1.650
    11     26     16     21   3892.485     17.500     -1.650
    12     27     17     22   3540.688     18.500     -1.650
    13     28     18     23   3257.036     19.500     -1.650
    14     29     19     24   3018.295     20.500     -1.650
    15     30     20     25   2828.847     21.500     -1.650
    16     31     21     26   2778.822     22.500     -1.650
    17     32     22     27   2890.592     23.500     -1.650
    18     33     23     28   2980.797     24.500     -1.650
    19     34     24     29   3043.587     25.500     -1.650
    20     35     25     30   3081.838     26.500     -1.650
    21     36     26     31   2694.835     27.500     -1.650
    22     37     27     32   2471.425     28.500     -1.650
    23     38     28     33   2342.223     29.500     -1.650
    24     39     29     34   1855.594     30.500     -1.650
    25     40     30     35   1556.320     31.500     -1.650
    26     41     31     36   1665.991     32.500     -1.650
    27     42     32     37   1558.720     33.500     -1.650
    28     43     33     38   1670.048     34.500     -1.650
    29     44     34     39   1799.809     35.500     -1.650
    30     45     35     40   1954.387     36.500     -1.650
    31     46     36     41   1819.654     37.500     -1.650
    32     47     37     42   2071.594     38.500     -1.650
    33     48     38     43   2320.480     39.500     -1.650
     1     19      7     13   1959.278      9.000     -1.980
     2     20      8     14   2076.556     10.000     -1.980
     3     21      9     15   2166.005     11.000     -1.980
     4     22     10     16   2454.347     12.000     -1.980
     5     23     11     17   2434.616     13.000     -1.980
     6     24     12     18   2391.379     14.000     -1.980
     7     25     13     19   2402.317     15.000     -1.980
     8     26     14     20   2304.606     16.000     -1.980
     9     27     15     21   2392.394     17.000     -1.980
    10     28     16     22   2379.007     18.000     -1.980
    11     29     17     23   2429.201     19.000     -1.980
    12     30     18     24   2331.841     20.000     -1.980
    13     31     19     25   2199.130     21.000     -1.980
    14     32     20     26   2101.669     22.000     -1.980
    15     33     21     27   2107.753     23.000     -1.980
    16     34     22     28   2333.623     24.000     -1.980
    17     35     23     29   2467.546     25.000     -1.980
    18     36     24     30   2288.625     26.000     -1.980
    19     37     25     31   2278.054     27.000     -1.980
    20     38     26     32   2220.412     28.000     -1.980
    21     39     27     33   1876.415     29.000     -1.980
    22     40     28     34   1533.573     30.000     -1.980
    23     41     29     35   1300.838     31.000     -1.980
    24     42     30     36   1224.972     32.000     -1.980
    25     43     31     37   1123.548     33.000     -1.980
    26     44     32     38   1128.641     34.000     -1.980
    27     45     33     39   1191.387     35.000     -1.980
    28     46     34     40   1387.632     36.000     -1.980
    29     47     35     41   1582.888     37.000     -1.980
    30     48     36     42   1639.746     38.000     -1.980
     1     22      8     15   1480.546     10.500     -2.310
     2     23      9     16   1660.885     11.500     -2.310
     3     24     10     17   1795.773     12.500     -2.310
     4     25     11     18   1753.458     13.500     -2.310
     5     26     12     19   1730.639     14.500     -2.310
     6     27     13     20   1698.031     15.500     -2.310
     7     28     14     21   1572.729     16.500     -2.310
     8     29     15     22   1445.033     17.500     -2.310
     9     30     16     23   1460.143     18.500     -2.310
    10     31     17     24   1493.755     19.500     -2.310
    11     32     18     25   1651.112     20.500     -2.310
    12     33     19     26   1622.614     21.500     -2.310
    13     34     20     27   1584.817     22.500     -2.310
    14     35     21     28   1684.510     23.500     -2.310
    15     36     22     29   1699.468     24.500     -2.310
    16     37     23     30   1783.986     25.500     -2.310
    17     38     24     31   1879.934     26.500     -2.310
    18     39     25     32   1692.846     27.500     -2.310
    19     40     26     33   1565.379     28.500     -2.310
    20     41     27     34   1445.187     29.500     -2.310
    21     42     28     35   1161.023     30.500     -2.310
    22     43     29     36   1016.939     31.500     -2.310
    23     44     30     37    915.335     32.500     -2.310
    24     45     31     38    880.054     33.500     -2.310
    25     46     32     39    886.340     34.500     -2.310
    26     47     33     40    931.196     35.500     -2.310
    27     48     34     41   1028.812     36.500     -2.310
     1     25      9     17   1221.616     12.000     -2.640
     2     26     10     18   1260.981     13.000     -2.640
     3     27     11     19   1191.493     14.000     -2.640
     4     28     12     20   1092.774     15.000     -2.640
     5     29     13     21   1030.939     16.000     -2.640
     6     30     14     22    998.616     17.000     -2.640
     7     31     15     23   1003.156     18.000     -2.640
     8     32     16     24    952.571     19.000     -2.640
     9     33     17     25    954.985     20.000     -2.640
    10     34     18     26   1052.866     21.000     -2.640
    11     35     19     27   1225.405     22.000     -2.640
    12     36     20     28   1203.137     23.000     -2.640
    13     37     21     29   1206.395     24.000     -2.640
    14     38     22     30   1333.365     25.000     -2.640
    15     39     23     31   1284.421     26.000     -2.640
    16     40     24     32   1296.382     27.000     -2.640
    17     41     25     33   1314.867     28.000     -2.640
    18     42     26     34   1193.664     29.000     -2.640
    19     43     27     35   1078.988     30.000     -2.640
    20     44     28     36    968.870     31.000     -2.640
    21     45     29     37    825.045     32.000     -2.640
    22     46     30     38    749.859     33.000     -2.640
    23     47     31     39    723.070     34.000     -2.640
    24     48     32     40    714.048     35.000     -2.640
     1     28     10     19    780.060     13.500     -2.970
     2     29     11     20    709.366     14.500     -2.970
     3     30     12     21    656.962     15.500     -2.970
     4     31     13     22    642.684     16.500     -2.970
     5     32     14     23    656.075     17.500     -2.970
     6     33     15     24    689.670     18.500     -2.970
     7     34     16     25    696.380     19.500     -2.970
     8     35     17     26    675.443     20.500     -2.970
     9     36     18     27    698.571     21.500     -2.970
    10     37     19     28    803.157     22.500     -2.970
    11     38     20     29    932.815     23.500     -2.970
    12     39     21     30    899.892     24.500     -2.970
    13     40     22     31    904.677     25.500     -2.970
    14     41     23     32    952.630     26.500     -2.970
    15     42     24     33    958.056     27.500     -2.970
    16     43     25     34    968.981     28.500     -2.970
    17     44     26     35    926.920     29.500     -2.970
    18     45     27     36    887.780     30.500     -2.970
    19     46     28     37    780.680     31.500     -2.970
    20     47     29     38    681.378     32.500     -2.970
    21     48     30     39    633.687     33.500     -2.970
     1     31     11     21    434.082     15.000     -3.300
     2     32     12     22    416.443     16.000     -3.300
     3     33     13     23    417.325     17.000     -3.300
     4     34     14     24    446.945     18.000     -3.300
     5     35     15     25    494.410     19.000     -3.300
     6     36     16     26    508.946     20.000     -3.300
     7     37     17     27    506.365     21.000     -3.300
     8     38     18     28    543.468     22.000     -3.300
     9     39     19     29    552.342     23.000     -3.300
    10     40     20     30    591.575     24.000     -3.300
    11     41     21     31    667.546     25.000     -3.300
    12     42     22     32    690.591     26.000     -3.300
    13     43     23     33    691.468     27.000     -3.300
    14     44     24     34    733.614     28.000     -3.300
    15     45     25     35    725.129     29.000     -3.300
    16     46     26     36    742.405     30.000     -3.300
    17     47     27     37    698.380     31.000     -3.300
    18     48     28     38    626.885     32.000     -3.300
     1     34     12     23    279.177     16.500     -3.630
     2     35     13     24    304.176     17.500     -3.630
     3     36     14     25    308.607     18.500     -3.630
     4     37     15     26    350.297     19.500     -3.630
     5     38     16     27    392.804     20.500     -3.630
     6     39     17     28    399.766     21.500     -3.630
     7     40     18     29    408.731     22.500     -3.630
     8     41     19     30    416.836     23.500     -3.630
     9     42     20     31    423.090     24.500     -3.630
    10     43     21     32    446.911     25.500     -3.630
    11     44     22     33    522.132     26.500     -3.630
    12     45     23     34    550.561     27.500     -3.630
    13     46     24     35    549.559     28.500     -3.630
    14     47     25     36    575.382     29.500     -3.630
    15     48     26     37    556.438     30.500     -3.630
     1     37     13     25    217.196     18.000     -3.960
     2     38     14     26    250.183     19.000     -3.960
     3     39     15     27    267.015     20.000     -3.960
     4     40     16     28    298.093     21.000     -3.960
     5     41     17     29    319.800     22.000     -3.960
     6     42     18     30    343.893     23.000     -3.960
     7     43     19     31    331.083     24.000     -3.960
     8     44     20     32    328.583     25.000     -3.960
     9     45     21     33    342.326     26.000     -3.960
    10     46     22     34    385.004     27.000     -3.960
    11     47     23     35    427.956     28.000     -3.960
    12     48     24     36    450.915     29.000     -3.960
     1     40     14     27    194.618     19.500     -4.290
     2     41     15     28    234.309     20.500     -4.290
     3     42     16     29    248.402     21.500     -4.290
     4     43     17     30    257.008     22.500     -4.290
     5     44     18     31    274.824     23.500     -4.290
     6     45     19     32    281.952     24.500     -4.290
     7     46     20     33    281.032     25.500     -4.290
     8     47     21     34    282.362     26.500     -4.290
     9     48     22     35    279.722     27.500     -4.290
     1     43     15     29    196.450     21.000     -4.620
     2     44     16     30    221.063     22.000     -4.620
     3     45     17     31    223.343     23.000     -4.620
     4     46     18     32    236.266     24.000     -4.620
     5     47     19     33    243.731     25.000     -4.620
     6     48     20     34    246.693     26.000     -4.620
     1     46     16     31    196.875     22.500     -4.950
     2     47     17     32    207.555     23.500     -4.950
     3     48     18     33    196.539     24.500     -4.950
     1      2      4      3   1867.976      1.500     -0.585
     2      3      5      4   1529.913      2.500     -0.585
     3      4      6      5   1814.208      3.500     -0.585
     4      5      7      6   2655.912      4.500     -0.585
     5      6      8      7   2434.083      5.500     -0.585
     6      7      9      8   2455.538      6.500     -0.585
     7      8     10      9   2406.065      7.500     -0.585
     8      9     11     10   6018.739      8.500     -0.585
     9     10     12     11   6212.895      9.500     -0.585
    10     11     13     12   5704.132     10.500     -0.585
    11     12     14     13   5237.624     11.500     -0.585
    12     13     15     14   5103.448     12.500     -0.585
    13     14     16     15   5533.843     13.500     -0.585
    14     15     17     16   7462.378     14.500     -0.585
    15     16     18     17   6123.094     15.500     -0.585
    16     17     19     18   5903.758     16.500     -0.585
    17     18     20     19   5144.243     17.500     -0.585
    18     19     21     20   5280.465     18.500     -0.585
    19     20     22     21   3879.977     19.500     -0.585
    20     21     23     22   3691.113     20.500     -0.585
    21     22     24     23   2756.263     21.500     -0.585
    22     23     25     24   3016.668     22.500     -0.585
    23     24     26     25   4053.659     23.500     -0.585
    24     25     27     26   4820.797     24.500     -0.585
    25     26     28     27   4617.924     25.500     -0.585
    26     27     29     28   5111.643     26.500     -0.585
    27     28     30     29   5493.480     27.500     -0.585
    28     29     31     30   3910.370     28.500     -0.585
    29     30     32     31   3724.292     29.500     -0.585
    30     31     33     32   3169.570     30.500     -0.585
    31     32     34     33   2068.697     31.500     -0.585
    32     33     35     34   1699.909     32.500     -0.585
    33     34     36     35   1940.145     33.500     -0.585
    34     35     37     36    958.035     34.500     -0.585
    35     36     38     37   2725.290     35.500     -0.585
    36     37     39     38   1317.833     36.500     -0.585
    37     38     40     39   1491.147     37.500     -0.585
    38     39     41     40   1026.150     38.500     -0.585
    39     40     42     41   2124.351     39.500     -0.585
    40     41     43     42   2069.356     40.500     -0.585
    41     42     44     43   2277.681     41.500     -0.585
    42     43     45     44   2684.066     42.500     -0.585
    43     44     46     45   2661.008     43.500     -0.585
    44     45     47     46   2828.959     44.500     -0.585
    45     46     48     47   3788.388     45.500     -0.585
     1      2      5      4   1956.418      2.000     -0.780
     2      3      6      5   2179.080      3.000     -0.780
     3      4      7      6   3093.227      4.000     -0.780
     4      5      8      7   2625.396      5.000     -0.780
     5      6      9      8   3701.645      6.000     -0.780
     6      7     10      9   3359.668      7.000     -0.780
     7      8     11     10   5527.917      8.000     -0.780
     8      9     12     11   6052.092      9.000     -0.780
     9     10     13     12   6510.645     10.000     -0.780
    10     11     14     13   7013.968     11.000     -0.780
    11     12     15     14   6256.450     12.000     -0.780
    12     13     16     15   7579.736     13.000     -0.780
    13     14     17     16   8158.662     14.000     -0.780
    14     15     18     17   8146.494     15.000     -0.780
    15     16     19     18   7754.694     16.000     -0.780
    16     17     20     19   7431.827     17.000     -0.780
    17     18     21     20   5947.917     18.000     -0.780
    18     19     22     21   4875.589     19.000     -0.780
    19     20     23     22   4284.905     20.000     -0.780
    20     21     24     23   3906.673     21.000     -0.780
    21     22     25     24   3416.629     22.000     -0.780
    22     23     26     25   4400.871     23.000     -0.780
    23     24     27     26   4995.181     24.000     -0.780
    24     25     28     27   5571.451     25.000     -0.780
    25     26     29     28   5735.466     26.000     -0.780
    26     27     30     29   5828.819     27.000     -0.780
    27     28     31     30   5970.305     28.000     -0.780
    28     29     32     31   5943.753     29.000     -0.780
    29     30     33     32   4555.490     30.000     -0.780
    30     31     34     33   3795.647     31.000     -0.780
    31     32     35     34   2953.993     32.000     -0.780
    32     33     36     35   3575.392     33.000     -0.780
    33     34     37     36   1950.027     34.000     -0.780
    34     35     38     37   2584.731     35.000     -0.780
    35     36     39     38   2331.156     36.000     -0.780
    36     37     40     39   1899.375     37.000     -0.780
    37     38     41     40   1608.067     38.000     -0.780
    38     39     42     41   2060.943     39.000     -0.780
    39     40     43     42   2479.293     40.000     -0.780
    40     41     44     43   2169.123     41.000     -0.780
    41     42     45     44   3680.513     42.000     -0.780
    42     43     46     45   3097.973     43.000     -0.780
    43     44     47     46   3702.830     44.000     -0.780
    44     45     48     47   4358.945     45.000     -0.780
     1      2      6      5   2360.832      2.500     -0.975
     2      3      7      6   2851.130      3.500     -0.975
     3      4      8      7   2794.308      4.500     -0.975
     4      5      9      8   3863.123      5.500     -0.975
     5      6     10      9   4408.021      6.500     -0.975
     6      7     11     10   6552.834      7.500     -0.975
     7      8     12     11   4933.704      8.500     -0.975
     8      9     13     12   5848.817      9.500     -0.975
     9     10     14     13   6812.843     10.500     -0.975
    10     11     15     14   8467.785     11.500     -0.975
    11     12     16     15   8620.881     12.500     -0.975
    12     13     17     16   9442.755     13.500     -0.975
    13     14     18     17   8116.092     14.500     -0.975
    14     15     19     18   8712.027     15.500     -0.975
    15     16     20     19   8431.821     16.500     -0.975
    16     17     21     20   7509.532     17.500     -0.975
    17     18     22     21   5137.637     18.500     -0.975
    18     19     23     22   5435.450     19.500     -0.975
    19     20     24     23   4610.784     20.500     -0.975
    20     21     25     24   4395.536     21.500     -0.975
    21     22     26     25   4313.216     22.500     -0.975
    22     23     27     26   4948.563     23.500     -0.975
    23     24     28     27   5705.087     24.500     -0.975
    24     25     29     28   5666.178     25.500     -0.975
    25     26     30     29   5478.178     26.500     -0.975
    26     27     31     30   5463.398     27.500     -0.975
    27     28     32     31   7032.655     28.500     -0.975
    28     29     33     32   5950.601     29.500     -0.975
    29     30     34     33   5025.361     30.500     -0.975
    30     31     35     34   4174.679     31.500     -0.975
    31     32     36     35   4827.737     32.500     -0.975
    32     33     37     36   2763.811     33.500     -0.975
    33     34     38     37    880.530     34.500     -0.975
    34     35     39     38   -349.494     35.500     -0.975
    35     36     40     39   3354.669     36.500     -0.975
    36     37     41     40   1571.598     37.500     -0.975
    37     38     42     41   2484.874     38.500     -0.975
    38     39     43     42   2075.421     39.500     -0.975
    39     40     44     43   2102.458     40.500     -0.975
    40     41     45     44   2838.896     41.500     -0.975
    41     42     46     45   3497.855     42.500     -0.975
    42     43     47     46   3775.036     43.500     -0.975
    43     44     48     47   4727.232     44.500     -0.975
     1      2      7      6   2813.665      3.000     -1.170
     2      3      8      7   2356.811      4.000     -1.170
     3      4      9      8   3747.340      5.000     -1.170
     4      5     10      9   4263.449      6.000     -1.170
     5      6     11     10   7509.526      7.000     -1.170
     6      7     12     11   5315.097      8.000     -1.170
     7      8     13     12   4467.863      9.000     -1.170
     8      9     14     13   5593.084     10.000     -1.170
     9     10     15     14   7140.341     11.000     -1.170
    10     11     16     15  10865.209     12.000     -1.170
    11     12     17     16  10292.085     13.000     -1.170
    12     13     18     17   8574.298     14.000     -1.170
    13     14     19     18   8422.661     15.000     -1.170
    14     15     20     19   8519.808     16.000     -1.170
    15     16     21     20   7786.356     17.000     -1.170
    16     17     22     21   6206.646     18.000     -1.170
    17     18     23     22   5421.600     19.000     -1.170
    18     19     24     23   5560.778     20.000     -1.170
    19     20     25     24   4765.880     21.000     -1.170
    20     21     26     25   5084.676     22.000     -1.170
    21     22     27     26   4457.551     23.000     -1.170
    22     23     28     27   5519.501     24.000     -1.170
    23     24     29     28   5342.466     25.000     -1.170
    24     25     30     29   4884.825     26.000     -1.170
    25     26     31     30   4788.813     27.000     -1.170
    26     27     32     31   5580.464     28.000     -1.170
    27     28     33     32   6379.305     29.000     -1.170
    28     29     34     33   5446.444     30.000     -1.170
    29     30     35     34   4776.625     31.000     -1.170
    30     31     36     35   5899.108     32.000     -1.170
    31     32     37     36   3311.645     33.000     -1.170
    32     33     38     37   2067.302     34.000     -1.170
    33     34     39     38   6520.593     35.000     -1.170
    34     35     40     39   1590.371     36.000     -1.170
    35     36     41     40   2507.852     37.000     -1.170
    36     37     42     41   2102.456     38.000     -1.170
    37     38     43     42   2156.219     39.000     -1.170
    38     39     44     43   1724.199     40.000     -1.170
    39     40     45     44   2404.927     41.000     -1.170
    40     41     46     45   2468.028     42.000     -1.170
    41     42     47     46   4023.768     43.000     -1.170
    42     43     48     47   4411.109     44.000     -1.170
     1      2      8      7   2281.271      3.500     -1.365
     2      3      9      8   2957.596      4.500     -1.365
     3      4     10      9   3872.495      5.500     -1.365
     4      5     11     10   6834.571      6.500     -1.365
     5      6     12     11   6040.949      7.500     -1.365
     6      7     13     12   4720.851      8.500     -1.365
     7      8     14     13   4153.634      9.500     -1.365
     8      9     15     14   5545.236     10.500     -1.365
     9     10     16     15   8536.437     11.500     -1.365
    10     11     17     16  12136.753     12.500     -1.365
    11     12     18     17   8646.243     13.500     -1.365
    12     13     19     18   7973.584     14.500     -1.365
    13     14     20     19   8205.719     15.500     -1.365
    14     15     21     20   7482.234     16.500     -1.365
    15     16     22     21   6233.066     17.500     -1.365
    16     17     23     22   6305.446     18.500     -1.365
    17     18     24     23   5343.684     19.500     -1.365
    18     19     25     24   5253.305     20.500     -1.365
    19     20     26     25   5184.913     21.500     -1.365
    20     21     27     26   4954.824     22.500     -1.365
    21     22     28     27   4758.012     23.500     -1.365
    22     23     29     28   4842.246     24.500     -1.365
    23     24     30     29   4333.003     25.500     -1.365
    24     25     31     30   3999.621     26.500     -1.365
    25     26     32     31   4504.390     27.500     -1.365
    26     27     33     32   4709.646     28.500     -1.365
    27     28     34     33   5528.167     29.500     -1.365
    28     29     35     34   4840.709     30.500     -1.365
    29     30     36     35   6448.919     31.500     -1.365
    30     31     37     36   3660.806     32.500     -1.365
    31     32     38     37   2547.245     33.500     -1.365
    32     33     39     38   5292.162     34.500     -1.365
    33     34     40     39   2792.279     35.500     -1.365
    34     35     41     40   1198.669     36.500     -1.365
    35     36     42     41   3109.677     37.500     -1.365
    36     37     43     42   1677.359     38.500     -1.365
    37     38     44     43   1631.194     39.500     -1.365
    38     39     45     44   2021.569     40.500     -1.365
    39     40     46     45   2012.564     41.500     -1.365
    40     41     47     46   2735.384     42.500     -1.365
    41     42     48     47   4455.767     43.500     -1.365
     1      3      9      7   2536.991      4.000     -1.560
     2      4     10      8   3476.606      5.000     -1.560
     3      5     11      9   4995.213      6.000     -1.560
     4      6     12     10   6668.001      7.000     -1.560
     5      7     13     11   5250.285      8.000     -1.560
     6      8     14     12   4376.791      9.000     -1.560
     7      9     15     13   4994.743     10.000     -1.560
     8     10     16     14   6973.586     11.000     -1.560
     9     11     17     15  10341.810     12.000     -1.560
    10     12     18     16  10285.716     13.000     -1.560
    11     13     19     17   8392.308     14.000     -1.560
    12     14     20     18   8118.456     15.000     -1.560
    13     15     21     19   7949.915     16.000     -1.560
    14     16     22     20   7087.707     17.000     -1.560
    15     17     23     21   6241.246     18.000     -1.560
    16     18     24     22   5670.434     19.000     -1.560
    17     19     25     23   5330.215     20.000     -1.560
    18     20     26     24   5085.707     21.000     -1.560
    19     21     27     25   5044.533     22.000     -1.560
    20     22     28     26   4733.486     23.000     -1.560
    21     23     29     27   4969.365     24.000     -1.560
    22     24     30     28   4774.961     25.000     -1.560
    23     25     31     29   4359.436     26.000     -1.560
    24     26     32     30   4370.388     27.000     -1.560
    25     27     33     31   4855.811     28.000     -1.560
    26     28     34     32   5452.466     29.000     -1.560
    27     29     35     33   5210.275     30.000     -1.560
    28     30     36     34   5344.500     31.000     -1.560
    29     31     37     35   5203.046     32.000     -1.560
    30     32     38     36   3146.151     33.000     -1.560
    31     33     39     37   3316.146     34.000     -1.560
    32     34     40     38   4827.128     35.000     -1.560
    33     35     41     39   1811.037     36.000     -1.560
    34     36     42     40   2197.243     37.000     -1.560
    35     37     43     41   2274.957     38.000     -1.560
    36     38     44     42   1793.908     39.000     -1.560
    37     39     45     43   1773.786     40.000     -1.560
    38     40     46     44   2115.240     41.000     -1.560
    39     41     47     45   2382.590     42.000     -1.560
    40     42     48     46   3662.631     43.000     -1.560
     1      3     11      9   3357.219      5.000     -1.950
     2      4     12     10   4642.614      6.000     -1.950
     3      5     13     11   4321.236      7.000     -1.950
     4      6     14     12   4151.118      8.000     -1.950
     5      7     15     13   3879.921      9.000     -1.950
     6      8     16     14   3910.723     10.000     -1.950
     7      9     17     15   5436.338     11.000     -1.950
     8     10     18     16   7178.186     12.000     -1.950
     9     11     19     17   8324.967     13.000     -1.950
    10     12     20     18   7885.177     14.000     -1.950
    11     13     21     19   6542.787     15.000     -1.950
    12     14     22     20   5667.486     16.000     -1.950
    13     15     23     21   5363.160     17.000     -1.950
    14     16     24     22   5665.843     18.000     -1.950
    15     17     25     23   5543.354     19.000     -1.950
    16     18     26     24   5024.264     20.000     -1.950
    17     19     27     25   5062.469     21.000     -1.950
    18     20     28     26   4916.712     22.000     -1.950
    19     21     29     27   4608.620     23.000     -1.950
    20     22     30     28   3614.314     24.000     -1.950
    21     23     31     29   3136.376     25.000     -1.950
    22     24     32     30   3070.705     26.000     -1.950
    23     25     33     31   3040.354     27.000     -1.950
    24     26     34     32   3012.610     28.000     -1.950
    25     27     35     33   3215.123     29.000     -1.950
    26     28     36     34   4301.829     30.000     -1.950
    27     29     37     35   4746.192     31.000     -1.950
    28     30     38     36   3192.403     32.000     -1.950
    29     31     39     37   3487.958     33.000     -1.950
    30     32     40     38   3941.900     34.000     -1.950
    31     33     41     39   2376.146     35.000     -1.950
    32     34     42     40   1931.238     36.000     -1.950
    33     35     43     41   1529.067     37.000     -1.950
    34     36     44     42   1635.302     38.000     -1.950
    35     37     45     43   1415.554     39.000     -1.950
    36     38     46     44   1396.318     40.000     -1.950
    37     39     47     45   1551.409     41.000     -1.950
    38     40     48     46   1989.035     42.000     -1.950
     1      3     13     11   2553.875      6.000     -2.340
     2      4     14     12   2600.378      7.000     -2.340
     3      5     15     13   2816.623      8.000     -2.340
     4      6     16     14   3229.253      9.000     -2.340
     5      7     17     15   3725.101     10.000     -2.340
     6      8     18     16   3517.240     11.000     -2.340
     7      9     19     17   3752.811     12.000     -2.340
     8     10     20     18   4807.681     13.000     -2.340
     9     11     21     19   5860.667     14.000     -2.340
    10     12     22     20   4888.799     15.000     -2.340
    11     13     23     21   3989.238     16.000     -2.340
    12     14     24     22   4209.845     17.000     -2.340
    13     15     25     23   4265.459     18.000     -2.340
    14     16     26     24   4436.613     19.000     -2.340
    15     17     27     25   4725.758     20.000     -2.340
    16     18     28     26   4408.127     21.000     -2.340
    17     19     29     27   4190.076     22.000     -2.340
    18     20     30     28   3370.859     23.000     -2.340
    19     21     31     29   2607.557     24.000     -2.340
    20     22     32     30   2106.619     25.000     -2.340
    21     23     33     31   1934.197     26.000     -2.340
    22     24     34     32   1853.371     27.000     -2.340
    23     25     35     33   1778.358     28.000     -2.340
    24     26     36     34   2032.646     29.000     -2.340
    25     27     37     35   2504.114     30.000     -2.340
    26     28     38     36   2234.494     31.000     -2.340
    27     29     39     37   2745.550     32.000     -2.340
    28     30     40     38   3260.984     33.000     -2.340
    29     31     41     39   2160.060     34.000     -2.340
    30     32     42     40   1824.426     35.000     -2.340
    31     33     43     41   1770.865     36.000     -2.340
    32     34     44     42   1316.275     37.000     -2.340
    33     35     45     43    900.820     38.000     -2.340
    34     36     46     44   1202.716     39.000     -2.340
    35     37     47     45   1138.550     40.000     -2.340
    36     38     48     46   1258.757     41.000     -2.340
     1      3     15     13   1568.696      7.000     -2.730
     2      4     16     14   1949.001      8.000     -2.730
     3      5     17     15   2523.339      9.000     -2.730
     4      6     18     16   2676.295     10.000     -2.730
     5      7     19     17   2416.104     11.000     -2.730
     6      8     20     18   2102.941     12.000     -2.730
     7      9     21     19   2415.512     13.000     -2.730
     8     10     22     20   2710.540     14.000     -2.730
     9     11     23     21   3049.082     15.000     -2.730
    10     12     24     22   3358.405     16.000     -2.730
    11     13     25     23   2839.880     17.000     -2.730
    12     14     26     24   3046.601     18.000     -2.730
    13     15     27     25   3545.057     19.000     -2.730
    14     16     28     26   3696.427     20.000     -2.730
    15     17     29     27   3753.058     21.000     -2.730
    16     18     30     28   2862.852     22.000     -2.730
    17     19     31     29   2238.796     23.000     -2.730
    18     20     32     30   1830.922     24.000     -2.730
    19     21     33     31   1503.007     25.000     -2.730
    20     22     34     32   1155.987     26.000     -2.730
    21     23     35     33   1055.668     27.000     -2.730
    22     24     36     34   1169.340     28.000     -2.730
    23     25     37     35   1259.700     29.000     -2.730
    24     26     38     36   1044.756     30.000     -2.730
    25     27     39     37   1344.433     31.000     -2.730
    26     28     40     38   2023.287     32.000     -2.730
    27     29     41     39   1586.424     33.000     -2.730
    28     30     42     40   1550.600     34.000     -2.730
    29     31     43     41   1554.812     35.000     -2.730
    30     32     44     42   1174.053     36.000     -2.730
    31     33     45     43   1012.919     37.000     -2.730
    32     34     46     44    930.197     38.000     -2.730
    33     35     47     45    697.294     39.000     -2.730
    34     36     48     46   1013.371     40.000     -2.730
     1      4     16     13   1895.065      7.500     -2.925
     2      5     17     14   2278.293      8.500     -2.925
     3      6     18     15   2652.511      9.500     -2.925
     4      7     19     16   2704.757     10.500     -2.925
     5      8     20     17   2367.403     11.500     -2.925
     6      9     21     18   2538.859     12.500     -2.925
     7     10     22     19   2920.260     13.500     -2.925
     8     11     23     20   3350.237     14.500     -2.925
     9     12     24     21   3217.433     15.500     -2.925
    10     13     25     22   3170.565     16.500     -2.925
    11     14     26     23   3174.965     17.500     -2.925
    12     15     27     24   3313.571     18.500     -2.925
    13     16     28     25   3798.804     19.500     -2.925
    14     17     29     26   3755.363     20.500     -2.925
    15     18     30     27   3393.214     21.500     -2.925
    16     19     31     28   2750.934     22.500     -2.925
    17     20     32     29   2131.087     23.500     -2.925
    18     21     33     30   1747.303     24.500     -2.925
    19     22     34     31   1404.754     25.500     -2.925
    20     23     35     32   1214.005     26.500     -2.925
    21     24     36     33   1219.167     27.500     -2.925
    22     25     37     34   1225.450     28.500     -2.925
    23     26     38     35   1360.260     29.500     -2.925
    24     27     39     36   1318.183     30.500     -2.925
    25     28     40     37   1688.395     31.500     -2.925
    26     29     41     38   2055.408     32.500     -2.925
    27     30     42     39   1714.660     33.500     -2.925
    28     31     43     40   1503.917     34.500     -2.925
    29     32     44     41   1464.525     35.500     -2.925
    30     33     45     42   1143.105     36.500     -2.925
    31     34     46     43    974.718     37.500     -2.925
    32     35     47     44    816.441     38.500     -2.925
    33     36     48     45    966.620     39.500     -2.925
     1      4     19     16   1233.108      9.000     -3.510
     2      5     20     17   1224.635     10.000     -3.510
     3      6     21     18   1318.528     11.000     -3.510
     4      7     22     19   1176.313     12.000     -3.510
     5      8     23     20   1005.592     13.000     -3.510
     6      9     24     21   1116.081     14.000     -3.510
     7     10     25     22   1299.001     15.000     -3.510
     8     11     26     23   1970.180     16.000     -3.510
     9     12     27     24   2068.846     17.000     -3.510
    10     13     28     25   2059.210     18.000     -3.510
    11     14     29     26   2097.199     19.000     -3.510
    12     15     30     27   2082.644     20.000     -3.510
    13     16     31     28   1914.943     21.000     -3.510
    14     17     32     29   1652.036     22.000     -3.510
    15     18     33     30   1293.608     23.000     -3.510
    16     19     34     31   1065.457     24.000     -3.510
    17     20     35     32    817.706     25.000     -3.510
    18     21     36     33    730.790     26.000     -3.510
    19     22     37     34    594.044     27.000     -3.510
    20     23     38     35    577.355     28.000     -3.510
    21     24     39     36    496.271     29.000     -3.510
    22     25     40     37    537.620     30.000     -3.510
    23     26     41     38    613.431     31.000     -3.510
    24     27     42     39    553.781     32.000     -3.510
    25     28     43     40    729.184     33.000     -3.510
    26     29     44     41    861.667     34.000     -3.510
    27     30     45     42    833.664     35.000     -3.510
    28     31     46     43    842.497     36.000     -3.510
    29     32     47     44   1044.210     37.000     -3.510
    30     33     48     45    884.752     38.000     -3.510
     1      4     22     19    517.062     10.500     -4.095
     2      5     23     20    472.562     11.500     -4.095
     3      6     24     21    534.155     12.500     -4.095
     4      7     25     22    507.776     13.500     -4.095
     5      8     26     23    499.986     14.500     -4.095
     6      9     27     24    413.071     15.500     -4.095
     7     10     28     25   1037.770     16.500     -4.095
     8     11     29     26   1261.760     17.500     -4.095
     9     12     30     27   1220.613     18.500     -4.095
    10     13     31     28   1004.979     19.500     -4.095
    11     14     32     29    900.715     20.500     -4.095
    12     15     33     30    783.368     21.500     -4.095
    13     16     34     31    711.206     22.500     -4.095
    14     17     35     32    541.173     23.500     -4.095
    15     18     36     33    526.388     24.500     -4.095
    16     19     37     34    439.066     25.500     -4.095
    17     20     38     35    380.303     26.500     -4.095
    18     21     39     36    290.483     27.500     -4.095
    19     22     40     37    264.405     28.500     -4.095
    20     23     41     38    272.207     29.500     -4.095
    21     24     42     39    226.045     30.500     -4.095
    22     25     43     40    221.389     31.500     -4.095
    23     26     44     41    217.407     32.500     -4.095
    24     27     45     42    326.153     33.500     -4.095
    25     28     46     43    283.026     34.500     -4.095
    26     29     47     44    493.197     35.500     -4.095
    27     30     48     45    679.761     36.500     -4.095
     1      5     25     21    317.068     12.000     -4.680
     2      6     26     22    444.274     13.000     -4.680
     3      7     27     23    393.217     14.000     -4.680
     4      8     28     24    393.478     15.000     -4.680
     5      9     29     25    512.373     16.000     -4.680
     6     10     30     26    579.707     17.000     -4.680
     7     11     31     27    765.398     18.000     -4.680
     8     12     32     28    713.961     19.000     -4.680
     9     13     33     29    590.896     20.000     -4.680
    10     14     34     30    560.118     21.000     -4.680
    11     15     35     31    464.287     22.000     -4.680
    12     16     36     32    412.534     23.000     -4.680
    13     17     37     33    398.962     24.000     -4.680
    14     18     38     34    332.144     25.000     -4.680
    15     19     39     35    316.311     26.000     -4.680
    16     20     40     36    240.430     27.000     -4.680
    17     21     41     37    218.218     28.000     -4.680
    18     22     42     38    210.509     29.000     -4.680
    19     23     43     39    180.977     30.000     -4.680
    20     24     44     40    152.093     31.000     -4.680
    21     25     45     41    131.193     32.000     -4.680
    22     26     46     42    121.949     33.000     -4.680
    23     27     47     43   -273.677     34.000     -4.680
    24     28     48     44    218.564     35.000     -4.680
     1      5     29     25    271.478     14.000     -5.460
     2      6     30     26    299.889     15.000     -5.460
     3      7     31     27    225.636     16.000     -5.460
     4      8     32     28    198.438     17.000     -5.460
     5      9     33     29    186.663     18.000     -5.460
     6     10     34     30    201.272     19.000     -5.460
     7     11     35     31    233.625     20.000     -5.460
     8     12     36     32    210.297     21.000     -5.460
     9     13     37     33    198.026     22.000     -5.460
    10     14     38     34    179.896     23.000     -5.460
    11     15     39     35    172.507     24.000     -5.460
    12     16     40     36    154.378     25.000     -5.460
    13     17     41     37    164.116     26.000     -5.460
    14     18     42     38    182.351     27.000     -5.460
    15     19     43     39    157.518     28.000     -5.460
    16     20     44     40    134.190     29.000     -5.460
    17     21     45     41    136.116     30.000     -5.460
    18     22     46     42    103.483     31.000     -5.460
    19     23     47     43     26.669     32.000     -5.460
    20     24     48     44     89.803     33.000     -5.460
     1      6     31     26    275.509     15.000     -5.850
     2      7     32     27    193.935     16.000     -5.850
     3      8     33     28    168.186     17.000     -5.850
     4      9     34     29    166.502     18.000     -5.850
     5     10     35     30    176.198     19.000     -5.850
     6     11     36     31    187.477     20.000     -5.850
     7     12     37     32    179.485     21.000     -5.850
     8     13     38     33    173.091     22.000     -5.850
     9     14     39     34    167.308     23.000     -5.850
    10     15     40     35    179.711     24.000     -5.850
    11     16     41     36    151.249     25.000     -5.850
    12     17     42     37    161.032     26.000     -5.850
    13     18     43     38    158.864     27.000     -5.850
    14     19     44     39    142.163     28.000     -5.850
    15     20     45     40    126.518     29.000     -5.850
    16     21     46     41    121.165     30.000     -5.850
    17     22     47     42     84.239     31.000     -5.850
    18     23     48     43     98.628     32.000     -5.850
     1      6     36     31     94.039     17.500     -6.825
     2      7     37     32     57.483     18.500     -6.825
     3      8     38     33     67.073     19.500     -6.825
     4      9     39     34     69.299     20.500     -6.825
     5     10     40     35     81.233     21.500     -6.825
     6     11     41     36     86.195     22.500     -6.825
     7     12     42     37    105.558     23.500     -6.825
     8     13     43     38    111.693     24.500     -6.825
     9     14     44     39    116.773     25.500     -6.825
    10     15     45     40    112.287     26.500     -6.825
    11     16     46     41    120.006     27.500     -6.825
    12     17     47     42    116.608     28.500     -6.825
    13     18     48     43    155.566     29.500     -6.825
     1      7     37     31     80.755     18.000     -7.020
     2      8     38     32     61.611     19.000     -7.020
     3      9     39     33     74.083     20.000     -7.020
     4     10     40     34     79.449     21.000     -7.020
     5     11     41     35    101.177     22.000     -7.020
     6     12     42     36    104.366     23.000     -7.020
     7     13     43     37    103.149     24.000     -7.020
     8     14     44     38    108.099     25.000     -7.020
     9     15     45     39    111.084     26.000     -7.020
    10     16     46     40    105.158     27.000     -7.020
    11     17     47     41    123.932     28.000     -7.020
    12     18     48     42    145.262     29.000     -7.020
     1      7     43     37     64.786     21.000     -8.190
     2      8     44     38     61.529     22.000     -8.190
     3      9     45     39     64.657     23.000     -8.190
     4     10     46     40     69.130     24.000     -8.190
     5     11     47     41     90.014     25.000     -8.190
     6     12     48     42    120.929     26.000     -8.190
     1     10     46     37     69.348     22.500     -8.775
     2     11     47     38     81.905     23.500     -8.775
     3     12     48     39    100.016     24.500     -8.775
