48# Number of electrodes
# x z
0.000     0.000
1.000     0.000
2.000     0.000
3.000     0.000
4.000     0.000
5.000     0.000
6.000     0.000
7.000     0.000
8.000     0.000
9.000     0.000
10.000     0.000
11.000     0.000
12.000     0.000
13.000     0.000
14.000     0.000
15.000     0.000
16.000     0.000
17.000     0.000
18.000     0.000
19.000     0.000
20.000     0.000
21.000     0.000
22.000     0.000
23.000     0.000
24.000     0.000
25.000     0.000
26.000     0.000
27.000     0.000
28.000     0.000
29.000     0.000
30.000     0.000
31.000     0.000
32.000     0.000
33.000     0.000
34.000     0.000
35.000     0.000
36.000     0.000
37.000     0.000
38.000     0.000
39.000     0.000
40.000     0.000
41.000     0.000
42.000     0.000
43.000     0.000
44.000     0.000
45.000     0.000
46.000     0.000
47.000     0.000
909# Number of data
# a   b   m   n      rhoa      x      z
     1      4      2      3   1180.782      1.500     -0.330
     2      5      3      4   1335.669      2.500     -0.330
     3      6      4      5   1569.588      3.500     -0.330
     4      7      5      6   1671.131      4.500     -0.330
     5      8      6      7   1468.608      5.500     -0.330
     6      9      7      8   2045.589      6.500     -0.330
     7     10      8      9   2464.519      7.500     -0.330
     8     11      9     10   3609.822      8.500     -0.330
     9     12     10     11   3267.599      9.500     -0.330
    10     13     11     12   4028.744     10.500     -0.330
    11     14     12     13   3619.688     11.500     -0.330
    12     15     13     14   3364.240     12.500     -0.330
    13     16     14     15   3728.054     13.500     -0.330
    14     17     15     16   3892.333     14.500     -0.330
    15     18     16     17   3875.336     15.500     -0.330
    16     19     17     18   3506.035     16.500     -0.330
    17     20     18     19   3283.415     17.500     -0.330
    18     21     19     20   3071.313     18.500     -0.330
    19     22     20     21   2162.023     19.500     -0.330
    20     23     21     22   2288.111     20.500     -0.330
    21     24     22     23   1498.458     21.500     -0.330
    22     25     23     24   1780.910     22.500     -0.330
    23     26     24     25   1757.215     23.500     -0.330
    24     27     25     26   1927.696     24.500     -0.330
    25     28     26     27   2350.827     25.500     -0.330
    26     29     27     28   2590.568     26.500     -0.330
    27     30     28     29   2149.634     27.500     -0.330
    28     31     29     30   2662.555     28.500     -0.330
    29     32     30     31   2316.848     29.500     -0.330
    30     33     31     32   2269.864     30.500     -0.330
    31     34     32     33   2341.776     31.500     -0.330
    32     35     33     34   1860.516     32.500     -0.330
    33     36     34     35   1515.126     33.500     -0.330
    34     37     35     36   1326.298     34.500     -0.330
    35     38     36     37   1091.562     35.500     -0.330
    36     39     37     38   1109.765     36.500     -0.330
    37     40     38     39    928.009     37.500     -0.330
    38     41     39     40   1219.902     38.500     -0.330
    39     42     40     41   1128.336     39.500     -0.330
    40     43     41     42   1306.116     40.500     -0.330
    41     44     42     43   1434.535     41.500     -0.330
    42     45     43     44   1744.376     42.500     -0.330
    43     46     44     45   1840.311     43.500     -0.330
    44     47     45     46   2491.742     44.500     -0.330
    45     48     46     47   3024.395     45.500     -0.330
     1      7      3      5    968.497      3.000     -0.660
     2      8      4      6   1219.988      4.000     -0.660
     3      9      5      7   1204.342      5.000     -0.660
     4     10      6      8   1329.611      6.000     -0.660
     5     11      7      9   1897.989      7.000     -0.660
     6     12      8     10   2445.789      8.000     -0.660
     7     13      9     11   2345.712      9.000     -0.660
     8     14     10     12   2612.861     10.000     -0.660
     9     15     11     13   3125.833     11.000     -0.660
    10     16     12     14   3077.604     12.000     -0.660
    11     17     13     15   2907.074     13.000     -0.660
    12     18     14     16   3345.966     14.000     -0.660
    13     19     15     17   3461.340     15.000     -0.660
    14     20     16     18   2947.878     16.000     -0.660
    15     21     17     19   2865.227     17.000     -0.660
    16     22     18     20   2828.594     18.000     -0.660
    17     23     19     21   2494.168     19.000     -0.660
    18     24     20     22   2094.167     20.000     -0.660
    19     25     21     23   1931.813     21.000     -0.660
    20     26     22     24   1762.900     22.000     -0.660
    21     27     23     25   1734.481     23.000     -0.660
    22     28     24     26   1681.500     24.000     -0.660
    23     29     25     27   1931.099     25.000     -0.660
    24     30     26     28   1947.392     26.000     -0.660
    25     31     27     29   1888.704     27.000     -0.660
    26     32     28     30   1776.911     28.000     -0.660
    27     33     29     31   1911.517     29.000     -0.660
    28     34     30     32   1756.353     30.000     -0.660
    29     35     31     33   1726.627     31.000     -0.660
    30     36     32     34   1528.709     32.000     -0.660
    31     37     33     35   1317.378     33.000     -0.660
    32     38     34     36    743.552     34.000     -0.660
    33     39     35     37   1060.186     35.000     -0.660
    34     40     36     38    510.356     36.000     -0.660
    35     41     37     39    796.630     37.000     -0.660
    36     42     38     40    937.934     38.000     -0.660
    37     43     39     41   1044.615     39.000     -0.660
    38     44     40     42   1002.351     40.000     -0.660
    39     45     41     43   1054.561     41.000     -0.660
    40     46     42     44   1451.552     42.000     -0.660
    41     47     43     45   1638.424     43.000     -0.660
    42     48     44     46   1895.188     44.000     -0.660
     1     10      4      7    848.878      4.500     -0.990
     2     11      5      8    957.405      5.500     -0.990
     3     12      6      9   1141.966      6.500     -0.990
     4     13      7     10   1570.424      7.500     -0.990
     5     14      8     11   1950.972      8.500     -0.990
     6     15      9     12   2274.536      9.500     -0.990
     7     16     10     13   2134.698     10.500     -0.990
     8     17     11     14   1935.357     11.500     -0.990
     9     18     12     15   2023.750     12.500     -0.990
    10     19     13     16   2254.296     13.500     -0.990
    11     20     14     17   2341.160     14.500     -0.990
    12     21     15     18   2502.279     15.500     -0.990
    13     22     16     19   2371.077     16.500     -0.990
    14     23     17     20   2252.136     17.500     -0.990
    15     24     18     21   2107.046     18.500     -0.990
    16     25     19     22   2022.857     19.500     -0.990
    17     26     20     23   1708.737     20.500     -0.990
    18     27     21     24   1584.335     21.500     -0.990
    19     28     22     25   1411.653     22.500     -0.990
    20     29     23     26   1601.875     23.500     -0.990
    21     30     24     27   1549.142     24.500     -0.990
    22     31     25     28   1700.108     25.500     -0.990
    23     32     26     29   1512.016     26.500     -0.990
    24     33     27     30   1308.348     27.500     -0.990
    25     34     28     31   1164.916     28.500     -0.990
    26     35     29     32   1171.624     29.500     -0.990
    27     36     30     33   1172.859     30.500     -0.990
    28     37     31     34   1262.438     31.500     -0.990
    29     38     32     35   1187.939     32.500     -0.990
    30     39     33     36    956.987     33.500     -0.990
    31     40     34     37    869.167     34.500     -0.990
    32     41     35     38    737.338     35.500     -0.990
    33     42     36     39    734.234     36.500     -0.990
    34     43     37     40    771.882     37.500     -0.990
    35     44     38     41    882.593     38.500     -0.990
    36     45     39     42    823.419     39.500     -0.990
    37     46     40     43    904.089     40.500     -0.990
    38     47     41     44   1069.723     41.500     -0.990
    39     48     42     45   1147.786     42.500     -0.990
     1     13      5      9    761.532      6.000     -1.320
     2     14      6     10   1150.540      7.000     -1.320
     3     15      7     11   1412.516      8.000     -1.320
     4     16      8     12   1542.036      9.000     -1.320
     5     17      9     13   1559.230     10.000     -1.320
     6     18     10     14   1472.083     11.000     -1.320
     7     19     11     15   1355.548     12.000     -1.320
     8     20     12     16   1292.805     13.000     -1.320
     9     21     13     17   1361.250     14.000     -1.320
    10     22     14     18   1597.973     15.000     -1.320
    11     23     15     19   1855.210     16.000     -1.320
    12     24     16     20   1868.345     17.000     -1.320
    13     25     17     21   1733.026     18.000     -1.320
    14     26     18     22   1587.705     19.000     -1.320
    15     27     19     23   1374.841     20.000     -1.320
    16     28     20     24   1248.901     21.000     -1.320
    17     29     21     25   1204.412     22.000     -1.320
    18     30     22     26   1121.401     23.000     -1.320
    19     31     23     27   1316.337     24.000     -1.320
    20     32     24     28   1330.688     25.000     -1.320
    21     33     25     29   1188.798     26.000     -1.320
    22     34     26     30   1103.698     27.000     -1.320
    23     35     27     31    942.744     28.000     -1.320
    24     36     28     32    847.769     29.000     -1.320
    25     37     29     33    830.354     30.000     -1.320
    26     38     30     34   1630.324     31.000     -1.320
    27     39     31     35    879.196     32.000     -1.320
    28     40     32     36    848.184     33.000     -1.320
    29     41     33     37    709.394     34.000     -1.320
    30     42     34     38    635.179     35.000     -1.320
    31     43     35     39    606.417     36.000     -1.320
    32     44     36     40    623.848     37.000     -1.320
    33     45     37     41    647.494     38.000     -1.320
    34     46     38     42   1499.351     39.000     -1.320
    35     47     39     43    759.424     40.000     -1.320
    36     48     40     44    826.982     41.000     -1.320
     1     16      6     11    926.016      7.500     -1.650
     2     17      7     12    997.135      8.500     -1.650
     3     18      8     13   1029.955      9.500     -1.650
     4     19      9     14    974.336     10.500     -1.650
     5     20     10     15    958.914     11.500     -1.650
     6     21     11     16   1002.773     12.500     -1.650
     7     22     12     17    914.192     13.500     -1.650
     8     23     13     18    949.225     14.500     -1.650
     9     24     14     19   1084.679     15.500     -1.650
    10     25     15     20   1339.886     16.500     -1.650
    11     26     16     21   1314.272     17.500     -1.650
    12     27     17     22   1224.838     18.500     -1.650
    13     28     18     23   1090.547     19.500     -1.650
    14     29     19     24    963.613     20.500     -1.650
    15     30     20     25    857.740     21.500     -1.650
    16     31     21     26    908.690     22.500     -1.650
    17     32     22     27    906.206     23.500     -1.650
    18     33     23     28    927.420     24.500     -1.650
    19     34     24     29    891.086     25.500     -1.650
    20     35     25     30    914.760     26.500     -1.650
    21     36     26     31    848.262     27.500     -1.650
    22     37     27     32    769.293     28.500     -1.650
    23     38     28     33    873.121     29.500     -1.650
    24     39     29     34    676.768     30.500     -1.650
    25     40     30     35    591.372     31.500     -1.650
    26     41     31     36    602.483     32.500     -1.650
    27     42     32     37    611.644     33.500     -1.650
    28     43     33     38    549.842     34.500     -1.650
    29     44     34     39    494.751     35.500     -1.650
    30     45     35     40    505.664     36.500     -1.650
    31     46     36     41    535.585     37.500     -1.650
    32     47     37     42    562.920     38.500     -1.650
    33     48     38     43    787.987     39.500     -1.650
     1     19      7     13    645.246      9.000     -1.980
     2     20      8     14    632.822     10.000     -1.980
     3     21      9     15    662.679     11.000     -1.980
     4     22     10     16    691.809     12.000     -1.980
     5     23     11     17    760.561     13.000     -1.980
     6     24     12     18    746.766     14.000     -1.980
     7     25     13     19    755.306     15.000     -1.980
     8     26     14     20    789.261     16.000     -1.980
     9     27     15     21    794.171     17.000     -1.980
    10     28     16     22    827.504     18.000     -1.980
    11     29     17     23    788.046     19.000     -1.980
    12     30     18     24    758.280     20.000     -1.980
    13     31     19     25    702.083     21.000     -1.980
    14     32     20     26    629.303     22.000     -1.980
    15     33     21     27    621.630     23.000     -1.980
    16     34     22     28    625.724     24.000     -1.980
    17     35     23     29    652.558     25.000     -1.980
    18     36     24     30    654.815     26.000     -1.980
    19     37     25     31    690.842     27.000     -1.980
    20     38     26     32    787.971     28.000     -1.980
    21     39     27     33    651.435     29.000     -1.980
    22     40     28     34    577.851     30.000     -1.980
    23     41     29     35    519.706     31.000     -1.980
    24     42     30     36    475.415     32.000     -1.980
    25     43     31     37    462.451     33.000     -1.980
    26     44     32     38    433.402     34.000     -1.980
    27     45     33     39    416.657     35.000     -1.980
    28     46     34     40    432.973     36.000     -1.980
    29     47     35     41    431.564     37.000     -1.980
    30     48     36     42    436.285     38.000     -1.980
     1     22      8     15    448.340     10.500     -2.310
     2     23      9     16    535.378     11.500     -2.310
     3     24     10     17    555.630     12.500     -2.310
     4     25     11     18    583.187     13.500     -2.310
     5     26     12     19    594.840     14.500     -2.310
     6     27     13     20    572.576     15.500     -2.310
     7     28     14     21    514.231     16.500     -2.310
     8     29     15     22    499.436     17.500     -2.310
     9     30     16     23    473.067     18.500     -2.310
    10     31     17     24    517.252     19.500     -2.310
    11     32     18     25    511.967     20.500     -2.310
    12     33     19     26    480.137     21.500     -2.310
    13     34     20     27    461.047     22.500     -2.310
    14     35     21     28    442.166     23.500     -2.310
    15     36     22     29    431.008     24.500     -2.310
    16     37     23     30    491.153     25.500     -2.310
    17     38     24     31    558.045     26.500     -2.310
    18     39     25     32    546.471     27.500     -2.310
    19     40     26     33    566.845     28.500     -2.310
    20     41     27     34    542.685     29.500     -2.310
    21     42     28     35    475.732     30.500     -2.310
    22     43     29     36    443.060     31.500     -2.310
    23     44     30     37    385.231     32.500     -2.310
    24     45     31     38    370.730     33.500     -2.310
    25     46     32     39    357.066     34.500     -2.310
    26     47     33     40    342.717     35.500     -2.310
    27     48     34     41    345.718     36.500     -2.310
     1     25      9     17    427.878     12.000     -2.640
     2     26     10     18    447.634     13.000     -2.640
     3     27     11     19    437.717     14.000     -2.640
     4     28     12     20    406.098     15.000     -2.640
     5     29     13     21    387.857     16.000     -2.640
     6     30     14     22    370.227     17.000     -2.640
     7     31     15     23    341.775     18.000     -2.640
     8     32     16     24    310.435     19.000     -2.640
     9     33     17     25    299.950     20.000     -2.640
    10     34     18     26    334.056     21.000     -2.640
    11     35     19     27    343.633     22.000     -2.640
    12     36     20     28    344.372     23.000     -2.640
    13     37     21     29    340.853     24.000     -2.640
    14     38     22     30    367.354     25.000     -2.640
    15     39     23     31    375.640     26.000     -2.640
    16     40     24     32    408.322     27.000     -2.640
    17     41     25     33    445.711     28.000     -2.640
    18     42     26     34    453.516     29.000     -2.640
    19     43     27     35    431.422     30.000     -2.640
    20     44     28     36    398.675     31.000     -2.640
    21     45     29     37    372.489     32.000     -2.640
    22     46     30     38    337.975     33.000     -2.640
    23     47     31     39    316.646     34.000     -2.640
    24     48     32     40    298.068     35.000     -2.640
     1     28     10     19    317.217     13.500     -2.970
     2     29     11     20    320.692     14.500     -2.970
     3     30     12     21    284.709     15.500     -2.970
     4     31     13     22    270.218     16.500     -2.970
     5     32     14     23    260.157     17.500     -2.970
     6     33     15     24    247.566     18.500     -2.970
     7     34     16     25    219.643     19.500     -2.970
     8     35     17     26    209.324     20.500     -2.970
     9     36     18     27    230.308     21.500     -2.970
    10     37     19     28    255.657     22.500     -2.970
    11     38     20     29    281.364     23.500     -2.970
    12     39     21     30    279.376     24.500     -2.970
    13     40     22     31    284.864     25.500     -2.970
    14     41     23     32    303.509     26.500     -2.970
    15     42     24     33    332.489     27.500     -2.970
    16     43     25     34    359.960     28.500     -2.970
    17     44     26     35    362.928     29.500     -2.970
    18     45     27     36    346.727     30.500     -2.970
    19     46     28     37    329.316     31.500     -2.970
    20     47     29     38    314.529     32.500     -2.970
    21     48     30     39    281.434     33.500     -2.970
     1     31     11     21    229.466     15.000     -3.300
     2     32     12     22    209.327     16.000     -3.300
     3     33     13     23    186.218     17.000     -3.300
     4     34     14     24    185.527     18.000     -3.300
     5     35     15     25    187.751     19.000     -3.300
     6     36     16     26    186.284     20.000     -3.300
     7     37     17     27    183.375     21.000     -3.300
     8     38     18     28    196.743     22.000     -3.300
     9     39     19     29    196.484     23.000     -3.300
    10     40     20     30    216.562     24.000     -3.300
    11     41     21     31    227.822     25.000     -3.300
    12     42     22     32    243.237     26.000     -3.300
    13     43     23     33    269.667     27.000     -3.300
    14     44     24     34    274.066     28.000     -3.300
    15     45     25     35    287.292     29.000     -3.300
    16     46     26     36    296.277     30.000     -3.300
    17     47     27     37    280.195     31.000     -3.300
    18     48     28     38    254.137     32.000     -3.300
     1     34     12     23    152.575     16.500     -3.630
     2     35     13     24    149.643     17.500     -3.630
     3     36     14     25    153.718     18.500     -3.630
     4     37     15     26    160.893     19.500     -3.630
     5     38     16     27    175.662     20.500     -3.630
     6     39     17     28    172.241     21.500     -3.630
     7     40     18     29    167.672     22.500     -3.630
     8     41     19     30    166.918     23.500     -3.630
     9     42     20     31    178.044     24.500     -3.630
    10     43     21     32    186.619     25.500     -3.630
    11     44     22     33    212.226     26.500     -3.630
    12     45     23     34    233.551     27.500     -3.630
    13     46     24     35    241.893     28.500     -3.630
    14     47     25     36    236.150     29.500     -3.630
    15     48     26     37    226.184     30.500     -3.630
     1     37     13     25    131.218     18.000     -3.960
     2     38     14     26    146.866     19.000     -3.960
     3     39     15     27    154.462     20.000     -3.960
     4     40     16     28    156.644     21.000     -3.960
     5     41     17     29    154.301     22.000     -3.960
     6     42     18     30    159.085     23.000     -3.960
     7     43     19     31    154.439     24.000     -3.960
     8     44     20     32    156.590     25.000     -3.960
     9     45     21     33    173.340     26.000     -3.960
    10     46     22     34    189.476     27.000     -3.960
    11     47     23     35    200.328     28.000     -3.960
    12     48     24     36    199.816     29.000     -3.960
     1     40     14     27    140.779     19.500     -4.290
     2     41     15     28    144.634     20.500     -4.290
     3     42     16     29    144.877     21.500     -4.290
     4     43     17     30    145.668     22.500     -4.290
     5     44     18     31    147.539     23.500     -4.290
     6     45     19     32    148.912     24.500     -4.290
     7     46     20     33    152.148     25.500     -4.290
     8     47     21     34    156.248     26.500     -4.290
     9     48     22     35    156.479     27.500     -4.290
     1     43     15     29    138.136     21.000     -4.620
     2     44     16     30    139.875     22.000     -4.620
     3     45     17     31    139.912     23.000     -4.620
     4     46     18     32    135.010     24.000     -4.620
     5     47     19     33    141.128     25.000     -4.620
     6     48     20     34    141.813     26.000     -4.620
     1     46     16     31    130.738     22.500     -4.950
     2     47     17     32    124.276     23.500     -4.950
     3     48     18     33    129.708     24.500     -4.950
     1      2      4      3   1595.311      1.500     -0.585
     2      3      5      4   1787.750      2.500     -0.585
     3      4      6      5   1576.018      3.500     -0.585
     4      5      7      6   1642.620      4.500     -0.585
     5      6      8      7   2060.991      5.500     -0.585
     6      7      9      8   1535.982      6.500     -0.585
     7      8     10      9   2437.938      7.500     -0.585
     8      9     11     10   3579.260      8.500     -0.585
     9     10     12     11   5630.134      9.500     -0.585
    10     11     13     12   3705.385     10.500     -0.585
    11     12     14     13   3312.429     11.500     -0.585
    12     13     15     14   3541.509     12.500     -0.585
    13     14     16     15   3841.873     13.500     -0.585
    14     15     17     16   4378.609     14.500     -0.585
    15     16     18     17   3950.326     15.500     -0.585
    16     17     19     18   3856.084     16.500     -0.585
    17     18     20     19   3579.642     17.500     -0.585
    18     19     21     20   2826.561     18.500     -0.585
    19     20     22     21   2851.278     19.500     -0.585
    20     21     23     22   1462.152     20.500     -0.585
    21     22     24     23   1849.123     21.500     -0.585
    22     23     25     24   1371.033     22.500     -0.585
    23     24     26     25   1655.334     23.500     -0.585
    24     25     27     26   2236.184     24.500     -0.585
    25     26     28     27   2368.355     25.500     -0.585
    26     27     29     28   2661.730     26.500     -0.585
    27     28     30     29   3338.752     27.500     -0.585
    28     29     31     30   1856.985     28.500     -0.585
    29     30     32     31   2465.126     29.500     -0.585
    30     31     33     32   3134.951     30.500     -0.585
    31     32     34     33   2383.592     31.500     -0.585
    32     33     35     34   2107.082     32.500     -0.585
    33     34     36     35   1668.457     33.500     -0.585
    34     35     37     36   1165.988     34.500     -0.585
    35     36     38     37   1307.066     35.500     -0.585
    36     37     39     38   1078.221     36.500     -0.585
    37     38     40     39   1265.240     37.500     -0.585
    38     39     41     40    893.583     38.500     -0.585
    39     40     42     41   1292.534     39.500     -0.585
    40     41     43     42   1427.797     40.500     -0.585
    41     42     44     43   1587.473     41.500     -0.585
    42     43     45     44   1594.617     42.500     -0.585
    43     44     46     45   1965.709     43.500     -0.585
    44     45     47     46   2174.563     44.500     -0.585
    45     46     48     47   3361.017     45.500     -0.585
     1      2      5      4   1218.429      2.000     -0.780
     2      3      6      5   1336.827      3.000     -0.780
     3      4      7      6   1241.488      4.000     -0.780
     4      5      8      7   1741.590      5.000     -0.780
     5      6      9      8   1899.739      6.000     -0.780
     6      7     10      9   1673.066      7.000     -0.780
     7      8     11     10   2277.419      8.000     -0.780
     8      9     12     11   3736.682      9.000     -0.780
     9     10     13     12   4704.978     10.000     -0.780
    10     11     14     13   3193.605     11.000     -0.780
    11     12     15     14   3571.776     12.000     -0.780
    12     13     16     15   4564.513     13.000     -0.780
    13     14     17     16   3831.188     14.000     -0.780
    14     15     18     17   4013.702     15.000     -0.780
    15     16     19     18   4564.090     16.000     -0.780
    16     17     20     19   3867.358     17.000     -0.780
    17     18     21     20   2934.518     18.000     -0.780
    18     19     22     21   3012.811     19.000     -0.780
    19     20     23     22   2049.754     20.000     -0.780
    20     21     24     23   1869.336     21.000     -0.780
    21     22     25     24   1658.855     22.000     -0.780
    22     23     26     25   1542.552     23.000     -0.780
    23     24     27     26   1908.645     24.000     -0.780
    24     25     28     27   2006.438     25.000     -0.780
    25     26     29     28   2079.701     26.000     -0.780
    26     27     30     29   3084.001     27.000     -0.780
    27     28     31     30   2478.232     28.000     -0.780
    28     29     32     31   2623.402     29.000     -0.780
    29     30     33     32   2547.671     30.000     -0.780
    30     31     34     33   2470.165     31.000     -0.780
    31     32     35     34   2050.328     32.000     -0.780
    32     33     36     35   1618.123     33.000     -0.780
    33     34     37     36   1282.828     34.000     -0.780
    34     35     38     37   2984.271     35.000     -0.780
    35     36     39     38    517.409     36.000     -0.780
    36     37     40     39   1163.871     37.000     -0.780
    37     38     41     40    969.172     38.000     -0.780
    38     39     42     41    865.676     39.000     -0.780
    39     40     43     42   1404.485     40.000     -0.780
    40     41     44     43   1513.490     41.000     -0.780
    41     42     45     44   1511.949     42.000     -0.780
    42     43     46     45   1568.980     43.000     -0.780
    43     44     47     46   2331.691     44.000     -0.780
    44     45     48     47   2600.595     45.000     -0.780
     1      2      6      5    968.915      2.500     -0.975
     2      3      7      6    948.304      3.500     -0.975
     3      4      8      7   1236.414      4.500     -0.975
     4      5      9      8   1731.792      5.500     -0.975
     5      6     10      9   1991.805      6.500     -0.975
     6      7     11     10   1616.902      7.500     -0.975
     7      8     12     11   2256.749      8.500     -0.975
     8      9     13     12   2944.821      9.500     -0.975
     9     10     14     13   3514.191     10.500     -0.975
    10     11     15     14   3450.840     11.500     -0.975
    11     12     16     15   4567.419     12.500     -0.975
    12     13     17     16   4388.923     13.500     -0.975
    13     14     18     17   3322.636     14.500     -0.975
    14     15     19     18   4050.159     15.500     -0.975
    15     16     20     19   4174.653     16.500     -0.975
    16     17     21     20   3035.642     17.500     -0.975
    17     18     22     21   2859.610     18.500     -0.975
    18     19     23     22   2112.052     19.500     -0.975
    19     20     24     23   2606.612     20.500     -0.975
    20     21     25     24   1694.286     21.500     -0.975
    21     22     26     25   1890.902     22.500     -0.975
    22     23     27     26   1716.534     23.500     -0.975
    23     24     28     27   1879.249     24.500     -0.975
    24     25     29     28   1593.592     25.500     -0.975
    25     26     30     29   2235.991     26.500     -0.975
    26     27     31     30   2211.066     27.500     -0.975
    27     28     32     31   2881.386     28.500     -0.975
    28     29     33     32   2453.495     29.500     -0.975
    29     30     34     33   1961.349     30.500     -0.975
    30     31     35     34   1897.203     31.500     -0.975
    31     32     36     35   1470.547     32.500     -0.975
    32     33     37     36   1249.942     33.500     -0.975
    33     34     38     37  -4000.044     34.500     -0.975
    34     35     39     38  -4248.019     35.500     -0.975
    35     36     40     39    956.695     36.500     -0.975
    36     37     41     40    874.781     37.500     -0.975
    37     38     42     41    799.444     38.500     -0.975
    38     39     43     42    881.140     39.500     -0.975
    39     40     44     43   1323.163     40.500     -0.975
    40     41     45     44   1277.945     41.500     -0.975
    41     42     46     45   1252.727     42.500     -0.975
    42     43     47     46   1666.694     43.500     -0.975
    43     44     48     47   2474.004     44.500     -0.975
     1      2      7      6    782.585      3.000     -1.170
     2      3      8      7    928.571      4.000     -1.170
     3      4      9      8   1262.658      5.000     -1.170
     4      5     10      9   1802.197      6.000     -1.170
     5      6     11     10   1879.355      7.000     -1.170
     6      7     12     11   1623.796      8.000     -1.170
     7      8     13     12   1741.777      9.000     -1.170
     8      9     14     13   2091.710     10.000     -1.170
     9     10     15     14   3611.191     11.000     -1.170
    10     11     16     15   4180.598     12.000     -1.170
    11     12     17     16   4353.071     13.000     -1.170
    12     13     18     17   3667.962     14.000     -1.170
    13     14     19     18   3270.508     15.000     -1.170
    14     15     20     19   3434.849     16.000     -1.170
    15     16     21     20   3085.620     17.000     -1.170
    16     17     22     21   2814.699     18.000     -1.170
    17     18     23     22   1928.295     19.000     -1.170
    18     19     24     23   2520.532     20.000     -1.170
    19     20     25     24   2186.070     21.000     -1.170
    20     21     26     25   1845.002     22.000     -1.170
    21     22     27     26   2017.341     23.000     -1.170
    22     23     28     27   1603.292     24.000     -1.170
    23     24     29     28   1472.432     25.000     -1.170
    24     25     30     29   1632.939     26.000     -1.170
    25     26     31     30   1643.810     27.000     -1.170
    26     27     32     31   2421.483     28.000     -1.170
    27     28     33     32   2536.157     29.000     -1.170
    28     29     34     33   1694.978     30.000     -1.170
    29     30     35     34   1505.370     31.000     -1.170
    30     31     36     35   1340.761     32.000     -1.170
    31     32     37     36   1163.376     33.000     -1.170
    32     33     38     37   -576.073     34.000     -1.170
    33     34     39     38  10880.312     35.000     -1.170
    34     35     40     39    715.311     36.000     -1.170
    35     36     41     40    761.542     37.000     -1.170
    36     37     42     41    715.081     38.000     -1.170
    37     38     43     42    763.705     39.000     -1.170
    38     39     44     43    805.071     40.000     -1.170
    39     40     45     44   1051.114     41.000     -1.170
    40     41     46     45   1019.852     42.000     -1.170
    41     42     47     46   1269.819     43.000     -1.170
    42     43     48     47   1737.688     44.000     -1.170
     1      2      8      7    806.066      3.500     -1.365
     2      3      9      8    973.180      4.500     -1.365
     3      4     10      9   1344.318      5.500     -1.365
     4      5     11     10   1690.526      6.500     -1.365
     5      6     12     11   1843.569      7.500     -1.365
     6      7     13     12   1269.954      8.500     -1.365
     7      8     14     13   1229.777      9.500     -1.365
     8      9     15     14   2122.497     10.500     -1.365
     9     10     16     15   4134.820     11.500     -1.365
    10     11     17     16   3769.255     12.500     -1.365
    11     12     18     17   3467.334     13.500     -1.365
    12     13     19     18   3292.306     14.500     -1.365
    13     14     20     19   2681.102     15.500     -1.365
    14     15     21     20   2421.278     16.500     -1.365
    15     16     22     21   2751.713     17.500     -1.365
    16     17     23     22   1848.767     18.500     -1.365
    17     18     24     23   2162.563     19.500     -1.365
    18     19     25     24   2024.237     20.500     -1.365
    19     20     26     25   2248.811     21.500     -1.365
    20     21     27     26   1898.244     22.500     -1.365
    21     22     28     27   1828.434     23.500     -1.365
    22     23     29     28   1194.623     24.500     -1.365
    23     24     30     29   1514.431     25.500     -1.365
    24     25     31     30   1144.484     26.500     -1.365
    25     26     32     31   1724.038     27.500     -1.365
    26     27     33     32   2127.057     28.500     -1.365
    27     28     34     33   1742.346     29.500     -1.365
    28     29     35     34   1262.514     30.500     -1.365
    29     30     36     35   1128.646     31.500     -1.365
    30     31     37     36   1005.831     32.500     -1.365
    31     32     38     37    119.201     33.500     -1.365
    32     33     39     38   3534.871     34.500     -1.365
    33     34     40     39   1027.162     35.500     -1.365
    34     35     41     40    634.102     36.500     -1.365
    35     36     42     41    623.271     37.500     -1.365
    36     37     43     42    685.980     38.500     -1.365
    37     38     44     43    680.979     39.500     -1.365
    38     39     45     44    658.734     40.500     -1.365
    39     40     46     45    880.445     41.500     -1.365
    40     41     47     46   1042.601     42.500     -1.365
    41     42     48     47   1301.430     43.500     -1.365
     1      3      9      7    905.121      4.000     -1.560
     2      4     10      8   1190.941      5.000     -1.560
     3      5     11      9   1595.331      6.000     -1.560
     4      6     12     10   1795.497      7.000     -1.560
     5      7     13     11   1562.154      8.000     -1.560
     6      8     14     12   1395.889      9.000     -1.560
     7      9     15     13   1778.832     10.000     -1.560
     8     10     16     14   3207.250     11.000     -1.560
     9     11     17     15   3985.834     12.000     -1.560
    10     12     18     16   3814.833     13.000     -1.560
    11     13     19     17   3464.956     14.000     -1.560
    12     14     20     18   3059.893     15.000     -1.560
    13     15     21     19   2801.429     16.000     -1.560
    14     16     22     20   2718.333     17.000     -1.560
    15     17     23     21   2433.775     18.000     -1.560
    16     18     24     22   1979.498     19.000     -1.560
    17     19     25     23   2209.239     20.000     -1.560
    18     20     26     24   2151.225     21.000     -1.560
    19     21     27     25   2008.556     22.000     -1.560
    20     22     28     26   1899.004     23.000     -1.560
    21     23     29     27   1520.698     24.000     -1.560
    22     24     30     28   1380.822     25.000     -1.560
    23     25     31     29   1417.870     26.000     -1.560
    24     26     32     30   1479.167     27.000     -1.560
    25     27     33     31   2048.973     28.000     -1.560
    26     28     34     32   2113.063     29.000     -1.560
    27     29     35     33   1544.175     30.000     -1.560
    28     30     36     34   1275.758     31.000     -1.560
    29     31     37     35   1149.460     32.000     -1.560
    30     32     38     36    758.671     33.000     -1.560
    31     33     39     37    888.374     34.000     -1.560
    32     34     40     38   5578.875     35.000     -1.560
    33     35     41     39    776.186     36.000     -1.560
    34     36     42     40    668.059     37.000     -1.560
    35     37     43     41    672.887     38.000     -1.560
    36     38     44     42    706.652     39.000     -1.560
    37     39     45     43    703.885     40.000     -1.560
    38     40     46     44    854.520     41.000     -1.560
    39     41     47     45    976.007     42.000     -1.560
    40     42     48     46   1190.842     43.000     -1.560
     1      3     11      9   1019.889      5.000     -1.950
     2      4     12     10   1123.845      6.000     -1.950
     3      5     13     11   1328.891      7.000     -1.950
     4      6     14     12   1178.297      8.000     -1.950
     5      7     15     13    928.315      9.000     -1.950
     6      8     16     14   1122.488     10.000     -1.950
     7      9     17     15   1804.857     11.000     -1.950
     8     10     18     16   2631.305     12.000     -1.950
     9     11     19     17   2674.087     13.000     -1.950
    10     12     20     18   2604.325     14.000     -1.950
    11     13     21     19   2190.581     15.000     -1.950
    12     14     22     20   1686.624     16.000     -1.950
    13     15     23     21   1582.521     17.000     -1.950
    14     16     24     22   1598.125     18.000     -1.950
    15     17     25     23   1795.702     19.000     -1.950
    16     18     26     24   1657.249     20.000     -1.950
    17     19     27     25   1928.716     21.000     -1.950
    18     20     28     26   2066.641     22.000     -1.950
    19     21     29     27   1576.934     23.000     -1.950
    20     22     30     28   1244.279     24.000     -1.950
    21     23     31     29   1075.506     25.000     -1.950
    22     24     32     30    968.984     26.000     -1.950
    23     25     33     31   1094.554     27.000     -1.950
    24     26     34     32   1133.405     28.000     -1.950
    25     27     35     33   1123.113     29.000     -1.950
    26     28     36     34   1036.880     30.000     -1.950
    27     29     37     35    810.239     31.000     -1.950
    28     30     38     36    592.490     32.000     -1.950
    29     31     39     37    693.056     33.000     -1.950
    30     32     40     38   1343.260     34.000     -1.950
    31     33     41     39    775.885     35.000     -1.950
    32     34     42     40    695.134     36.000     -1.950
    33     35     43     41    546.820     37.000     -1.950
    34     36     44     42    558.553     38.000     -1.950
    35     37     45     43    547.107     39.000     -1.950
    36     38     46     44    484.887     40.000     -1.950
    37     39     47     45    534.205     41.000     -1.950
    38     40     48     46    795.143     42.000     -1.950
     1      3     13     11    828.649      6.000     -2.340
     2      4     14     12    745.719      7.000     -2.340
     3      5     15     13    750.324      8.000     -2.340
     4      6     16     14    942.519      9.000     -2.340
     5      7     17     15    920.661     10.000     -2.340
     6      8     18     16    864.943     11.000     -2.340
     7      9     19     17   1112.849     12.000     -2.340
     8     10     20     18   1581.223     13.000     -2.340
     9     11     21     19   1538.546     14.000     -2.340
    10     12     22     20   1313.935     15.000     -2.340
    11     13     23     21   1163.757     16.000     -2.340
    12     14     24     22    977.923     17.000     -2.340
    13     15     25     23   1068.506     18.000     -2.340
    14     16     26     24   1263.463     19.000     -2.340
    15     17     27     25   1481.394     20.000     -2.340
    16     18     28     26   1520.647     21.000     -2.340
    17     19     29     27   1405.966     22.000     -2.340
    18     20     30     28   1260.416     23.000     -2.340
    19     21     31     29   1039.259     24.000     -2.340
    20     22     32     30    826.727     25.000     -2.340
    21     23     33     31    748.258     26.000     -2.340
    22     24     34     32    669.110     27.000     -2.340
    23     25     35     33    575.610     28.000     -2.340
    24     26     36     34    542.931     29.000     -2.340
    25     27     37     35    556.006     30.000     -2.340
    26     28     38     36    484.925     31.000     -2.340
    27     29     39     37    475.148     32.000     -2.340
    28     30     40     38    792.345     33.000     -2.340
    29     31     41     39    555.278     34.000     -2.340
    30     32     42     40    534.294     35.000     -2.340
    31     33     43     41    571.187     36.000     -2.340
    32     34     44     42    555.791     37.000     -2.340
    33     35     45     43    490.799     38.000     -2.340
    34     36     46     44    417.788     39.000     -2.340
    35     37     47     45    438.720     40.000     -2.340
    36     38     48     46    497.939     41.000     -2.340
     1      3     15     13    479.279      7.000     -2.730
     2      4     16     14    580.268      8.000     -2.730
     3      5     17     15    727.046      9.000     -2.730
     4      6     18     16    689.437     10.000     -2.730
     5      7     19     17    539.914     11.000     -2.730
     6      8     20     18    498.073     12.000     -2.730
     7      9     21     19    611.983     13.000     -2.730
     8     10     22     20    800.546     14.000     -2.730
     9     11     23     21    756.399     15.000     -2.730
    10     12     24     22    736.844     16.000     -2.730
    11     13     25     23    738.969     17.000     -2.730
    12     14     26     24    672.349     18.000     -2.730
    13     15     27     25    867.683     19.000     -2.730
    14     16     28     26   1127.750     20.000     -2.730
    15     17     29     27   1063.228     21.000     -2.730
    16     18     30     28    893.755     22.000     -2.730
    17     19     31     29    883.318     23.000     -2.730
    18     20     32     30    837.488     24.000     -2.730
    19     21     33     31    674.288     25.000     -2.730
    20     22     34     32    520.185     26.000     -2.730
    21     23     35     33    379.361     27.000     -2.730
    22     24     36     34    321.380     28.000     -2.730
    23     25     37     35    281.498     29.000     -2.730
    24     26     38     36    250.823     30.000     -2.730
    25     27     39     37    333.905     31.000     -2.730
    26     28     40     38    554.290     32.000     -2.730
    27     29     41     39    387.510     33.000     -2.730
    28     30     42     40    360.175     34.000     -2.730
    29     31     43     41    476.447     35.000     -2.730
    30     32     44     42    497.387     36.000     -2.730
    31     33     45     43    483.387     37.000     -2.730
    32     34     46     44    362.946     38.000     -2.730
    33     35     47     45    323.336     39.000     -2.730
    34     36     48     46    443.532     40.000     -2.730
     1      4     16     13    547.634      7.500     -2.925
     2      5     17     14    662.299      8.500     -2.925
     3      6     18     15    749.349      9.500     -2.925
     4      7     19     16    631.424     10.500     -2.925
     5      8     20     17    579.607     11.500     -2.925
     6      9     21     18    666.182     12.500     -2.925
     7     10     22     19    841.004     13.500     -2.925
     8     11     23     20    832.888     14.500     -2.925
     9     12     24     21    827.228     15.500     -2.925
    10     13     25     22    745.736     16.500     -2.925
    11     14     26     23    754.834     17.500     -2.925
    12     15     27     24    820.549     18.500     -2.925
    13     16     28     25   1044.296     19.500     -2.925
    14     17     29     26   1126.252     20.500     -2.925
    15     18     30     27   1055.006     21.500     -2.925
    16     19     31     28    928.173     22.500     -2.925
    17     20     32     29    919.942     23.500     -2.925
    18     21     33     30    728.517     24.500     -2.925
    19     22     34     31    641.375     25.500     -2.925
    20     23     35     32    478.394     26.500     -2.925
    21     24     36     33    391.221     27.500     -2.925
    22     25     37     34    326.538     28.500     -2.925
    23     26     38     35    300.846     29.500     -2.925
    24     27     39     36    341.056     30.500     -2.925
    25     28     40     37    392.432     31.500     -2.925
    26     29     41     38    518.578     32.500     -2.925
    27     30     42     39    390.180     33.500     -2.925
    28     31     43     40    424.918     34.500     -2.925
    29     32     44     41    483.265     35.500     -2.925
    30     33     45     42    489.723     36.500     -2.925
    31     34     46     43    463.032     37.500     -2.925
    32     35     47     44    373.454     38.500     -2.925
    33     36     48     45    388.056     39.500     -2.925
     1      4     19     16    370.186      9.000     -3.510
     2      5     20     17    356.322     10.000     -3.510
     3      6     21     18    312.757     11.000     -3.510
     4      7     22     19    271.581     12.000     -3.510
     5      8     23     20    213.519     13.000     -3.510
     6      9     24     21    229.599     14.000     -3.510
     7     10     25     22    305.971     15.000     -3.510
     8     11     26     23    461.223     16.000     -3.510
     9     12     27     24    505.591     17.000     -3.510
    10     13     28     25    560.432     18.000     -3.510
    11     14     29     26    526.502     19.000     -3.510
    12     15     30     27    520.316     20.000     -3.510
    13     16     31     28    545.729     21.000     -3.510
    14     17     32     29    610.070     22.000     -3.510
    15     18     33     30    512.105     23.000     -3.510
    16     19     34     31    482.824     24.000     -3.510
    17     20     35     32    397.406     25.000     -3.510
    18     21     36     33    302.027     26.000     -3.510
    19     22     37     34    230.753     27.000     -3.510
    20     23     38     35    161.585     28.000     -3.510
    21     24     39     36    157.891     29.000     -3.510
    22     25     40     37    157.208     30.000     -3.510
    23     26     41     38    233.582     31.000     -3.510
    24     27     42     39    293.558     32.000     -3.510
    25     28     43     40    280.823     33.000     -3.510
    26     29     44     41    286.440     34.000     -3.510
    27     30     45     42    370.586     35.000     -3.510
    28     31     46     43    370.790     36.000     -3.510
    29     32     47     44    514.254     37.000     -3.510
    30     33     48     45    548.240     38.000     -3.510
     1      4     22     19    158.965     10.500     -4.095
     2      5     23     20    152.026     11.500     -4.095
     3      6     24     21    228.416     12.500     -4.095
     4      7     25     22    114.758     13.500     -4.095
     5      8     26     23    109.996     14.500     -4.095
     6      9     27     24    262.466     15.500     -4.095
     7     10     28     25    356.751     16.500     -4.095
     8     11     29     26    350.378     17.500     -4.095
     9     12     30     27    334.030     18.500     -4.095
    10     13     31     28    333.060     19.500     -4.095
    11     14     32     29    398.908     20.500     -4.095
    12     15     33     30    285.322     21.500     -4.095
    13     16     34     31    269.053     22.500     -4.095
    14     17     35     32    201.166     23.500     -4.095
    15     18     36     33    227.430     24.500     -4.095
    16     19     37     34    188.756     25.500     -4.095
    17     20     38     35    155.379     26.500     -4.095
    18     21     39     36    136.882     27.500     -4.095
    19     22     40     37    137.673     28.500     -4.095
    20     23     41     38    136.157     29.500     -4.095
    21     24     42     39    137.998     30.500     -4.095
    22     25     43     40    122.718     31.500     -4.095
    23     26     44     41    137.752     32.500     -4.095
    24     27     45     42    140.349     33.500     -4.095
    25     28     46     43    207.115     34.500     -4.095
    26     29     47     44    256.671     35.500     -4.095
    27     30     48     45    669.702     36.500     -4.095
     1      5     25     21     55.526     12.000     -4.680
     2      6     26     22     95.020     13.000     -4.680
     3      7     27     23     89.341     14.000     -4.680
     4      8     28     24    122.537     15.000     -4.680
     5      9     29     25    181.885     16.000     -4.680
     6     10     30     26    219.542     17.000     -4.680
     7     11     31     27    232.377     18.000     -4.680
     8     12     32     28    265.498     19.000     -4.680
     9     13     33     29    246.990     20.000     -4.680
    10     14     34     30    222.138     21.000     -4.680
    11     15     35     31    180.172     22.000     -4.680
    12     16     36     32    128.011     23.000     -4.680
    13     17     37     33    168.862     24.000     -4.680
    14     18     38     34    146.077     25.000     -4.680
    15     19     39     35    139.321     26.000     -4.680
    16     20     40     36    143.181     27.000     -4.680
    17     21     41     37    126.422     28.000     -4.680
    18     22     42     38    137.523     29.000     -4.680
    19     23     43     39    115.395     30.000     -4.680
    20     24     44     40    112.265     31.000     -4.680
    21     25     45     41    103.401     32.000     -4.680
    22     26     46     42     66.869     33.000     -4.680
    23     27     47     43     61.860     34.000     -4.680
    24     28     48     44    111.366     35.000     -4.680
     1      5     29     25    161.244     14.000     -5.460
     2      6     30     26     97.097     15.000     -5.460
     3      7     31     27    125.101     16.000     -5.460
     4      8     32     28    138.592     17.000     -5.460
     5      9     33     29    103.621     18.000     -5.460
     6     10     34     30    136.312     19.000     -5.460
     7     11     35     31    146.857     20.000     -5.460
     8     12     36     32     91.064     21.000     -5.460
     9     13     37     33    120.283     22.000     -5.460
    10     14     38     34     93.207     23.000     -5.460
    11     15     39     35     92.073     24.000     -5.460
    12     16     40     36    115.110     25.000     -5.460
    13     17     41     37    104.951     26.000     -5.460
    14     18     42     38    124.637     27.000     -5.460
    15     19     43     39    125.165     28.000     -5.460
    16     20     44     40    107.563     29.000     -5.460
    17     21     45     41    112.039     30.000     -5.460
    18     22     46     42    100.559     31.000     -5.460
    19     23     47     43     96.875     32.000     -5.460
    20     24     48     44     89.412     33.000     -5.460
     1      6     31     26    114.668     15.000     -5.850
     2      7     32     27    130.345     16.000     -5.850
     3      8     33     28     89.599     17.000     -5.850
     4      9     34     29    104.377     18.000     -5.850
     5     10     35     30    119.072     19.000     -5.850
     6     11     36     31    131.445     20.000     -5.850
     7     12     37     32     95.895     21.000     -5.850
     8     13     38     33    106.643     22.000     -5.850
     9     14     39     34     94.983     23.000     -5.850
    10     15     40     35    107.405     24.000     -5.850
    11     16     41     36     98.602     25.000     -5.850
    12     17     42     37    105.067     26.000     -5.850
    13     18     43     38    114.002     27.000     -5.850
    14     19     44     39    121.202     28.000     -5.850
    15     20     45     40    105.576     29.000     -5.850
    16     21     46     41    108.799     30.000     -5.850
    17     22     47     42    104.517     31.000     -5.850
    18     23     48     43    136.331     32.000     -5.850
     1      6     36     31     61.028     17.500     -6.825
     2      7     37     32      5.390     18.500     -6.825
     3      8     38     33     55.688     19.500     -6.825
     4      9     39     34     53.663     20.500     -6.825
     5     10     40     35     74.418     21.500     -6.825
     6     11     41     36     70.196     22.500     -6.825
     7     12     42     37     85.159     23.500     -6.825
     8     13     43     38     97.661     24.500     -6.825
     9     14     44     39    100.214     25.500     -6.825
    10     15     45     40     68.975     26.500     -6.825
    11     16     46     41    101.401     27.500     -6.825
    12     17     47     42    109.483     28.500     -6.825
    13     18     48     43    202.506     29.500     -6.825
     1      7     37     31     63.896     18.000     -7.020
     2      8     38     32     20.855     19.000     -7.020
     3      9     39     33     62.611     20.000     -7.020
     4     10     40     34     70.414     21.000     -7.020
     5     11     41     35     69.600     22.000     -7.020
     6     12     42     36     78.363     23.000     -7.020
     7     13     43     37     85.171     24.000     -7.020
     8     14     44     38     97.368     25.000     -7.020
     9     15     45     39     98.282     26.000     -7.020
    10     16     46     40     86.881     27.000     -7.020
    11     17     47     41    111.740     28.000     -7.020
    12     18     48     42    170.166     29.000     -7.020
     1      7     43     37     60.587     21.000     -8.190
     2      8     44     38     64.324     22.000     -8.190
     3      9     45     39     67.174     23.000     -8.190
     4     10     46     40     59.178     24.000     -8.190
     5     11     47     41     76.714     25.000     -8.190
     6     12     48     42    111.469     26.000     -8.190
     1     10     46     37     66.630     22.500     -8.775
     2     11     47     38     76.205     23.500     -8.775
     3     12     48     39    112.882     24.500     -8.775
