48# Number of electrodes
# x z
0.000     0.000
1.000     0.000
2.000     0.000
3.000     0.000
4.000     0.000
5.000     0.000
6.000     0.000
7.000     0.000
8.000     0.000
9.000     0.000
10.000     0.000
11.000     0.000
12.000     0.000
13.000     0.000
14.000     0.000
15.000     0.000
16.000     0.000
17.000     0.000
18.000     0.000
19.000     0.000
20.000     0.000
21.000     0.000
22.000     0.000
23.000     0.000
24.000     0.000
25.000     0.000
26.000     0.000
27.000     0.000
28.000     0.000
29.000     0.000
30.000     0.000
31.000     0.000
32.000     0.000
33.000     0.000
34.000     0.000
35.000     0.000
36.000     0.000
37.000     0.000
38.000     0.000
39.000     0.000
40.000     0.000
41.000     0.000
42.000     0.000
43.000     0.000
44.000     0.000
45.000     0.000
46.000     0.000
47.000     0.000
909# Number of data
# a   b   m   n      rhoa      x      z
     1      4      2      3   1891.647      1.500     -0.330
     2      5      3      4   2135.531      2.500     -0.330
     3      6      4      5   2537.615      3.500     -0.330
     4      7      5      6   2834.256      4.500     -0.330
     5      8      6      7   2106.026      5.500     -0.330
     6      9      7      8   3205.466      6.500     -0.330
     7     10      8      9   3543.690      7.500     -0.330
     8     11      9     10   5332.252      8.500     -0.330
     9     12     10     11   4665.457      9.500     -0.330
    10     13     11     12   6160.435     10.500     -0.330
    11     14     12     13   5127.195     11.500     -0.330
    12     15     13     14   4951.650     12.500     -0.330
    13     16     14     15   5022.328     13.500     -0.330
    14     17     15     16   5581.925     14.500     -0.330
    15     18     16     17   5150.078     15.500     -0.330
    16     19     17     18   4777.031     16.500     -0.330
    17     20     18     19   4270.882     17.500     -0.330
    18     21     19     20   4041.729     18.500     -0.330
    19     22     20     21   2854.099     19.500     -0.330
    20     23     21     22   3192.696     20.500     -0.330
    21     24     22     23   1891.755     21.500     -0.330
    22     25     23     24   2492.942     22.500     -0.330
    23     26     24     25   2459.461     23.500     -0.330
    24     27     25     26   2520.152     24.500     -0.330
    25     28     26     27   3486.554     25.500     -0.330
    26     29     27     28   3463.476     26.500     -0.330
    27     30     28     29   3077.851     27.500     -0.330
    28     31     29     30   3438.562     28.500     -0.330
    29     32     30     31   3107.620     29.500     -0.330
    30     33     31     32   3247.365     30.500     -0.330
    31     34     32     33   3553.426     31.500     -0.330
    32     35     33     34   3080.888     32.500     -0.330
    33     36     34     35   2525.710     33.500     -0.330
    34     37     35     36   2342.486     34.500     -0.330
    35     38     36     37   1857.177     35.500     -0.330
    36     39     37     38   1838.064     36.500     -0.330
    37     40     38     39   1442.957     37.500     -0.330
    38     41     39     40   1822.000     38.500     -0.330
    39     42     40     41   1566.810     39.500     -0.330
    40     43     41     42   1888.288     40.500     -0.330
    41     44     42     43   2019.395     41.500     -0.330
    42     45     43     44   2472.292     42.500     -0.330
    43     46     44     45   2783.289     43.500     -0.330
    44     47     45     46   3402.382     44.500     -0.330
    45     48     46     47   4239.595     45.500     -0.330
     1      7      3      5   1227.197      3.000     -0.660
     2      8      4      6   1606.780      4.000     -0.660
     3      9      5      7   1511.847      5.000     -0.660
     4     10      6      8   1599.425      6.000     -0.660
     5     11      7      9   2406.230      7.000     -0.660
     6     12      8     10   2860.664      8.000     -0.660
     7     13      9     11   2544.998      9.000     -0.660
     8     14     10     12   3049.031     10.000     -0.660
     9     15     11     13   3940.331     11.000     -0.660
    10     16     12     14   3659.048     12.000     -0.660
    11     17     13     15   3140.636     13.000     -0.660
    12     18     14     16   3798.007     14.000     -0.660
    13     19     15     17   4173.357     15.000     -0.660
    14     20     16     18   3548.601     16.000     -0.660
    15     21     17     19   3251.297     17.000     -0.660
    16     22     18     20   3205.817     18.000     -0.660
    17     23     19     21   2926.331     19.000     -0.660
    18     24     20     22   2485.031     20.000     -0.660
    19     25     21     23   2252.473     21.000     -0.660
    20     26     22     24   2076.393     22.000     -0.660
    21     27     23     25   2119.350     23.000     -0.660
    22     28     24     26   1949.175     24.000     -0.660
    23     29     25     27   2287.083     25.000     -0.660
    24     30     26     28   2365.734     26.000     -0.660
    25     31     27     29   2326.584     27.000     -0.660
    26     32     28     30   2024.166     28.000     -0.660
    27     33     29     31   2303.495     29.000     -0.660
    28     34     30     32   2209.075     30.000     -0.660
    29     35     31     33   2328.083     31.000     -0.660
    30     36     32     34   1928.326     32.000     -0.660
    31     37     33     35   1642.533     33.000     -0.660
    32     38     34     36   1488.831     34.000     -0.660
    33     39     35     37   1522.426     35.000     -0.660
    34     40     36     38   1297.879     36.000     -0.660
    35     41     37     39   1027.411     37.000     -0.660
    36     42     38     40   1132.602     38.000     -0.660
    37     43     39     41   1312.663     39.000     -0.660
    38     44     40     42   1335.718     40.000     -0.660
    39     45     41     43   1238.881     41.000     -0.660
    40     46     42     44   1685.995     42.000     -0.660
    41     47     43     45   1976.753     43.000     -0.660
    42     48     44     46   2284.510     44.000     -0.660
     1     10      4      7    939.994      4.500     -0.990
     2     11      5      8   1078.960      5.500     -0.990
     3     12      6      9   1182.253      6.500     -0.990
     4     13      7     10   1604.815      7.500     -0.990
     5     14      8     11   1956.340      8.500     -0.990
     6     15      9     12   2539.505      9.500     -0.990
     7     16     10     13   2419.775     10.500     -0.990
     8     17     11     14   2149.572     11.500     -0.990
     9     18     12     15   2091.476     12.500     -0.990
    10     19     13     16   2360.898     13.500     -0.990
    11     20     14     17   2400.604     14.500     -0.990
    12     21     15     18   2797.291     15.500     -0.990
    13     22     16     19   2640.549     16.500     -0.990
    14     23     17     20   2452.597     17.500     -0.990
    15     24     18     21   2194.070     18.500     -0.990
    16     25     19     22   2213.594     19.500     -0.990
    17     26     20     23   1916.244     20.500     -0.990
    18     27     21     24   1769.941     21.500     -0.990
    19     28     22     25   1555.617     22.500     -0.990
    20     29     23     26   1759.126     23.500     -0.990
    21     30     24     27   1746.837     24.500     -0.990
    22     31     25     28   1920.700     25.500     -0.990
    23     32     26     29   1719.494     26.500     -0.990
    24     33     27     30   1417.610     27.500     -0.990
    25     34     28     31   1264.406     28.500     -0.990
    26     35     29     32   1260.445     29.500     -0.990
    27     36     30     33   1370.259     30.500     -0.990
    28     37     31     34   1476.630     31.500     -0.990
    29     38     32     35   1282.821     32.500     -0.990
    30     39     33     36   1043.824     33.500     -0.990
    31     40     34     37    992.689     34.500     -0.990
    32     41     35     38    951.984     35.500     -0.990
    33     42     36     39    889.122     36.500     -0.990
    34     43     37     40    883.469     37.500     -0.990
    35     44     38     41    871.083     38.500     -0.990
    36     45     39     42    885.598     39.500     -0.990
    37     46     40     43    971.582     40.500     -0.990
    38     47     41     44   1157.962     41.500     -0.990
    39     48     42     45   1246.845     42.500     -0.990
     1     13      5      9    723.755      6.000     -1.320
     2     14      6     10   1049.871      7.000     -1.320
     3     15      7     11   1360.213      8.000     -1.320
     4     16      8     12   1577.849      9.000     -1.320
     5     17      9     13   1620.121     10.000     -1.320
     6     18     10     14   1537.179     11.000     -1.320
     7     19     11     15   1367.091     12.000     -1.320
     8     20     12     16   1314.526     13.000     -1.320
     9     21     13     17   1403.182     14.000     -1.320
    10     22     14     18   1536.773     15.000     -1.320
    11     23     15     19   1845.630     16.000     -1.320
    12     24     16     20   1905.003     17.000     -1.320
    13     25     17     21   1768.128     18.000     -1.320
    14     26     18     22   1591.357     19.000     -1.320
    15     27     19     23   1372.252     20.000     -1.320
    16     28     20     24   1295.522     21.000     -1.320
    17     29     21     25   1281.701     22.000     -1.320
    18     30     22     26   1165.500     23.000     -1.320
    19     31     23     27   1459.397     24.000     -1.320
    20     32     24     28   1436.995     25.000     -1.320
    21     33     25     29   1254.314     26.000     -1.320
    22     34     26     30   1166.663     27.000     -1.320
    23     35     27     31    965.665     28.000     -1.320
    24     36     28     32    859.154     29.000     -1.320
    25     37     29     33    842.638     30.000     -1.320
    26     38     30     34    848.068     31.000     -1.320
    27     39     31     35    962.215     32.000     -1.320
    28     40     32     36    922.808     33.000     -1.320
    29     41     33     37    771.031     34.000     -1.320
    30     42     34     38    703.573     35.000     -1.320
    31     43     35     39    640.105     36.000     -1.320
    32     44     36     40    651.122     37.000     -1.320
    33     45     37     41    670.575     38.000     -1.320
    34     46     38     42    742.214     39.000     -1.320
    35     47     39     43    734.768     40.000     -1.320
    36     48     40     44    796.156     41.000     -1.320
     1     16      6     11    799.882      7.500     -1.650
     2     17      7     12    911.855      8.500     -1.650
     3     18      8     13    995.071      9.500     -1.650
     4     19      9     14    969.822     10.500     -1.650
     5     20     10     15    960.085     11.500     -1.650
     6     21     11     16   1037.394     12.500     -1.650
     7     22     12     17    897.652     13.500     -1.650
     8     23     13     18    946.433     14.500     -1.650
     9     24     14     19    999.295     15.500     -1.650
    10     25     15     20   1248.354     16.500     -1.650
    11     26     16     21   1236.927     17.500     -1.650
    12     27     17     22   1111.877     18.500     -1.650
    13     28     18     23   1028.639     19.500     -1.650
    14     29     19     24    911.763     20.500     -1.650
    15     30     20     25    839.504     21.500     -1.650
    16     31     21     26    921.640     22.500     -1.650
    17     32     22     27    969.199     23.500     -1.650
    18     33     23     28    975.024     24.500     -1.650
    19     34     24     29    916.171     25.500     -1.650
    20     35     25     30    906.357     26.500     -1.650
    21     36     26     31    838.430     27.500     -1.650
    22     37     27     32    746.526     28.500     -1.650
    23     38     28     33    661.500     29.500     -1.650
    24     39     29     34    640.388     30.500     -1.650
    25     40     30     35    600.320     31.500     -1.650
    26     41     31     36    609.791     32.500     -1.650
    27     42     32     37    648.542     33.500     -1.650
    28     43     33     38    591.689     34.500     -1.650
    29     44     34     39    501.701     35.500     -1.650
    30     45     35     40    481.835     36.500     -1.650
    31     46     36     41    513.245     37.500     -1.650
    32     47     37     42    554.046     38.500     -1.650
    33     48     38     43    535.402     39.500     -1.650
     1     19      7     13    607.024      9.000     -1.980
     2     20      8     14    646.511     10.000     -1.980
     3     21      9     15    629.273     11.000     -1.980
     4     22     10     16    679.547     12.000     -1.980
     5     23     11     17    699.547     13.000     -1.980
     6     24     12     18    704.599     14.000     -1.980
     7     25     13     19    708.258     15.000     -1.980
     8     26     14     20    713.700     16.000     -1.980
     9     27     15     21    721.083     17.000     -1.980
    10     28     16     22    719.563     18.000     -1.980
    11     29     17     23    616.682     19.000     -1.980
    12     30     18     24    627.920     20.000     -1.980
    13     31     19     25    669.708     21.000     -1.980
    14     32     20     26    624.861     22.000     -1.980
    15     33     21     27    606.507     23.000     -1.980
    16     34     22     28    627.870     24.000     -1.980
    17     35     23     29    674.646     25.000     -1.980
    18     36     24     30    639.259     26.000     -1.980
    19     37     25     31    644.064     27.000     -1.980
    20     38     26     32    678.227     28.000     -1.980
    21     39     27     33    611.609     29.000     -1.980
    22     40     28     34    553.383     30.000     -1.980
    23     41     29     35    491.933     31.000     -1.980
    24     42     30     36    459.144     32.000     -1.980
    25     43     31     37    476.193     33.000     -1.980
    26     44     32     38    447.270     34.000     -1.980
    27     45     33     39    410.654     35.000     -1.980
    28     46     34     40    375.768     36.000     -1.980
    29     47     35     41    369.822     37.000     -1.980
    30     48     36     42    394.288     38.000     -1.980
     1     22      8     15    428.127     10.500     -2.310
     2     23      9     16    504.055     11.500     -2.310
     3     24     10     17    512.888     12.500     -2.310
     4     25     11     18    499.323     13.500     -2.310
     5     26     12     19    513.559     14.500     -2.310
     6     27     13     20    533.011     15.500     -2.310
     7     28     14     21    438.337     16.500     -2.310
     8     29     15     22    432.170     17.500     -2.310
     9     30     16     23    409.929     18.500     -2.310
    10     31     17     24    408.515     19.500     -2.310
    11     32     18     25    386.024     20.500     -2.310
    12     33     19     26    392.965     21.500     -2.310
    13     34     20     27    450.367     22.500     -2.310
    14     35     21     28    421.120     23.500     -2.310
    15     36     22     29    409.515     24.500     -2.310
    16     37     23     30    461.250     25.500     -2.310
    17     38     24     31    488.890     26.500     -2.310
    18     39     25     32    488.914     27.500     -2.310
    19     40     26     33    537.266     28.500     -2.310
    20     41     27     34    512.381     29.500     -2.310
    21     42     28     35    445.755     30.500     -2.310
    22     43     29     36    410.256     31.500     -2.310
    23     44     30     37    363.785     32.500     -2.310
    24     45     31     38    362.870     33.500     -2.310
    25     46     32     39    361.816     34.500     -2.310
    26     47     33     40    299.719     35.500     -2.310
    27     48     34     41    293.237     36.500     -2.310
     1     25      9     17    390.340     12.000     -2.640
     2     26     10     18    413.444     13.000     -2.640
     3     27     11     19    334.023     14.000     -2.640
     4     28     12     20    334.380     15.000     -2.640
     5     29     13     21    345.906     16.000     -2.640
     6     30     14     22    327.165     17.000     -2.640
     7     31     15     23    294.526     18.000     -2.640
     8     32     16     24    262.320     19.000     -2.640
     9     33     17     25    238.197     20.000     -2.640
    10     34     18     26    248.614     21.000     -2.640
    11     35     19     27    287.813     22.000     -2.640
    12     36     20     28    328.749     23.000     -2.640
    13     37     21     29    303.232     24.000     -2.640
    14     38     22     30    339.231     25.000     -2.640
    15     39     23     31    331.581     26.000     -2.640
    16     40     24     32    370.663     27.000     -2.640
    17     41     25     33    421.841     28.000     -2.640
    18     42     26     34    432.262     29.000     -2.640
    19     43     27     35    398.945     30.000     -2.640
    20     44     28     36    362.409     31.000     -2.640
    21     45     29     37    323.144     32.000     -2.640
    22     46     30     38    326.982     33.000     -2.640
    23     47     31     39    292.320     34.000     -2.640
    24     48     32     40    261.424     35.000     -2.640
     1     28     10     19    275.041     13.500     -2.970
     2     29     11     20    230.480     14.500     -2.970
     3     30     12     21    204.143     15.500     -2.970
     4     31     13     22    236.664     16.500     -2.970
     5     32     14     23    186.272     17.500     -2.970
     6     33     15     24    219.425     18.500     -2.970
     7     34     16     25    184.683     19.500     -2.970
     8     35     17     26    167.976     20.500     -2.970
     9     36     18     27    180.588     21.500     -2.970
    10     37     19     28    215.981     22.500     -2.970
    11     38     20     29    280.148     23.500     -2.970
    12     39     21     30    210.384     24.500     -2.970
    13     40     22     31    237.139     25.500     -2.970
    14     41     23     32    264.387     26.500     -2.970
    15     42     24     33    327.885     27.500     -2.970
    16     43     25     34    345.966     28.500     -2.970
    17     44     26     35    341.702     29.500     -2.970
    18     45     27     36    306.775     30.500     -2.970
    19     46     28     37    243.302     31.500     -2.970
    20     47     29     38    248.151     32.500     -2.970
    21     48     30     39    241.730     33.500     -2.970
     1     31     11     21    171.196     15.000     -3.300
     2     32     12     22    140.112     16.000     -3.300
     3     33     13     23    145.580     17.000     -3.300
     4     34     14     24    128.705     18.000     -3.300
     5     35     15     25    136.389     19.000     -3.300
     6     36     16     26    167.228     20.000     -3.300
     7     37     17     27    161.698     21.000     -3.300
     8     38     18     28    155.435     22.000     -3.300
     9     39     19     29    178.389     23.000     -3.300
    10     40     20     30    192.860     24.000     -3.300
    11     41     21     31    153.457     25.000     -3.300
    12     42     22     32    206.249     26.000     -3.300
    13     43     23     33    248.651     27.000     -3.300
    14     44     24     34    294.179     28.000     -3.300
    15     45     25     35    276.953     29.000     -3.300
    16     46     26     36    235.648     30.000     -3.300
    17     47     27     37    153.636     31.000     -3.300
    18     48     28     38    192.228     32.000     -3.300
     1     34     12     23     99.065     16.500     -3.630
     2     35     13     24    121.401     17.500     -3.630
     3     36     14     25     73.353     18.500     -3.630
     4     37     15     26    131.954     19.500     -3.630
     5     38     16     27    146.981     20.500     -3.630
     6     39     17     28    147.500     21.500     -3.630
     7     40     18     29    137.574     22.500     -3.630
     8     41     19     30    147.604     23.500     -3.630
     9     42     20     31    153.006     24.500     -3.630
    10     43     21     32    102.563     25.500     -3.630
    11     44     22     33    216.793     26.500     -3.630
    12     45     23     34    257.592     27.500     -3.630
    13     46     24     35    241.980     28.500     -3.630
    14     47     25     36    210.681     29.500     -3.630
    15     48     26     37    111.783     30.500     -3.630
     1     37     13     25    115.394     18.000     -3.960
     2     38     14     26     92.453     19.000     -3.960
     3     39     15     27    117.854     20.000     -3.960
     4     40     16     28    131.180     21.000     -3.960
     5     41     17     29    115.381     22.000     -3.960
     6     42     18     30    134.864     23.000     -3.960
     7     43     19     31    123.799     24.000     -3.960
     8     44     20     32    126.592     25.000     -3.960
     9     45     21     33    157.523     26.000     -3.960
    10     46     22     34    193.807     27.000     -3.960
    11     47     23     35    271.222     28.000     -3.960
    12     48     24     36    231.344     29.000     -3.960
     1     40     14     27    110.763     19.500     -4.290
     2     41     15     28    103.940     20.500     -4.290
     3     42     16     29    101.398     21.500     -4.290
     4     43     17     30    102.342     22.500     -4.290
     5     44     18     31     97.431     23.500     -4.290
     6     45     19     32    116.491     24.500     -4.290
     7     46     20     33    102.258     25.500     -4.290
     8     47     21     34    159.120     26.500     -4.290
     9     48     22     35    168.901     27.500     -4.290
     1     43     15     29    105.897     21.000     -4.620
     2     44     16     30    103.243     22.000     -4.620
     3     45     17     31     92.372     23.000     -4.620
     4     46     18     32     52.340     24.000     -4.620
     5     47     19     33     86.589     25.000     -4.620
     6     48     20     34    166.555     26.000     -4.620
     1     46     16     31     50.738     22.500     -4.950
     2     47     17     32     13.803     23.500     -4.950
     3     48     18     33     45.865     24.500     -4.950
     1      2      4      3   2692.966      1.500     -0.585
     2      3      5      4   3295.724      2.500     -0.585
     3      4      6      5   2668.116      3.500     -0.585
     4      5      7      6   2640.902      4.500     -0.585
     5      6      8      7   3935.340      5.500     -0.585
     6      7      9      8   2199.217      6.500     -0.585
     7      8     10      9   3612.018      7.500     -0.585
     8      9     11     10   5499.594      8.500     -0.585
     9     10     12     11   9209.181      9.500     -0.585
    10     11     13     12   5673.196     10.500     -0.585
    11     12     14     13   5258.875     11.500     -0.585
    12     13     15     14   5257.184     12.500     -0.585
    13     14     16     15   6099.061     13.500     -0.585
    14     15     17     16   6200.677     14.500     -0.585
    15     16     18     17   5902.873     15.500     -0.585
    16     17     19     18   5083.465     16.500     -0.585
    17     18     20     19   4985.153     17.500     -0.585
    18     19     21     20   4027.219     18.500     -0.585
    19     20     22     21   3935.691     19.500     -0.585
    20     21     23     22   1928.010     20.500     -0.585
    21     22     24     23   3024.023     21.500     -0.585
    22     23     25     24   1879.147     22.500     -0.585
    23     24     26     25   2191.476     23.500     -0.585
    24     25     27     26   3429.711     24.500     -0.585
    25     26     28     27   3405.720     25.500     -0.585
    26     27     29     28   4298.867     26.500     -0.585
    27     28     30     29   4434.035     27.500     -0.585
    28     29     31     30   2556.466     28.500     -0.585
    29     30     32     31   3292.374     29.500     -0.585
    30     31     33     32   4330.519     30.500     -0.585
    31     32     34     33   3850.633     31.500     -0.585
    32     33     35     34   3889.346     32.500     -0.585
    33     34     36     35   3335.596     33.500     -0.585
    34     35     37     36   1960.228     34.500     -0.585
    35     36     38     37   2052.158     35.500     -0.585
    36     37     39     38   2098.820     36.500     -0.585
    37     38     40     39   2234.810     37.500     -0.585
    38     39     41     40   1220.787     38.500     -0.585
    39     40     42     41   1858.511     39.500     -0.585
    40     41     43     42   2059.978     40.500     -0.585
    41     42     44     43   2434.621     41.500     -0.585
    42     43     45     44   2489.355     42.500     -0.585
    43     44     46     45   2962.072     43.500     -0.585
    44     45     47     46   3608.869     44.500     -0.585
    45     46     48     47   4761.291     45.500     -0.585
     1      2      5      4   1844.384      2.000     -0.780
     2      3      6      5   2103.387      3.000     -0.780
     3      4      7      6   1697.734      4.000     -0.780
     4      5      8      7   2557.985      5.000     -0.780
     5      6      9      8   2705.758      6.000     -0.780
     6      7     10      9   2006.505      7.000     -0.780
     7      8     11     10   2817.938      8.000     -0.780
     8      9     12     11   5156.195      9.000     -0.780
     9     10     13     12   5788.666     10.000     -0.780
    10     11     14     13   3724.025     11.000     -0.780
    11     12     15     14   4501.660     12.000     -0.780
    12     13     16     15   6133.556     13.000     -0.780
    13     14     17     16   5048.814     14.000     -0.780
    14     15     18     17   4649.764     15.000     -0.780
    15     16     19     18   5541.096     16.000     -0.780
    16     17     20     19   4634.443     17.000     -0.780
    17     18     21     20   3667.188     18.000     -0.780
    18     19     22     21   3792.395     19.000     -0.780
    19     20     23     22   2385.500     20.000     -0.780
    20     21     24     23   2403.443     21.000     -0.780
    21     22     25     24   2180.694     22.000     -0.780
    22     23     26     25   1750.600     23.000     -0.780
    23     24     27     26   2477.508     24.000     -0.780
    24     25     28     27   2681.291     25.000     -0.780
    25     26     29     28   2538.534     26.000     -0.780
    26     27     30     29   4114.851     27.000     -0.780
    27     28     31     30   3113.305     28.000     -0.780
    28     29     32     31   3436.687     29.000     -0.780
    29     30     33     32   2964.518     30.000     -0.780
    30     31     34     33   3249.277     31.000     -0.780
    31     32     35     34   2996.107     32.000     -0.780
    32     33     36     35   2951.570     33.000     -0.780
    33     34     37     36   2154.393     34.000     -0.780
    34     35     38     37   1514.802     35.000     -0.780
    35     36     39     38   1299.846     36.000     -0.780
    36     37     40     39   1685.095     37.000     -0.780
    37     38     41     40   1495.045     38.000     -0.780
    38     39     42     41   1088.352     39.000     -0.780
    39     40     43     42   1819.399     40.000     -0.780
    40     41     44     43   2048.676     41.000     -0.780
    41     42     45     44   2289.823     42.000     -0.780
    42     43     46     45   1978.687     43.000     -0.780
    43     44     47     46   2949.399     44.000     -0.780
    44     45     48     47   3291.505     45.000     -0.780
     1      2      6      5   1282.530      2.500     -0.975
     2      3      7      6   1194.784      3.500     -0.975
     3      4      8      7   1620.173      4.500     -0.975
     4      5      9      8   2308.564      5.500     -0.975
     5      6     10      9   2546.342      6.500     -0.975
     6      7     11     10   1982.205      7.500     -0.975
     7      8     12     11   2785.334      8.500     -0.975
     8      9     13     12   3078.827      9.500     -0.975
     9     10     14     13   3771.616     10.500     -0.975
    10     11     15     14   3312.808     11.500     -0.975
    11     12     16     15   5956.985     12.500     -0.975
    12     13     17     16   5337.438     13.500     -0.975
    13     14     18     17   4017.498     14.500     -0.975
    14     15     19     18   4238.490     15.500     -0.975
    15     16     20     19   5005.183     16.500     -0.975
    16     17     21     20   3441.618     17.500     -0.975
    17     18     22     21   3531.488     18.500     -0.975
    18     19     23     22   2410.921     19.500     -0.975
    19     20     24     23   3268.789     20.500     -0.975
    20     21     25     24   2037.910     21.500     -0.975
    21     22     26     25   2194.813     22.500     -0.975
    22     23     27     26   2084.664     23.500     -0.975
    23     24     28     27   2300.114     24.500     -0.975
    24     25     29     28   1893.183     25.500     -0.975
    25     26     30     29   2374.384     26.500     -0.975
    26     27     31     30   2774.190     27.500     -0.975
    27     28     32     31   3571.143     28.500     -0.975
    28     29     33     32   2978.911     29.500     -0.975
    29     30     34     33   2157.587     30.500     -0.975
    30     31     35     34   2346.575     31.500     -0.975
    31     32     36     35   2092.164     32.500     -0.975
    32     33     37     36   1904.255     33.500     -0.975
    33     34     38     37   1221.400     34.500     -0.975
    34     35     39     38    790.005     35.500     -0.975
    35     36     40     39   1112.052     36.500     -0.975
    36     37     41     40   1166.442     37.500     -0.975
    37     38     42     41   1206.725     38.500     -0.975
    38     39     43     42   1033.758     39.500     -0.975
    39     40     44     43   1594.909     40.500     -0.975
    40     41     45     44   1735.043     41.500     -0.975
    41     42     46     45   1531.973     42.500     -0.975
    42     43     47     46   1874.497     43.500     -0.975
    43     44     48     47   2719.632     44.500     -0.975
     1      2      7      6    891.278      3.000     -1.170
     2      3      8      7   1136.971      4.000     -1.170
     3      4      9      8   1462.333      5.000     -1.170
     4      5     10      9   2142.701      6.000     -1.170
     5      6     11     10   1961.084      7.000     -1.170
     6      7     12     11   1659.984      8.000     -1.170
     7      8     13     12   1804.936      9.000     -1.170
     8      9     14     13   2184.928     10.000     -1.170
     9     10     15     14   3447.388     11.000     -1.170
    10     11     16     15   4175.064     12.000     -1.170
    11     12     17     16   5444.167     13.000     -1.170
    12     13     18     17   4635.596     14.000     -1.170
    13     14     19     18   3084.375     15.000     -1.170
    14     15     20     19   3532.068     16.000     -1.170
    15     16     21     20   3448.301     17.000     -1.170
    16     17     22     21   3144.483     18.000     -1.170
    17     18     23     22   2292.732     19.000     -1.170
    18     19     24     23   3037.565     20.000     -1.170
    19     20     25     24   2565.583     21.000     -1.170
    20     21     26     25   2005.310     22.000     -1.170
    21     22     27     26   2467.117     23.000     -1.170
    22     23     28     27   1810.557     24.000     -1.170
    23     24     29     28   1652.776     25.000     -1.170
    24     25     30     29   1638.645     26.000     -1.170
    25     26     31     30   1768.624     27.000     -1.170
    26     27     32     31   3100.877     28.000     -1.170
    27     28     33     32   2835.954     29.000     -1.170
    28     29     34     33   2001.295     30.000     -1.170
    29     30     35     34   1586.907     31.000     -1.170
    30     31     36     35   1582.379     32.000     -1.170
    31     32     37     36   1474.827     33.000     -1.170
    32     33     38     37   1186.855     34.000     -1.170
    33     34     39     38   1443.654     35.000     -1.170
    34     35     40     39    880.830     36.000     -1.170
    35     36     41     40    856.228     37.000     -1.170
    36     37     42     41    891.330     38.000     -1.170
    37     38     43     42   1070.446     39.000     -1.170
    38     39     44     43    897.511     40.000     -1.170
    39     40     45     44   1229.576     41.000     -1.170
    40     41     46     45    906.846     42.000     -1.170
    41     42     47     46   1253.092     43.000     -1.170
    42     43     48     47   1996.690     44.000     -1.170
     1      2      8      7    941.326      3.500     -1.365
     2      3      9      8   1155.419      4.500     -1.365
     3      4     10      9   1418.680      5.500     -1.365
     4      5     11     10   2260.837      6.500     -1.365
     5      6     12     11   2728.351      7.500     -1.365
     6      7     13     12   1169.554      8.500     -1.365
     7      8     14     13   1336.332      9.500     -1.365
     8      9     15     14   1429.803     10.500     -1.365
     9     10     16     15   4677.636     11.500     -1.365
    10     11     17     16   3788.855     12.500     -1.365
    11     12     18     17   3830.089     13.500     -1.365
    12     13     19     18   3486.895     14.500     -1.365
    13     14     20     19   2495.690     15.500     -1.365
    14     15     21     20   2269.091     16.500     -1.365
    15     16     22     21   3224.023     17.500     -1.365
    16     17     23     22   1724.506     18.500     -1.365
    17     18     24     23   2570.306     19.500     -1.365
    18     19     25     24   2229.949     20.500     -1.365
    19     20     26     25   2344.637     21.500     -1.365
    20     21     27     26   2150.339     22.500     -1.365
    21     22     28     27   2123.171     23.500     -1.365
    22     23     29     28   1243.916     24.500     -1.365
    23     24     30     29   1526.529     25.500     -1.365
    24     25     31     30    948.659     26.500     -1.365
    25     26     32     31   1918.006     27.500     -1.365
    26     27     33     32   2465.573     28.500     -1.365
    27     28     34     33   1878.409     29.500     -1.365
    28     29     35     34   1408.434     30.500     -1.365
    29     30     36     35   1216.537     31.500     -1.365
    30     31     37     36   1062.542     32.500     -1.365
    31     32     38     37    987.636     33.500     -1.365
    32     33     39     38    962.473     34.500     -1.365
    33     34     40     39    939.125     35.500     -1.365
    34     35     41     40    700.811     36.500     -1.365
    35     36     42     41    688.001     37.500     -1.365
    36     37     43     42    880.850     38.500     -1.365
    37     38     44     43    896.694     39.500     -1.365
    38     39     45     44    773.371     40.500     -1.365
    39     40     46     45   1067.726     41.500     -1.365
    40     41     47     46   1380.812     42.500     -1.365
    41     42     48     47   1858.956     43.500     -1.365
     1      3      9      7   1075.284      4.000     -1.560
     2      4     10      8   1352.821      5.000     -1.560
     3      5     11      9   1850.170      6.000     -1.560
     4      6     12     10   2163.263      7.000     -1.560
     5      7     13     11   1861.423      8.000     -1.560
     6      8     14     12   1457.501      9.000     -1.560
     7      9     15     13   1721.067     10.000     -1.560
     8     10     16     14   2979.389     11.000     -1.560
     9     11     17     15   4006.315     12.000     -1.560
    10     12     18     16   4321.118     13.000     -1.560
    11     13     19     17   4023.748     14.000     -1.560
    12     14     20     18   3174.552     15.000     -1.560
    13     15     21     19   2775.901     16.000     -1.560
    14     16     22     20   2997.231     17.000     -1.560
    15     17     23     21   2756.486     18.000     -1.560
    16     18     24     22   2208.223     19.000     -1.560
    17     19     25     23   2571.427     20.000     -1.560
    18     20     26     24   2371.952     21.000     -1.560
    19     21     27     25   2183.186     22.000     -1.560
    20     22     28     26   2223.032     23.000     -1.560
    21     23     29     27   1695.890     24.000     -1.560
    22     24     30     28   1457.769     25.000     -1.560
    23     25     31     29   1410.974     26.000     -1.560
    24     26     32     30   1491.506     27.000     -1.560
    25     27     33     31   2392.522     28.000     -1.560
    26     28     34     32   2408.779     29.000     -1.560
    27     29     35     33   1730.953     30.000     -1.560
    28     30     36     34   1374.477     31.000     -1.560
    29     31     37     35   1285.326     32.000     -1.560
    30     32     38     36   1160.478     33.000     -1.560
    31     33     39     37   1061.996     34.000     -1.560
    32     34     40     38   1147.576     35.000     -1.560
    33     35     41     39    840.568     36.000     -1.560
    34     36     42     40    745.573     37.000     -1.560
    35     37     43     41    815.693     38.000     -1.560
    36     38     44     42    934.982     39.000     -1.560
    37     39     45     43    833.067     40.000     -1.560
    38     40     46     44   1026.635     41.000     -1.560
    39     41     47     45   1044.105     42.000     -1.560
    40     42     48     46   1313.124     43.000     -1.560
     1      3     11      9   1259.350      5.000     -1.950
     2      4     12     10   1102.570      6.000     -1.950
     3      5     13     11   1366.849      7.000     -1.950
     4      6     14     12   1227.218      8.000     -1.950
     5      7     15     13    832.445      9.000     -1.950
     6      8     16     14    862.494     10.000     -1.950
     7      9     17     15   1531.285     11.000     -1.950
     8     10     18     16   2460.556     12.000     -1.950
     9     11     19     17   1969.062     13.000     -1.950
    10     12     20     18   1996.469     14.000     -1.950
    11     13     21     19   2279.287     15.000     -1.950
    12     14     22     20   1612.428     16.000     -1.950
    13     15     23     21   1623.308     17.000     -1.950
    14     16     24     22   1626.301     18.000     -1.950
    15     17     25     23   1943.743     19.000     -1.950
    16     18     26     24   1692.757     20.000     -1.950
    17     19     27     25   1943.400     21.000     -1.950
    18     20     28     26   2195.516     22.000     -1.950
    19     21     29     27   1639.078     23.000     -1.950
    20     22     30     28   1250.487     24.000     -1.950
    21     23     31     29   1063.296     25.000     -1.950
    22     24     32     30    985.918     26.000     -1.950
    23     25     33     31   1134.909     27.000     -1.950
    24     26     34     32   1147.077     28.000     -1.950
    25     27     35     33   1248.982     29.000     -1.950
    26     28     36     34   1073.022     30.000     -1.950
    27     29     37     35    884.504     31.000     -1.950
    28     30     38     36    683.243     32.000     -1.950
    29     31     39     37    645.966     33.000     -1.950
    30     32     40     38    708.279     34.000     -1.950
    31     33     41     39    750.830     35.000     -1.950
    32     34     42     40    719.318     36.000     -1.950
    33     35     43     41    497.051     37.000     -1.950
    34     36     44     42    607.113     38.000     -1.950
    35     37     45     43    626.015     39.000     -1.950
    36     38     46     44    570.145     40.000     -1.950
    37     39     47     45    563.717     41.000     -1.950
    38     40     48     46    719.156     42.000     -1.950
     1      3     13     11    335.009      6.000     -2.340
     2      4     14     12    826.493      7.000     -2.340
     3      5     15     13    706.677      8.000     -2.340
     4      6     16     14   1059.846      9.000     -2.340
     5      7     17     15    844.015     10.000     -2.340
     6      8     18     16    726.353     11.000     -2.340
     7      9     19     17    757.647     12.000     -2.340
     8     10     20     18    642.008     13.000     -2.340
     9     11     21     19   1098.175     14.000     -2.340
    10     12     22     20   1240.225     15.000     -2.340
    11     13     23     21   1452.849     16.000     -2.340
    12     14     24     22   1463.103     17.000     -2.340
    13     15     25     23    882.861     18.000     -2.340
    14     16     26     24   1002.570     19.000     -2.340
    15     17     27     25   1410.135     20.000     -2.340
    16     18     28     26   1527.960     21.000     -2.340
    17     19     29     27   1367.173     22.000     -2.340
    18     20     30     28   1177.343     23.000     -2.340
    19     21     31     29   1025.665     24.000     -2.340
    20     22     32     30    906.965     25.000     -2.340
    21     23     33     31    634.936     26.000     -2.340
    22     24     34     32    560.642     27.000     -2.340
    23     25     35     33    631.355     28.000     -2.340
    24     26     36     34    526.731     29.000     -2.340
    25     27     37     35    482.398     30.000     -2.340
    26     28     38     36    578.629     31.000     -2.340
    27     29     39     37    402.702     32.000     -2.340
    28     30     40     38    509.586     33.000     -2.340
    29     31     41     39    389.236     34.000     -2.340
    30     32     42     40    498.035     35.000     -2.340
    31     33     43     41    605.991     36.000     -2.340
    32     34     44     42    417.186     37.000     -2.340
    33     35     45     43    573.698     38.000     -2.340
    34     36     46     44    670.758     39.000     -2.340
    35     37     47     45    964.934     40.000     -2.340
    36     38     48     46    852.715     41.000     -2.340
     1      3     15     13    481.197      7.000     -2.730
     2      4     16     14    597.646      8.000     -2.730
     3      5     17     15    871.285      9.000     -2.730
     4      6     18     16    691.734     10.000     -2.730
     5      7     19     17    685.966     11.000     -2.730
     6      8     20     18      2.024     12.000     -2.730
     7      9     21     19    393.901     13.000     -2.730
     8     10     22     20    556.776     14.000     -2.730
     9     11     23     21    402.834     15.000     -2.730
    10     12     24     22    520.399     16.000     -2.730
    11     13     25     23    264.817     17.000     -2.730
    12     14     26     24    291.867     18.000     -2.730
    13     15     27     25    895.669     19.000     -2.730
    14     16     28     26    990.789     20.000     -2.730
    15     17     29     27    999.445     21.000     -2.730
    16     18     30     28    770.992     22.000     -2.730
    17     19     31     29    970.285     23.000     -2.730
    18     20     32     30   1207.776     24.000     -2.730
    19     21     33     31    464.664     25.000     -2.730
    20     22     34     32    298.451     26.000     -2.730
    21     23     35     33    359.265     27.000     -2.730
    22     24     36     34    290.666     28.000     -2.730
    23     25     37     35    211.709     29.000     -2.730
    24     26     38     36    200.889     30.000     -2.730
    25     27     39     37    321.581     31.000     -2.730
    26     28     40     38    373.093     32.000     -2.730
    27     29     41     39    294.440     33.000     -2.730
    28     30     42     40    208.146     34.000     -2.730
    29     31     43     41    623.066     35.000     -2.730
    30     32     44     42    490.170     36.000     -2.730
    31     33     45     43    425.278     37.000     -2.730
    32     34     46     44   -368.620     38.000     -2.730
    33     35     47     45   -473.887     39.000     -2.730
    34     36     48     46    533.176     40.000     -2.730
     1      4     16     13    466.238      7.500     -2.925
     2      5     17     14    569.394      8.500     -2.925
     3      6     18     15    845.788      9.500     -2.925
     4      7     19     16    479.345     10.500     -2.925
     5      8     20     17    534.272     11.500     -2.925
     6      9     21     18    158.907     12.500     -2.925
     7     10     22     19    512.371     13.500     -2.925
     8     11     23     20    717.433     14.500     -2.925
     9     12     24     21    354.560     15.500     -2.925
    10     13     25     22    554.488     16.500     -2.925
    11     14     26     23    395.728     17.500     -2.925
    12     15     27     24    475.518     18.500     -2.925
    13     16     28     25   1015.247     19.500     -2.925
    14     17     29     26   1045.964     20.500     -2.925
    15     18     30     27    980.786     21.500     -2.925
    16     19     31     28    941.976     22.500     -2.925
    17     20     32     29    961.112     23.500     -2.925
    18     21     33     30    658.628     24.500     -2.925
    19     22     34     31    535.442     25.500     -2.925
    20     23     35     32    364.326     26.500     -2.925
    21     24     36     33    371.021     27.500     -2.925
    22     25     37     34    295.761     28.500     -2.925
    23     26     38     35    249.182     29.500     -2.925
    24     27     39     36    291.576     30.500     -2.925
    25     28     40     37    350.376     31.500     -2.925
    26     29     41     38    330.137     32.500     -2.925
    27     30     42     39    213.330     33.500     -2.925
    28     31     43     40    420.558     34.500     -2.925
    29     32     44     41    567.081     35.500     -2.925
    30     33     45     42    412.766     36.500     -2.925
    31     34     46     43    163.720     37.500     -2.925
    32     35     47     44    -85.824     38.500     -2.925
    33     36     48     45    203.055     39.500     -2.925
     1      4     19     16    294.831      9.000     -3.510
     2      5     20     17    127.416     10.000     -3.510
     3      6     21     18    296.901     11.000     -3.510
     4      7     22     19    201.092     12.000     -3.510
     5      8     23     20    245.184     13.000     -3.510
     6      9     24     21     52.556     14.000     -3.510
     7     10     25     22    154.876     15.000     -3.510
     8     11     26     23    806.385     16.000     -3.510
     9     12     27     24    818.712     17.000     -3.510
    10     13     28     25    433.299     18.000     -3.510
    11     14     29     26    360.668     19.000     -3.510
    12     15     30     27    395.502     20.000     -3.510
    13     16     31     28    585.245     21.000     -3.510
    14     17     32     29   1198.290     22.000     -3.510
    15     18     33     30    464.932     23.000     -3.510
    16     19     34     31    214.704     24.000     -3.510
    17     20     35     32      9.263     25.000     -3.510
    18     21     36     33    372.690     26.000     -3.510
    19     22     37     34    201.449     27.000     -3.510
    20     23     38     35    150.601     28.000     -3.510
    21     24     39     36    140.354     29.000     -3.510
    22     25     40     37    174.215     30.000     -3.510
    23     26     41     38    202.003     31.000     -3.510
    24     27     42     39    339.247     32.000     -3.510
    25     28     43     40    260.215     33.000     -3.510
    26     29     44     41    314.535     34.000     -3.510
    27     30     45     42    628.652     35.000     -3.510
    28     31     46     43   1035.961     36.000     -3.510
    29     32     47     44   1507.181     37.000     -3.510
    30     33     48     45   1200.325     38.000     -3.510
     1      4     22     19    107.103     10.500     -4.095
     2      5     23     20     89.618     11.500     -4.095
     3      6     24     21    637.505     12.500     -4.095
     4      7     25     22     58.818     13.500     -4.095
     5      8     26     23   -181.651     14.500     -4.095
     6      9     27     24    528.130     15.500     -4.095
     7     10     28     25    697.451     16.500     -4.095
     8     11     29     26    518.749     17.500     -4.095
     9     12     30     27    226.619     18.500     -4.095
    10     13     31     28    623.567     19.500     -4.095
    11     14     32     29   2135.558     20.500     -4.095
    12     15     33     30    243.838     21.500     -4.095
    13     16     34     31     51.044     22.500     -4.095
    14     17     35     32  -1005.038     23.500     -4.095
    15     18     36     33    218.860     24.500     -4.095
    16     19     37     34    152.003     25.500     -4.095
    17     20     38     35    142.799     26.500     -4.095
    18     21     39     36    123.126     27.500     -4.095
    19     22     40     37    200.453     28.500     -4.095
    20     23     41     38    110.519     29.500     -4.095
    21     24     42     39    139.652     30.500     -4.095
    22     25     43     40     17.635     31.500     -4.095
    23     26     44     41    -44.492     32.500     -4.095
    24     27     45     42   -144.106     33.500     -4.095
    25     28     46     43     79.208     34.500     -4.095
    26     29     47     44    552.514     35.500     -4.095
    27     30     48     45   3333.964     36.500     -4.095
     1      5     25     21   -226.783     12.000     -4.680
     2      6     26     22     51.651     13.000     -4.680
     3      7     27     23    -13.828     14.000     -4.680
     4      8     28     24    175.256     15.000     -4.680
     5      9     29     25    329.641     16.000     -4.680
     6     10     30     26    191.225     17.000     -4.680
     7     11     31     27    123.201     18.000     -4.680
     8     12     32     28    439.406     19.000     -4.680
     9     13     33     29    243.325     20.000     -4.680
    10     14     34     30    355.578     21.000     -4.680
    11     15     35     31   -590.519     22.000     -4.680
    12     16     36     32   -932.827     23.000     -4.680
    13     17     37     33    164.851     24.000     -4.680
    14     18     38     34    108.573     25.000     -4.680
    15     19     39     35    129.323     26.000     -4.680
    16     20     40     36    214.448     27.000     -4.680
    17     21     41     37    118.888     28.000     -4.680
    18     22     42     38    132.927     29.000     -4.680
    19     23     43     39    105.422     30.000     -4.680
    20     24     44     40     62.581     31.000     -4.680
    21     25     45     41      9.968     32.000     -4.680
    22     26     46     42   -503.419     33.000     -4.680
    23     27     47     43  -1070.956     34.000     -4.680
    24     28     48     44   -121.632     35.000     -4.680
     1      5     29     25    263.392     14.000     -5.460
     2      6     30     26     79.400     15.000     -5.460
     3      7     31     27    281.126     16.000     -5.460
     4      8     32     28    286.457     17.000     -5.460
     5      9     33     29    104.053     18.000     -5.460
     6     10     34     30    295.508     19.000     -5.460
     7     11     35     31    584.525     20.000     -5.460
     8     12     36     32   -185.280     21.000     -5.460
     9     13     37     33    126.247     22.000     -5.460
    10     14     38     34     47.237     23.000     -5.460
    11     15     39     35    113.738     24.000     -5.460
    12     16     40     36    365.493     25.000     -5.460
    13     17     41     37    107.141     26.000     -5.460
    14     18     42     38    171.003     27.000     -5.460
    15     19     43     39    132.554     28.000     -5.460
    16     20     44     40      4.486     29.000     -5.460
    17     21     45     41     91.149     30.000     -5.460
    18     22     46     42     14.672     31.000     -5.460
    19     23     47     43    114.899     32.000     -5.460
    20     24     48     44    450.519     33.000     -5.460
     1      6     31     26    157.635     15.000     -5.850
     2      7     32     27    270.547     16.000     -5.850
     3      8     33     28     79.903     17.000     -5.850
     4      9     34     29    128.290     18.000     -5.850
     5     10     35     30    210.964     19.000     -5.850
     6     11     36     31    504.319     20.000     -5.850
     7     12     37     32    -24.146     21.000     -5.850
     8     13     38     33    121.523     22.000     -5.850
     9     14     39     34     74.003     23.000     -5.850
    10     15     40     35    198.693     24.000     -5.850
    11     16     41     36    120.260     25.000     -5.850
    12     17     42     37     78.603     26.000     -5.850
    13     18     43     38    116.189     27.000     -5.850
    14     19     44     39    169.872     28.000     -5.850
    15     20     45     40    -19.698     29.000     -5.850
    16     21     46     41     54.211     30.000     -5.850
    17     22     47     42    138.035     31.000     -5.850
    18     23     48     43    948.735     32.000     -5.850
     1      6     36     31    -28.322     17.500     -6.825
     2      7     37     32   -244.393     18.500     -6.825
     3      8     38     33     63.104     19.500     -6.825
     4      9     39     34     39.584     20.500     -6.825
     5     10     40     35    125.449     21.500     -6.825
     6     11     41     36     28.105     22.500     -6.825
     7     12     42     37    103.249     23.500     -6.825
     8     13     43     38    102.028     24.500     -6.825
     9     14     44     39    166.352     25.500     -6.825
    10     15     45     40   -127.230     26.500     -6.825
    11     16     46     41    -19.132     27.500     -6.825
    12     17     47     42    378.688     28.500     -6.825
    13     18     48     43   1382.807     29.500     -6.825
     1      7     37     31     28.835     18.000     -7.020
     2      8     38     32   -142.706     19.000     -7.020
     3      9     39     33     78.761     20.000     -7.020
     4     10     40     34     84.891     21.000     -7.020
     5     11     41     35     40.489     22.000     -7.020
     6     12     42     36     77.404     23.000     -7.020
     7     13     43     37     83.194     24.000     -7.020
     8     14     44     38    118.255     25.000     -7.020
     9     15     45     39     84.755     26.000     -7.020
    10     16     46     40   -116.377     27.000     -7.020
    11     17     47     41    453.747     28.000     -7.020
    12     18     48     42   2121.708     29.000     -7.020
     1      7     43     37     65.092     21.000     -8.190
     2      8     44     38     84.631     22.000     -8.190
     3      9     45     39     54.468     23.000     -8.190
     4     10     46     40   -128.331     24.000     -8.190
     5     11     47     41   -283.422     25.000     -8.190
     6     12     48     42     85.779     26.000     -8.190
     1     10     46     37      0.814     22.500     -8.775
     2     11     47     38    -79.394     23.500     -8.775
     3     12     48     39    333.575     24.500     -8.775
