48# Number of electrodes
# x z
0.000     0.000
1.000     0.000
2.000     0.000
3.000     0.000
4.000     0.000
5.000     0.000
6.000     0.000
7.000     0.000
8.000     0.000
9.000     0.000
10.000     0.000
11.000     0.000
12.000     0.000
13.000     0.000
14.000     0.000
15.000     0.000
16.000     0.000
17.000     0.000
18.000     0.000
19.000     0.000
20.000     0.000
21.000     0.000
22.000     0.000
23.000     0.000
24.000     0.000
25.000     0.000
26.000     0.000
27.000     0.000
28.000     0.000
29.000     0.000
30.000     0.000
31.000     0.000
32.000     0.000
33.000     0.000
34.000     0.000
35.000     0.000
36.000     0.000
37.000     0.000
38.000     0.000
39.000     0.000
40.000     0.000
41.000     0.000
42.000     0.000
43.000     0.000
44.000     0.000
45.000     0.000
46.000     0.000
47.000     0.000
909# Number of data
# a   b   m   n      rhoa      x      z
     1      4      2      3   4257.117      1.500     -0.330
     2      5      3      4   3796.650      2.500     -0.330
     3      6      4      5   6105.753      3.500     -0.330
     4      7      5      6   5101.102      4.500     -0.330
     5      8      6      7   4525.215      5.500     -0.330
     6      9      7      8   6401.343      6.500     -0.330
     7     10      8      9   8322.925      7.500     -0.330
     8     11      9     10  49818.121      8.500     -0.330
     9     12     10     11 498435.375      9.500     -0.330
    10     13     11     12 131843.266     10.500     -0.330
    11     14     12     13          -     11.500     -0.330
    12     15     13     14 -173234.516     12.500     -0.330
    13     16     14     15 189899.719     13.500     -0.330
    14     17     15     16          -     14.500     -0.330
    15     18     16     17 129921.313     15.500     -0.330
    16     19     17     18          -     16.500     -0.330
    17     20     18     19          -     17.500     -0.330
    18     21     19     20 -95333.820     18.500     -0.330
    19     22     20     21 177976.438     19.500     -0.330
    20     23     21     22   7191.389     20.500     -0.330
    21     24     22     23   3914.387     21.500     -0.330
    22     25     23     24   5494.274     22.500     -0.330
    23     26     24     25   6094.168     23.500     -0.330
    24     27     25     26   7472.325     24.500     -0.330
    25     28     26     27   9632.588     25.500     -0.330
    26     29     27     28  13997.819     26.500     -0.330
    27     30     28     29   7370.582     27.500     -0.330
    28     31     29     30  15572.599     28.500     -0.330
    29     32     30     31   6675.338     29.500     -0.330
    30     33     31     32   8955.601     30.500     -0.330
    31     34     32     33   8469.710     31.500     -0.330
    32     35     33     34   6528.846     32.500     -0.330
    33     36     34     35   5335.489     33.500     -0.330
    34     37     35     36   4291.283     34.500     -0.330
    35     38     36     37   3147.886     35.500     -0.330
    36     39     37     38   2653.065     36.500     -0.330
    37     40     38     39   1938.038     37.500     -0.330
    38     41     39     40   2446.909     38.500     -0.330
    39     42     40     41   2401.696     39.500     -0.330
    40     43     41     42   3451.167     40.500     -0.330
    41     44     42     43   3667.077     41.500     -0.330
    42     45     43     44   5016.172     42.500     -0.330
    43     46     44     45   5961.991     43.500     -0.330
    44     47     45     46  41813.352     44.500     -0.330
    45     48     46     47  32310.842     45.500     -0.330
     1      7      3      5   1943.524      3.000     -0.660
     2      8      4      6   2511.032      4.000     -0.660
     3      9      5      7   2442.188      5.000     -0.660
     4     10      6      8   2739.178      6.000     -0.660
     5     11      7      9  15027.383      7.000     -0.660
     6     12      8     10  73927.375      8.000     -0.660
     7     13      9     11          -      9.000     -0.660
     8     14     10     12 403134.469     10.000     -0.660
     9     15     11     13          -     11.000     -0.660
    10     16     12     14 -1871861.630     12.000     -0.660
    11     17     13     15 1296398.630     13.000     -0.660
    12     18     14     16  58580.023     14.000     -0.660
    13     19     15     17          -     15.000     -0.660
    14     20     16     18 744691.375     16.000     -0.660
    15     21     17     19 690963.938     17.000     -0.660
    16     22     18     20          -     18.000     -0.660
    17     23     19     21 2270768.250     19.000     -0.660
    18     24     20     22 1050074.000     20.000     -0.660
    19     25     21     23  47406.004     21.000     -0.660
    20     26     22     24    -53.897     22.000     -0.660
    21     27     23     25   4034.635     23.000     -0.660
    22     28     24     26   4315.064     24.000     -0.660
    23     29     25     27   5067.995     25.000     -0.660
    24     30     26     28   5800.697     26.000     -0.660
    25     31     27     29   6214.768     27.000     -0.660
    26     32     28     30   5957.107     28.000     -0.660
    27     33     29     31   6561.965     29.000     -0.660
    28     34     30     32   7009.846     30.000     -0.660
    29     35     31     33   8019.166     31.000     -0.660
    30     36     32     34   4957.428     32.000     -0.660
    31     37     33     35   3226.899     33.000     -0.660
    32     38     34     36   2966.097     34.000     -0.660
    33     39     35     37   2357.368     35.000     -0.660
    34     40     36     38   2074.283     36.000     -0.660
    35     41     37     39   1456.483     37.000     -0.660
    36     42     38     40   1387.456     38.000     -0.660
    37     43     39     41   1745.273     39.000     -0.660
    38     44     40     42   2341.827     40.000     -0.660
    39     45     41     43   1782.221     41.000     -0.660
    40     46     42     44   2557.511     42.000     -0.660
    41     47     43     45   1252.750     43.000     -0.660
    42     48     44     46   8113.681     44.000     -0.660
     1     10      4      7   1348.444      4.500     -0.990
     2     11      5      8  -4987.856      5.500     -0.990
     3     12      6      9  17035.928      6.500     -0.990
     4     13      7     10 101393.516      7.500     -0.990
     5     14      8     11 255174.734      8.500     -0.990
     6     15      9     12 3443148.750      9.500     -0.990
     7     16     10     13          -     10.500     -0.990
     8     17     11     14 -1055896.880     11.500     -0.990
     9     18     12     15  97403.156     12.500     -0.990
    10     19     13     16 -1005105.250     13.500     -0.990
    11     20     14     17 -815759.875     14.500     -0.990
    12     21     15     18 623233.750     15.500     -0.990
    13     22     16     19 3881578.250     16.500     -0.990
    14     23     17     20 343416.281     17.500     -0.990
    15     24     18     21 2987366.250     18.500     -0.990
    16     25     19     22 1387300.380     19.500     -0.990
    17     26     20     23 626150.500     20.500     -0.990
    18     27     21     24  52302.055     21.500     -0.990
    19     28     22     25    786.517     22.500     -0.990
    20     29     23     26   3432.391     23.500     -0.990
    21     30     24     27   4406.649     24.500     -0.990
    22     31     25     28   3845.004     25.500     -0.990
    23     32     26     29   4089.156     26.500     -0.990
    24     33     27     30   2906.298     27.500     -0.990
    25     34     28     31   4125.482     28.500     -0.990
    26     35     29     32   3542.932     29.500     -0.990
    27     36     30     33   2380.859     30.500     -0.990
    28     37     31     34   5703.998     31.500     -0.990
    29     38     32     35   4432.245     32.500     -0.990
    30     39     33     36   1904.224     33.500     -0.990
    31     40     34     37   2210.700     34.500     -0.990
    32     41     35     38   1529.990     35.500     -0.990
    33     42     36     39   1207.291     36.500     -0.990
    34     43     37     40   1089.952     37.500     -0.990
    35     44     38     41   1130.239     38.500     -0.990
    36     45     39     42   1163.564     39.500     -0.990
    37     46     40     43   1186.176     40.500     -0.990
    38     47     41     44   2625.257     41.500     -0.990
    39     48     42     45    733.037     42.500     -0.990
     1     13      5      9  29911.734      6.000     -1.320
     2     14      6     10  17032.887      7.000     -1.320
     3     15      7     11 3518972.250      8.000     -1.320
     4     16      8     12          -      9.000     -1.320
     5     17      9     13 3470820.750     10.000     -1.320
     6     18     10     14 402752.406     11.000     -1.320
     7     19     11     15 1916086.880     12.000     -1.320
     8     20     12     16 589360.813     13.000     -1.320
     9     21     13     17 103614.305     14.000     -1.320
    10     22     14     18 -368057.688     15.000     -1.320
    11     23     15     19 2458031.500     16.000     -1.320
    12     24     16     20 4893065.000     17.000     -1.320
    13     25     17     21          -     18.000     -1.320
    14     26     18     22 905970.188     19.000     -1.320
    15     27     19     23 2930036.750     20.000     -1.320
    16     28     20     24 764358.563     21.000     -1.320
    17     29     21     25 287319.250     22.000     -1.320
    18     30     22     26   9999.037     23.000     -1.320
    19     31     23     27   5894.357     24.000     -1.320
    20     32     24     28   5936.278     25.000     -1.320
    21     33     25     29   1126.575     26.000     -1.320
    22     34     26     30   1300.222     27.000     -1.320
    23     35     27     31   1239.655     28.000     -1.320
    24     36     28     32   1346.694     29.000     -1.320
    25     37     29     33   2993.262     30.000     -1.320
    26     38     30     34   2089.167     31.000     -1.320
    27     39     31     35   1610.491     32.000     -1.320
    28     40     32     36   2713.235     33.000     -1.320
    29     41     33     37     52.884     34.000     -1.320
    30     42     34     38    771.771     35.000     -1.320
    31     43     35     39    957.580     36.000     -1.320
    32     44     36     40    778.369     37.000     -1.320
    33     45     37     41    855.571     38.000     -1.320
    34     46     38     42    478.630     39.000     -1.320
    35     47     39     43    278.644     40.000     -1.320
    36     48     40     44    792.571     41.000     -1.320
     1     16      6     11 3703373.000      7.500     -1.650
     2     17      7     12 2821300.250      8.500     -1.650
     3     18      8     13 7362022.000      9.500     -1.650
     4     19      9     14  73451.539     10.500     -1.650
     5     20     10     15 525133.563     11.500     -1.650
     6     21     11     16 347333.094     12.500     -1.650
     7     22     12     17  21256.355     13.500     -1.650
     8     23     13     18  60070.895     14.500     -1.650
     9     24     14     19 -34461.117     15.500     -1.650
    10     25     15     20 418377.563     16.500     -1.650
    11     26     16     21 3406284.750     17.500     -1.650
    12     27     17     22 2878180.000     18.500     -1.650
    13     28     18     23 5494149.500     19.500     -1.650
    14     29     19     24 693597.938     20.500     -1.650
    15     30     20     25 495480.344     21.500     -1.650
    16     31     21     26 -67441.070     22.500     -1.650
    17     32     22     27  18558.141     23.500     -1.650
    18     33     23     28   2056.518     24.500     -1.650
    19     34     24     29  -2718.106     25.500     -1.650
    20     35     25     30  -2710.032     26.500     -1.650
    21     36     26     31  -4361.787     27.500     -1.650
    22     37     27     32    693.896     28.500     -1.650
    23     38     28     33   1136.405     29.500     -1.650
    24     39     29     34    913.377     30.500     -1.650
    25     40     30     35   2428.795     31.500     -1.650
    26     41     31     36   1577.274     32.500     -1.650
    27     42     32     37    925.444     33.500     -1.650
    28     43     33     38    701.536     34.500     -1.650
    29     44     34     39   1188.731     35.500     -1.650
    30     45     35     40    240.894     36.500     -1.650
    31     46     36     41      5.209     37.500     -1.650
    32     47     37     42    450.284     38.500     -1.650
    33     48     38     43   1181.675     39.500     -1.650
     1     19      7     13 5344977.000      9.000     -1.980
     2     20      8     14  29556.480     10.000     -1.980
     3     21      9     15 258946.234     11.000     -1.980
     4     22     10     16  13986.333     12.000     -1.980
     5     23     11     17  50669.430     13.000     -1.980
     6     24     12     18  22761.178     14.000     -1.980
     7     25     13     19  67474.586     15.000     -1.980
     8     26     14     20   5780.691     16.000     -1.980
     9     27     15     21 213273.078     17.000     -1.980
    10     28     16     22 660195.125     18.000     -1.980
    11     29     17     23 2597992.750     19.000     -1.980
    12     30     18     24 5058921.500     20.000     -1.980
    13     31     19     25 5573094.500     21.000     -1.980
    14     32     20     26 152757.219     22.000     -1.980
    15     33     21     27 -152416.234     23.000     -1.980
    16     34     22     28  -9577.196     24.000     -1.980
    17     35     23     29  14222.442     25.000     -1.980
    18     36     24     30 -11515.646     26.000     -1.980
    19     37     25     31 -26703.902     27.000     -1.980
    20     38     26     32  -6003.244     28.000     -1.980
    21     39     27     33    693.023     29.000     -1.980
    22     40     28     34    812.630     30.000     -1.980
    23     41     29     35    572.363     31.000     -1.980
    24     42     30     36    623.552     32.000     -1.980
    25     43     31     37   2031.771     33.000     -1.980
    26     44     32     38    764.787     34.000     -1.980
    27     45     33     39    357.176     35.000     -1.980
    28     46     34     40   1701.663     36.000     -1.980
    29     47     35     41   2781.214     37.000     -1.980
    30     48     36     42   1245.903     38.000     -1.980
     1     22      8     15   9613.215     10.500     -2.310
     2     23      9     16  -8801.073     11.500     -2.310
     3     24     10     17   3408.985     12.500     -2.310
     4     25     11     18   9749.080     13.500     -2.310
     5     26     12     19 103778.695     14.500     -2.310
     6     27     13     20  72436.164     15.500     -2.310
     7     28     14     21   -798.921     16.500     -2.310
     8     29     15     22  49591.750     17.500     -2.310
     9     30     16     23 256103.672     18.500     -2.310
    10     31     17     24 478406.719     19.500     -2.310
    11     32     18     25 2788555.750     20.500     -2.310
    12     33     19     26 4583239.500     21.500     -2.310
    13     34     20     27 1294217.250     22.500     -2.310
    14     35     21     28 -34186.910     23.500     -2.310
    15     36     22     29 -17787.277     24.500     -2.310
    16     37     23     30 -41547.699     25.500     -2.310
    17     38     24     31  -1764.878     26.500     -2.310
    18     39     25     32 -18318.846     27.500     -2.310
    19     40     26     33   1863.838     28.500     -2.310
    20     41     27     34    683.089     29.500     -2.310
    21     42     28     35   1032.353     30.500     -2.310
    22     43     29     36    -94.434     31.500     -2.310
    23     44     30     37    405.077     32.500     -2.310
    24     45     31     38    606.841     33.500     -2.310
    25     46     32     39   1230.721     34.500     -2.310
    26     47     33     40   -314.267     35.500     -2.310
    27     48     34     41    798.657     36.500     -2.310
     1     25      9     17   9417.523     12.000     -2.640
     2     26     10     18  -1069.879     13.000     -2.640
     3     27     11     19  20473.273     14.000     -2.640
     4     28     12     20 -31723.988     15.000     -2.640
     5     29     13     21 -26224.268     16.000     -2.640
     6     30     14     22  -5018.858     17.000     -2.640
     7     31     15     23  44480.699     18.000     -2.640
     8     32     16     24 103146.531     19.000     -2.640
     9     33     17     25 112866.922     20.000     -2.640
    10     34     18     26 879081.063     21.000     -2.640
    11     35     19     27 2005434.380     22.000     -2.640
    12     36     20     28 272632.250     23.000     -2.640
    13     37     21     29 -506377.000     24.000     -2.640
    14     38     22     30  -4733.500     25.000     -2.640
    15     39     23     31 -40334.883     26.000     -2.640
    16     40     24     32  -8892.366     27.000     -2.640
    17     41     25     33   5172.569     28.000     -2.640
    18     42     26     34   3613.535     29.000     -2.640
    19     43     27     35   1239.245     30.000     -2.640
    20     44     28     36   1902.900     31.000     -2.640
    21     45     29     37   1432.566     32.000     -2.640
    22     46     30     38  -1469.205     33.000     -2.640
    23     47     31     39 -17717.955     34.000     -2.640
    24     48     32     40    540.751     35.000     -2.640
     1     28     10     19  -7009.604     13.500     -2.970
     2     29     11     20  -2829.430     14.500     -2.970
     3     30     12     21   1889.738     15.500     -2.970
     4     31     13     22   6117.932     16.500     -2.970
     5     32     14     23  12472.533     17.500     -2.970
     6     33     15     24  78837.961     18.500     -2.970
     7     34     16     25 105070.797     19.500     -2.970
     8     35     17     26  52389.289     20.500     -2.970
     9     36     18     27 288598.625     21.500     -2.970
    10     37     19     28 498923.156     22.500     -2.970
    11     38     20     29 174327.609     23.500     -2.970
    12     39     21     30 -248953.875     24.500     -2.970
    13     40     22     31 -97415.258     25.500     -2.970
    14     41     23     32  -3344.119     26.500     -2.970
    15     42     24     33  16127.114     27.500     -2.970
    16     43     25     34  11123.463     28.500     -2.970
    17     44     26     35   2332.576     29.500     -2.970
    18     45     27     36   2108.700     30.500     -2.970
    19     46     28     37  43482.984     31.500     -2.970
    20     47     29     38  22953.500     32.500     -2.970
    21     48     30     39  -1765.054     33.500     -2.970
     1     31     11     21   4610.193     15.000     -3.300
     2     32     12     22  50105.680     16.000     -3.300
     3     33     13     23  87213.102     17.000     -3.300
     4     34     14     24   2325.211     18.000     -3.300
     5     35     15     25 157033.891     19.000     -3.300
     6     36     16     26  66241.422     20.000     -3.300
     7     37     17     27  42173.832     21.000     -3.300
     8     38     18     28  78208.359     22.000     -3.300
     9     39     19     29 135617.844     23.000     -3.300
    10     40     20     30 114874.281     24.000     -3.300
    11     41     21     31 -194656.219     25.000     -3.300
    12     42     22     32 -27739.260     26.000     -3.300
    13     43     23     33  10376.680     27.000     -3.300
    14     44     24     34   4264.712     28.000     -3.300
    15     45     25     35   8880.592     29.000     -3.300
    16     46     26     36   2168.076     30.000     -3.300
    17     47     27     37    885.741     31.000     -3.300
    18     48     28     38  53953.211     32.000     -3.300
     1     34     12     23  40601.422     16.500     -3.630
     2     35     13     24  57612.051     17.500     -3.630
     3     36     14     25   8791.744     18.500     -3.630
     4     37     15     26  40625.793     19.500     -3.630
     5     38     16     27 196494.469     20.500     -3.630
     6     39     17     28  78099.086     21.500     -3.630
     7     40     18     29 105338.156     22.500     -3.630
     8     41     19     30  51521.711     23.500     -3.630
     9     42     20     31  31009.047     24.500     -3.630
    10     43     21     32 -48794.539     25.500     -3.630
    11     44     22     33 -10040.479     26.500     -3.630
    12     45     23     34   3872.930     27.500     -3.630
    13     46     24     35  25569.385     28.500     -3.630
    14     47     25     36   3469.920     29.500     -3.630
    15     48     26     37    620.169     30.500     -3.630
     1     37     13     25  46188.316     18.000     -3.960
     2     38     14     26   2212.556     19.000     -3.960
     3     39     15     27  47457.383     20.000     -3.960
     4     40     16     28  56207.785     21.000     -3.960
     5     41     17     29 112835.180     22.000     -3.960
     6     42     18     30  80579.688     23.000     -3.960
     7     43     19     31  25553.566     24.000     -3.960
     8     44     20     32   3798.457     25.000     -3.960
     9     45     21     33 -10897.185     26.000     -3.960
    10     46     22     34  -2219.799     27.000     -3.960
    11     47     23     35   6332.847     28.000     -3.960
    12     48     24     36  16298.985     29.000     -3.960
     1     40     14     27   3264.697     19.500     -4.290
     2     41     15     28  49488.328     20.500     -4.290
     3     42     16     29 101438.141     21.500     -4.290
     4     43     17     30  27612.154     22.500     -4.290
     5     44     18     31 200065.938     23.500     -4.290
     6     45     19     32  70816.000     24.500     -4.290
     7     46     20     33 -70607.883     25.500     -4.290
     8     47     21     34 -39158.016     26.500     -4.290
     9     48     22     35    519.118     27.500     -4.290
     1     43     15     29  29833.869     21.000     -4.620
     2     44     16     30  79209.336     22.000     -4.620
     3     45     17     31  42102.316     23.000     -4.620
     4     46     18     32  30437.422     24.000     -4.620
     5     47     19     33  32427.443     25.000     -4.620
     6     48     20     34 -25008.305     26.000     -4.620
     1     46     16     31 -156054.750     22.500     -4.950
     2     47     17     32   9812.041     23.500     -4.950
     3     48     18     33  96713.391     24.500     -4.950
     1      2      4      3   4462.125      1.500     -0.585
     2      3      5      4   8332.366      2.500     -0.585
     3      4      6      5   5408.673      3.500     -0.585
     4      5      7      6   7397.806      4.500     -0.585
     5      6      8      7   6608.509      5.500     -0.585
     6      7      9      8   3534.640      6.500     -0.585
     7      8     10      9   8013.523      7.500     -0.585
     8      9     11     10 -35698.441      8.500     -0.585
     9     10     12     11  33614.922      9.500     -0.585
    10     11     13     12 -1788627.250     10.500     -0.585
    11     12     14     13 -151945.891     11.500     -0.585
    12     13     15     14 -1867951.380     12.500     -0.585
    13     14     16     15 -655726.250     13.500     -0.585
    14     15     17     16 1389700.880     14.500     -0.585
    15     16     18     17 -2000309.630     15.500     -0.585
    16     17     19     18          -     16.500     -0.585
    17     18     20     19 -2046535.630     17.500     -0.585
    18     19     21     20 -989399.188     18.500     -0.585
    19     20     22     21 -201991.063     19.500     -0.585
    20     21     23     22   4979.205     20.500     -0.585
    21     22     24     23   6522.059     21.500     -0.585
    22     23     25     24   4635.345     22.500     -0.585
    23     24     26     25   6815.123     23.500     -0.585
    24     25     27     26   9594.549     24.500     -0.585
    25     26     28     27  11314.720     25.500     -0.585
    26     27     29     28  13139.835     26.500     -0.585
    27     28     30     29  24999.537     27.500     -0.585
    28     29     31     30   3538.608     28.500     -0.585
    29     30     32     31  10260.719     29.500     -0.585
    30     31     33     32  10421.505     30.500     -0.585
    31     32     34     33   9074.033     31.500     -0.585
    32     33     35     34   8301.633     32.500     -0.585
    33     34     36     35   6846.055     33.500     -0.585
    34     35     37     36   4074.856     34.500     -0.585
    35     36     38     37   3398.196     35.500     -0.585
    36     37     39     38   3088.396     36.500     -0.585
    37     38     40     39   2725.668     37.500     -0.585
    38     39     41     40   1414.894     38.500     -0.585
    39     40     42     41   3045.215     39.500     -0.585
    40     41     43     42   3671.400     40.500     -0.585
    41     42     44     43   4747.133     41.500     -0.585
    42     43     45     44   5273.141     42.500     -0.585
    43     44     46     45   6779.461     43.500     -0.585
    44     45     47     46   9907.124     44.500     -0.585
    45     46     48     47 137294.906     45.500     -0.585
     1      2      5      4   2317.733      2.000     -0.780
     2      3      6      5   4340.412      3.000     -0.780
     3      4      7      6   2893.675      4.000     -0.780
     4      5      8      7   4537.934      5.000     -0.780
     5      6      9      8   6245.688      6.000     -0.780
     6      7     10      9   5640.021      7.000     -0.780
     7      8     11     10  -7434.250      8.000     -0.780
     8      9     12     11 -83273.656      9.000     -0.780
     9     10     13     12 -243353.781     10.000     -0.780
    10     11     14     13 11769855.000     11.000     -0.780
    11     12     15     14 -940009.438     12.000     -0.780
    12     13     16     15 5767132.000     13.000     -0.780
    13     14     17     16 -6687133.000     14.000     -0.780
    14     15     18     17 3803232.500     15.000     -0.780
    15     16     19     18 11353948.000     16.000     -0.780
    16     17     20     19 5915693.000     17.000     -0.780
    17     18     21     20 5060386.000     18.000     -0.780
    18     19     22     21 -401561.969     19.000     -0.780
    19     20     23     22  -5415.102     20.000     -0.780
    20     21     24     23  12190.766     21.000     -0.780
    21     22     25     24   -470.033     22.000     -0.780
    22     23     26     25   4324.979     23.000     -0.780
    23     24     27     26   5873.945     24.000     -0.780
    24     25     28     27   1394.890     25.000     -0.780
    25     26     29     28  10690.942     26.000     -0.780
    26     27     30     29  13627.628     27.000     -0.780
    27     28     31     30  16671.846     28.000     -0.780
    28     29     32     31   4486.874     29.000     -0.780
    29     30     33     32  -1282.826     30.000     -0.780
    30     31     34     33   4498.658     31.000     -0.780
    31     32     35     34   5568.733     32.000     -0.780
    32     33     36     35   4942.739     33.000     -0.780
    33     34     37     36   4311.007     34.000     -0.780
    34     35     38     37   2344.635     35.000     -0.780
    35     36     39     38   1889.828     36.000     -0.780
    36     37     40     39   1944.310     37.000     -0.780
    37     38     41     40   2135.020     38.000     -0.780
    38     39     42     41   1399.302     39.000     -0.780
    39     40     43     42   2178.673     40.000     -0.780
    40     41     44     43   3245.449     41.000     -0.780
    41     42     45     44   5646.714     42.000     -0.780
    42     43     46     45  -2082.194     43.000     -0.780
    43     44     47     46 -13828.310     44.000     -0.780
    44     45     48     47   -855.435     45.000     -0.780
     1      2      6      5   2295.106      2.500     -0.975
     2      3      7      6   2179.604      3.500     -0.975
     3      4      8      7   3091.797      4.500     -0.975
     4      5      9      8  -2569.344      5.500     -0.975
     5      6     10      9  19614.143      6.500     -0.975
     6      7     11     10 -67890.344      7.500     -0.975
     7      8     12     11 -44208.070      8.500     -0.975
     8      9     13     12 -274027.531      9.500     -0.975
     9     10     14     13 3029683.500     10.500     -0.975
    10     11     15     14 -20546562.000     11.500     -0.975
    11     12     16     15 -8629750.000     12.500     -0.975
    12     13     17     16 -492078.719     13.500     -0.975
    13     14     18     17 5150137.500     14.500     -0.975
    14     15     19     18 492742.250     15.500     -0.975
    15     16     20     19 -12877331.000     16.500     -0.975
    16     17     21     20 -5335178.000     17.500     -0.975
    17     18     22     21 2350073.000     18.500     -0.975
    18     19     23     22  11228.675     19.500     -0.975
    19     20     24     23  -1156.043     20.500     -0.975
    20     21     25     24 -24600.170     21.500     -0.975
    21     22     26     25   -319.500     22.500     -0.975
    22     23     27     26   3912.845     23.500     -0.975
    23     24     28     27   4038.157     24.500     -0.975
    24     25     29     28  -7114.272     25.500     -0.975
    25     26     30     29  14954.156     26.500     -0.975
    26     27     31     30   5127.397     27.500     -0.975
    27     28     32     31  18721.352     28.500     -0.975
    28     29     33     32  13106.279     29.500     -0.975
    29     30     34     33  20323.395     30.500     -0.975
    30     31     35     34   9694.964     31.500     -0.975
    31     32     36     35   2683.949     32.500     -0.975
    32     33     37     36   2498.640     33.500     -0.975
    33     34     38     37   2163.156     34.500     -0.975
    34     35     39     38   1356.447     35.500     -0.975
    35     36     40     39   1429.546     36.500     -0.975
    36     37     41     40   1442.448     37.500     -0.975
    37     38     42     41   1970.913     38.500     -0.975
    38     39     43     42   1257.235     39.500     -0.975
    39     40     44     43   1673.578     40.500     -0.975
    40     41     45     44   2545.339     41.500     -0.975
    41     42     46     45   1811.485     42.500     -0.975
    42     43     47     46    125.983     43.500     -0.975
    43     44     48     47  57004.352     44.500     -0.975
     1      2      7      6   2630.015      3.000     -1.170
     2      3      8      7   1235.996      4.000     -1.170
     3      4      9      8   1061.822      5.000     -1.170
     4      5     10      9 -30955.498      6.000     -1.170
     5      6     11     10 682679.313      7.000     -1.170
     6      7     12     11 198156.688      8.000     -1.170
     7      8     13     12 -59101.352      9.000     -1.170
     8      9     14     13 1433130.380     10.000     -1.170
     9     10     15     14 -3186201.750     11.000     -1.170
    10     11     16     15 14078767.000     12.000     -1.170
    11     12     17     16 19512864.000     13.000     -1.170
    12     13     18     17 9284141.000     14.000     -1.170
    13     14     19     18 -13305215.000     15.000     -1.170
    14     15     20     19 27437620.000     16.000     -1.170
    15     16     21     20 4172500.250     17.000     -1.170
    16     17     22     21 -1563426.500     18.000     -1.170
    17     18     23     22 165910.797     19.000     -1.170
    18     19     24     23  -9460.970     20.000     -1.170
    19     20     25     24 -96691.070     21.000     -1.170
    20     21     26     25 -14201.634     22.000     -1.170
    21     22     27     26    912.696     23.000     -1.170
    22     23     28     27   3055.136     24.000     -1.170
    23     24     29     28   2253.578     25.000     -1.170
    24     25     30     29  -5339.212     26.000     -1.170
    25     26     31     30  18890.271     27.000     -1.170
    26     27     32     31    283.083     28.000     -1.170
    27     28     33     32   2380.058     29.000     -1.170
    28     29     34     33 -16512.213     30.000     -1.170
    29     30     35     34  -7554.149     31.000     -1.170
    30     31     36     35  10524.877     32.000     -1.170
    31     32     37     36   5305.961     33.000     -1.170
    32     33     38     37   2421.150     34.000     -1.170
    33     34     39     38   2284.076     35.000     -1.170
    34     35     40     39   1104.528     36.000     -1.170
    35     36     41     40   1181.916     37.000     -1.170
    36     37     42     41   1539.296     38.000     -1.170
    37     38     43     42   1360.757     39.000     -1.170
    38     39     44     43    841.931     40.000     -1.170
    39     40     45     44   2148.216     41.000     -1.170
    40     41     46     45  11564.188     42.000     -1.170
    41     42     47     46  38202.051     43.000     -1.170
    42     43     48     47  27807.795     44.000     -1.170
     1      2      8      7   -316.870      3.500     -1.365
     2      3      9      8   4139.814      4.500     -1.365
     3      4     10      9  41941.301      5.500     -1.365
     4      5     11     10 -1412143.380      6.500     -1.365
     5      6     12     11 -40770.867      7.500     -1.365
     6      7     13     12 -306523.750      8.500     -1.365
     7      8     14     13 418379.875      9.500     -1.365
     8      9     15     14 -2518467.250     10.500     -1.365
     9     10     16     15 -281076.719     11.500     -1.365
    10     11     17     16 13329182.000     12.500     -1.365
    11     12     18     17 -37305068.000     13.500     -1.365
    12     13     19     18 819561.688     14.500     -1.365
    13     14     20     19 -64199516.000     15.500     -1.365
    14     15     21     20 8105636.500     16.500     -1.365
    15     16     22     21 -357415.156     17.500     -1.365
    16     17     23     22 -389773.156     18.500     -1.365
    17     18     24     23 270128.281     19.500     -1.365
    18     19     25     24 -329906.844     20.500     -1.365
    19     20     26     25 -58335.047     21.500     -1.365
    20     21     27     26  -6644.846     22.500     -1.365
    21     22     28     27   9952.755     23.500     -1.365
    22     23     29     28    103.248     24.500     -1.365
    23     24     30     29   5504.561     25.500     -1.365
    24     25     31     30  -5941.767     26.500     -1.365
    25     26     32     31   8701.305     27.500     -1.365
    26     27     33     32   -186.573     28.500     -1.365
    27     28     34     33   3801.720     29.500     -1.365
    28     29     35     34  24653.621     30.500     -1.365
    29     30     36     35    839.842     31.500     -1.365
    30     31     37     36  -4545.834     32.500     -1.365
    31     32     38     37     26.653     33.500     -1.365
    32     33     39     38    598.841     34.500     -1.365
    33     34     40     39   1021.005     35.500     -1.365
    34     35     41     40    703.818     36.500     -1.365
    35     36     42     41    921.042     37.500     -1.365
    36     37     43     42   1007.923     38.500     -1.365
    37     38     44     43   1751.107     39.500     -1.365
    38     39     45     44   1246.938     40.500     -1.365
    39     40     46     45 -17886.801     41.500     -1.365
    40     41     47     46 -60658.563     42.500     -1.365
    41     42     48     47 -52170.453     43.500     -1.365
     1      3      9      7   1227.240      4.000     -1.560
     2      4     10      8   4698.054      5.000     -1.560
     3      5     11      9 -293512.250      6.000     -1.560
     4      6     12     10 -73709.000      7.000     -1.560
     5      7     13     11 -129870.984      8.000     -1.560
     6      8     14     12  50010.930      9.000     -1.560
     7      9     15     13 168121.422     10.000     -1.560
     8     10     16     14 -1951835.380     11.000     -1.560
     9     11     17     15 9464829.000     12.000     -1.560
    10     12     18     16 5726852.000     13.000     -1.560
    11     13     19     17 -2974082.000     14.000     -1.560
    12     14     20     18 -13743381.000     15.000     -1.560
    13     15     21     19 -7093478.000     16.000     -1.560
    14     16     22     20 4867869.000     17.000     -1.560
    15     17     23     21 -442309.000     18.000     -1.560
    16     18     24     22 -11489.184     19.000     -1.560
    17     19     25     23 -27903.230     20.000     -1.560
    18     20     26     24 -98361.531     21.000     -1.560
    19     21     27     25 -22603.186     22.000     -1.560
    20     22     28     26   4532.490     23.000     -1.560
    21     23     29     27   4344.447     24.000     -1.560
    22     24     30     28   2919.782     25.000     -1.560
    23     25     31     29   3101.914     26.000     -1.560
    24     26     32     30   8033.034     27.000     -1.560
    25     27     33     31   1793.287     28.000     -1.560
    26     28     34     32   2930.111     29.000     -1.560
    27     29     35     33  -1119.347     30.000     -1.560
    28     30     36     34   1162.792     31.000     -1.560
    29     31     37     35   4255.024     32.000     -1.560
    30     32     38     36   1414.818     33.000     -1.560
    31     33     39     37   1169.713     34.000     -1.560
    32     34     40     38   1351.936     35.000     -1.560
    33     35     41     39    804.445     36.000     -1.560
    34     36     42     40   1015.068     37.000     -1.560
    35     37     43     41   1007.741     38.000     -1.560
    36     38     44     42   1147.272     39.000     -1.560
    37     39     45     43   1123.640     40.000     -1.560
    38     40     46     44    158.081     41.000     -1.560
    39     41     47     45 -11378.086     42.000     -1.560
    40     42     48     46  -6678.972     43.000     -1.560
     1      3     11      9 -167259.719      5.000     -1.950
     2      4     12     10  20937.357      6.000     -1.950
     3      5     13     11 235832.125      7.000     -1.950
     4      6     14     12 176946.219      8.000     -1.950
     5      7     15     13  59461.160      9.000     -1.950
     6      8     16     14 -344673.844     10.000     -1.950
     7      9     17     15 644070.875     11.000     -1.950
     8     10     18     16 -647912.688     12.000     -1.950
     9     11     19     17 12587113.000     13.000     -1.950
    10     12     20     18 40656248.000     14.000     -1.950
    11     13     21     19 38866268.000     15.000     -1.950
    12     14     22     20 -5352925.000     16.000     -1.950
    13     15     23     21 -1321281.630     17.000     -1.950
    14     16     24     22 155917.063     18.000     -1.950
    15     17     25     23 -119660.695     19.000     -1.950
    16     18     26     24 -40305.613     20.000     -1.950
    17     19     27     25  24999.023     21.000     -1.950
    18     20     28     26  41579.465     22.000     -1.950
    19     21     29     27  17367.975     23.000     -1.950
    20     22     30     28  56035.563     24.000     -1.950
    21     23     31     29  59461.656     25.000     -1.950
    22     24     32     30   3366.001     26.000     -1.950
    23     25     33     31   2243.813     27.000     -1.950
    24     26     34     32   1277.811     28.000     -1.950
    25     27     35     33   1078.194     29.000     -1.950
    26     28     36     34    559.643     30.000     -1.950
    27     29     37     35  -3429.261     31.000     -1.950
    28     30     38     36    159.844     32.000     -1.950
    29     31     39     37    536.081     33.000     -1.950
    30     32     40     38    471.616     34.000     -1.950
    31     33     41     39   1024.888     35.000     -1.950
    32     34     42     40    905.759     36.000     -1.950
    33     35     43     41   1171.239     37.000     -1.950
    34     36     44     42    603.785     38.000     -1.950
    35     37     45     43    448.514     39.000     -1.950
    36     38     46     44  -3420.552     40.000     -1.950
    37     39     47     45   4452.697     41.000     -1.950
    38     40     48     46  13955.862     42.000     -1.950
     1      3     13     11 -245109.688      6.000     -2.340
     2      4     14     12 -63672.078      7.000     -2.340
     3      5     15     13 -322636.844      8.000     -2.340
     4      6     16     14 -139796.094      9.000     -2.340
     5      7     17     15  77522.422     10.000     -2.340
     6      8     18     16 621397.500     11.000     -2.340
     7      9     19     17 -82327.102     12.000     -2.340
     8     10     20     18 10570900.000     13.000     -2.340
     9     11     21     19 29347438.000     14.000     -2.340
    10     12     22     20 9248301.000     15.000     -2.340
    11     13     23     21 4870431.500     16.000     -2.340
    12     14     24     22   9931.455     17.000     -2.340
    13     15     25     23 -364505.219     18.000     -2.340
    14     16     26     24 202992.406     19.000     -2.340
    15     17     27     25 -28877.521     20.000     -2.340
    16     18     28     26  49084.246     21.000     -2.340
    17     19     29     27 -160602.000     22.000     -2.340
    18     20     30     28  52539.746     23.000     -2.340
    19     21     31     29 411341.094     24.000     -2.340
    20     22     32     30  21065.512     25.000     -2.340
    21     23     33     31 -121663.344     26.000     -2.340
    22     24     34     32  -2631.323     27.000     -2.340
    23     25     35     33   1217.154     28.000     -2.340
    24     26     36     34    963.363     29.000     -2.340
    25     27     37     35    226.647     30.000     -2.340
    26     28     38     36   1900.789     31.000     -2.340
    27     29     39     37   2567.913     32.000     -2.340
    28     30     40     38  10631.150     33.000     -2.340
    29     31     41     39   3085.296     34.000     -2.340
    30     32     42     40   1404.292     35.000     -2.340
    31     33     43     41   1248.972     36.000     -2.340
    32     34     44     42   1450.662     37.000     -2.340
    33     35     45     43    635.788     38.000     -2.340
    34     36     46     44 -26866.613     39.000     -2.340
    35     37     47     45 -36823.305     40.000     -2.340
    36     38     48     46   1254.566     41.000     -2.340
     1      3     15     13 643386.938      7.000     -2.730
     2      4     16     14 270551.563      8.000     -2.730
     3      5     17     15 984423.875      9.000     -2.730
     4      6     18     16 -361845.375     10.000     -2.730
     5      7     19     17 -553663.750     11.000     -2.730
     6      8     20     18 375512.844     12.000     -2.730
     7      9     21     19 2434740.250     13.000     -2.730
     8     10     22     20 2375135.250     14.000     -2.730
     9     11     23     21 -1686633.750     15.000     -2.730
    10     12     24     22 -70682.641     16.000     -2.730
    11     13     25     23 -151277.125     17.000     -2.730
    12     14     26     24 -378799.781     18.000     -2.730
    13     15     27     25 -143294.328     19.000     -2.730
    14     16     28     26 -42924.969     20.000     -2.730
    15     17     29     27 -199944.406     21.000     -2.730
    16     18     30     28 -118343.164     22.000     -2.730
    17     19     31     29 891413.500     23.000     -2.730
    18     20     32     30 304686.500     24.000     -2.730
    19     21     33     31 -772308.938     25.000     -2.730
    20     22     34     32 -257130.219     26.000     -2.730
    21     23     35     33  -2360.530     27.000     -2.730
    22     24     36     34    180.239     28.000     -2.730
    23     25     37     35   -192.642     29.000     -2.730
    24     26     38     36    467.884     30.000     -2.730
    25     27     39     37    329.471     31.000     -2.730
    26     28     40     38  -3674.721     32.000     -2.730
    27     29     41     39  -4409.270     33.000     -2.730
    28     30     42     40  -9009.334     34.000     -2.730
    29     31     43     41  10661.310     35.000     -2.730
    30     32     44     42   2279.515     36.000     -2.730
    31     33     45     43    895.128     37.000     -2.730
    32     34     46     44  35173.348     38.000     -2.730
    33     35     47     45 179081.641     39.000     -2.730
    34     36     48     46  52240.969     40.000     -2.730
     1      4     16     13 -10117.105      7.500     -2.925
     2      5     17     14 -512863.781      8.500     -2.925
     3      6     18     15 556032.313      9.500     -2.925
     4      7     19     16 530621.125     10.500     -2.925
     5      8     20     17 -252277.109     11.500     -2.925
     6      9     21     18 2290699.000     12.500     -2.925
     7     10     22     19 4669694.500     13.500     -2.925
     8     11     23     20 1722622.380     14.500     -2.925
     9     12     24     21 -1058520.380     15.500     -2.925
    10     13     25     22 -67654.836     16.500     -2.925
    11     14     26     23 -97756.250     17.500     -2.925
    12     15     27     24 -58030.242     18.500     -2.925
    13     16     28     25  61383.578     19.500     -2.925
    14     17     29     26 -104659.719     20.500     -2.925
    15     18     30     27 -55909.668     21.500     -2.925
    16     19     31     28 375042.063     22.500     -2.925
    17     20     32     29 204708.438     23.500     -2.925
    18     21     33     30 -169786.266     24.500     -2.925
    19     22     34     31 -421164.875     25.500     -2.925
    20     23     35     32 -111563.742     26.500     -2.925
    21     24     36     33   -806.384     27.500     -2.925
    22     25     37     34    159.128     28.500     -2.925
    23     26     38     35    314.524     29.500     -2.925
    24     27     39     36   1009.677     30.500     -2.925
    25     28     40     37   1912.250     31.500     -2.925
    26     29     41     38  -1776.024     32.500     -2.925
    27     30     42     39   4265.522     33.500     -2.925
    28     31     43     40  -2773.712     34.500     -2.925
    29     32     44     41   -157.318     35.500     -2.925
    30     33     45     42   3184.425     36.500     -2.925
    31     34     46     43 167313.078     37.500     -2.925
    32     35     47     44 107583.508     38.500     -2.925
    33     36     48     45  29711.234     39.500     -2.925
     1      4     19     16 490937.094      9.000     -3.510
     2      5     20     17 1122374.250     10.000     -3.510
     3      6     21     18 -298190.375     11.000     -3.510
     4      7     22     19 129363.414     12.000     -3.510
     5      8     23     20 -279418.469     13.000     -3.510
     6      9     24     21 -172153.375     14.000     -3.510
     7     10     25     22 -79775.070     15.000     -3.510
     8     11     26     23 -76422.180     16.000     -3.510
     9     12     27     24  81927.766     17.000     -3.510
    10     13     28     25 253290.688     18.000     -3.510
    11     14     29     26 -24529.699     19.000     -3.510
    12     15     30     27 -65279.824     20.000     -3.510
    13     16     31     28 935360.813     21.000     -3.510
    14     17     32     29 316118.594     22.000     -3.510
    15     18     33     30 120742.789     23.000     -3.510
    16     19     34     31 -632778.875     24.000     -3.510
    17     20     35     32 -321473.719     25.000     -3.510
    18     21     36     33 -13863.481     26.000     -3.510
    19     22     37     34  -6823.167     27.000     -3.510
    20     23     38     35    374.352     28.000     -3.510
    21     24     39     36   1952.061     29.000     -3.510
    22     25     40     37   1147.713     30.000     -3.510
    23     26     41     38    633.798     31.000     -3.510
    24     27     42     39    211.040     32.000     -3.510
    25     28     43     40   2683.802     33.000     -3.510
    26     29     44     41   4678.161     34.000     -3.510
    27     30     45     42  -8449.733     35.000     -3.510
    28     31     46     43 -198663.516     36.000     -3.510
    29     32     47     44 230733.531     37.000     -3.510
    30     33     48     45 404946.969     38.000     -3.510
     1      4     22     19 -345307.469     10.500     -4.095
     2      5     23     20 222940.984     11.500     -4.095
     3      6     24     21  60641.180     12.500     -4.095
     4      7     25     22  -5381.151     13.500     -4.095
     5      8     26     23  -7397.066     14.500     -4.095
     6      9     27     24   -694.106     15.500     -4.095
     7     10     28     25  24958.121     16.500     -4.095
     8     11     29     26 -241648.594     17.500     -4.095
     9     12     30     27 -418761.344     18.500     -4.095
    10     13     31     28 -108086.156     19.500     -4.095
    11     14     32     29 364212.594     20.500     -4.095
    12     15     33     30 118235.500     21.500     -4.095
    13     16     34     31 -1745912.750     22.500     -4.095
    14     17     35     32 -85511.391     23.500     -4.095
    15     18     36     33  38058.059     24.500     -4.095
    16     19     37     34 -16464.975     25.500     -4.095
    17     20     38     35  -3162.764     26.500     -4.095
    18     21     39     36  11309.156     27.500     -4.095
    19     22     40     37  68789.117     28.500     -4.095
    20     23     41     38   7544.715     29.500     -4.095
    21     24     42     39    199.899     30.500     -4.095
    22     25     43     40   -987.028     31.500     -4.095
    23     26     44     41  -1107.561     32.500     -4.095
    24     27     45     42  -1083.019     33.500     -4.095
    25     28     46     43 -27281.902     34.500     -4.095
    26     29     47     44 -96355.438     35.500     -4.095
    27     30     48     45 -406063.375     36.500     -4.095
     1      5     25     21 -175759.313     12.000     -4.680
     2      6     26     22  -2318.028     13.000     -4.680
     3      7     27     23  -3245.426     14.000     -4.680
     4      8     28     24   -287.448     15.000     -4.680
     5      9     29     25  -6713.609     16.000     -4.680
     6     10     30     26 -39250.961     17.000     -4.680
     7     11     31     27 -125076.617     18.000     -4.680
     8     12     32     28  19680.447     19.000     -4.680
     9     13     33     29 551785.438     20.000     -4.680
    10     14     34     30  49486.875     21.000     -4.680
    11     15     35     31 -347549.656     22.000     -4.680
    12     16     36     32 -422245.188     23.000     -4.680
    13     17     37     33   3588.956     24.000     -4.680
    14     18     38     34  -2359.965     25.000     -4.680
    15     19     39     35   6297.260     26.000     -4.680
    16     20     40     36  50960.160     27.000     -4.680
    17     21     41     37   6128.368     28.000     -4.680
    18     22     42     38  20036.326     29.000     -4.680
    19     23     43     39  12538.727     30.000     -4.680
    20     24     44     40  -8020.864     31.000     -4.680
    21     25     45     41   2016.149     32.000     -4.680
    22     26     46     42 -71819.531     33.000     -4.680
    23     27     47     43 -54759.777     34.000     -4.680
    24     28     48     44  66959.961     35.000     -4.680
     1      5     29     25  -8748.343     14.000     -5.460
     2      6     30     26  -1086.002     15.000     -5.460
     3      7     31     27  11217.043     16.000     -5.460
     4      8     32     28   3445.899     17.000     -5.460
     5      9     33     29  17634.439     18.000     -5.460
     6     10     34     30  78017.563     19.000     -5.460
     7     11     35     31 243983.016     20.000     -5.460
     8     12     36     32  29500.689     21.000     -5.460
     9     13     37     33  84398.508     22.000     -5.460
    10     14     38     34  -2533.381     23.000     -5.460
    11     15     39     35   4370.082     24.000     -5.460
    12     16     40     36  73758.313     25.000     -5.460
    13     17     41     37  10555.752     26.000     -5.460
    14     18     42     38  12830.517     27.000     -5.460
    15     19     43     39  19612.588     28.000     -5.460
    16     20     44     40 -27521.484     29.000     -5.460
    17     21     45     41   8555.437     30.000     -5.460
    18     22     46     42 2747005.250     31.000     -5.460
    19     23     47     43 5185357.500     32.000     -5.460
    20     24     48     44 2761324.250     33.000     -5.460
     1      6     31     26   1841.467     15.000     -5.850
     2      7     32     27   3789.057     16.000     -5.850
     3      8     33     28   -536.269     17.000     -5.850
     4      9     34     29  16842.055     18.000     -5.850
     5     10     35     30  47478.012     19.000     -5.850
     6     11     36     31 177994.234     20.000     -5.850
     7     12     37     32  17694.055     21.000     -5.850
     8     13     38     33  68819.625     22.000     -5.850
     9     14     39     34   -697.433     23.000     -5.850
    10     15     40     35   3545.597     24.000     -5.850
    11     16     41     36  -3336.367     25.000     -5.850
    12     17     42     37  15062.662     26.000     -5.850
    13     18     43     38  46803.387     27.000     -5.850
    14     19     44     39   7017.681     28.000     -5.850
    15     20     45     40 -49936.180     29.000     -5.850
    16     21     46     41 1098565.880     30.000     -5.850
    17     22     47     42 3085332.750     31.000     -5.850
    18     23     48     43 5839862.000     32.000     -5.850
     1      6     36     31  -2577.456     17.500     -6.825
     2      7     37     32  -6373.841     18.500     -6.825
     3      8     38     33    590.464     19.500     -6.825
     4      9     39     34   -219.362     20.500     -6.825
     5     10     40     35   1932.037     21.500     -6.825
     6     11     41     36 -10737.203     22.500     -6.825
     7     12     42     37   2704.917     23.500     -6.825
     8     13     43     38   2566.373     24.500     -6.825
     9     14     44     39   2869.851     25.500     -6.825
    10     15     45     40 -57370.637     26.500     -6.825
    11     16     46     41   -735.606     27.500     -6.825
    12     17     47     42 3326368.750     28.500     -6.825
    13     18     48     43 8590421.000     29.500     -6.825
     1      7     37     31  -1225.772     18.000     -7.020
     2      8     38     32  -4302.316     19.000     -7.020
     3      9     39     33   1555.089     20.000     -7.020
     4     10     40     34    171.908     21.000     -7.020
     5     11     41     35  -6914.776     22.000     -7.020
     6     12     42     36  -3182.561     23.000     -7.020
     7     13     43     37  -2155.637     24.000     -7.020
     8     14     44     38   1805.035     25.000     -7.020
     9     15     45     39 -33655.531     26.000     -7.020
    10     16     46     40 -763097.688     27.000     -7.020
    11     17     47     41 1413312.750     28.000     -7.020
    12     18     48     42 3042501.250     29.000     -7.020
     1      7     43     37    234.654     21.000     -8.190
     2      8     44     38    676.966     22.000     -8.190
     3      9     45     39  -1598.403     23.000     -8.190
     4     10     46     40 -124723.719     24.000     -8.190
     5     11     47     41 -1008656.380     25.000     -8.190
     6     12     48     42 -729569.188     26.000     -8.190
     1     10     46     37 -61527.543     22.500     -8.775
     2     11     47     38 -500192.719     23.500     -8.775
     3     12     48     39 -309804.094     24.500     -8.775
