48# Number of electrodes
# x z
0.000     0.000
1.000     0.000
2.000     0.000
3.000     0.000
4.000     0.000
5.000     0.000
6.000     0.000
7.000     0.000
8.000     0.000
9.000     0.000
10.000     0.000
11.000     0.000
12.000     0.000
13.000     0.000
14.000     0.000
15.000     0.000
16.000     0.000
17.000     0.000
18.000     0.000
19.000     0.000
20.000     0.000
21.000     0.000
22.000     0.000
23.000     0.000
24.000     0.000
25.000     0.000
26.000     0.000
27.000     0.000
28.000     0.000
29.000     0.000
30.000     0.000
31.000     0.000
32.000     0.000
33.000     0.000
34.000     0.000
35.000     0.000
36.000     0.000
37.000     0.000
38.000     0.000
39.000     0.000
40.000     0.000
41.000     0.000
42.000     0.000
43.000     0.000
44.000     0.000
45.000     0.000
46.000     0.000
47.000     0.000
909# Number of data
# a   b   m   n      rhoa      x      z
     1      4      2      3          -      1.500     -0.330
     2      5      3      4          -      2.500     -0.330
     3      6      4      5 -73684.922      3.500     -0.330
     4      7      5      6          -      4.500     -0.330
     5      8      6      7          -      5.500     -0.330
     6      9      7      8          -      6.500     -0.330
     7     10      8      9          -      7.500     -0.330
     8     11      9     10          -      8.500     -0.330
     9     12     10     11          -      9.500     -0.330
    10     13     11     12          -     10.500     -0.330
    11     14     12     13          -     11.500     -0.330
    12     15     13     14          -     12.500     -0.330
    13     16     14     15          -     13.500     -0.330
    14     17     15     16          -     14.500     -0.330
    15     18     16     17          -     15.500     -0.330
    16     19     17     18          -     16.500     -0.330
    17     20     18     19          -     17.500     -0.330
    18     21     19     20          -     18.500     -0.330
    19     22     20     21          -     19.500     -0.330
    20     23     21     22          -     20.500     -0.330
    21     24     22     23 1242637.880     21.500     -0.330
    22     25     23     24 -378963.906     22.500     -0.330
    23     26     24     25 144061.625     23.500     -0.330
    24     27     25     26 125529.430     24.500     -0.330
    25     28     26     27          -     25.500     -0.330
    26     29     27     28 -577707.813     26.500     -0.330
    27     30     28     29 -186456.844     27.500     -0.330
    28     31     29     30          -     28.500     -0.330
    29     32     30     31          -     29.500     -0.330
    30     33     31     32          -     30.500     -0.330
    31     34     32     33          -     31.500     -0.330
    32     35     33     34 -24106.258     32.500     -0.330
    33     36     34     35 728149.813     33.500     -0.330
    34     37     35     36 914099.000     34.500     -0.330
    35     38     36     37 722120.125     35.500     -0.330
    36     39     37     38  69951.898     36.500     -0.330
    37     40     38     39 837322.750     37.500     -0.330
    38     41     39     40 -186936.250     38.500     -0.330
    39     42     40     41 -12169.092     39.500     -0.330
    40     43     41     42  81213.391     40.500     -0.330
    41     44     42     43 826173.688     41.500     -0.330
    42     45     43     44          -     42.500     -0.330
    43     46     44     45 186925.203     43.500     -0.330
    44     47     45     46          -     44.500     -0.330
    45     48     46     47          -     45.500     -0.330
     1      7      3      5          -      3.000     -0.660
     2      8      4      6          -      4.000     -0.660
     3      9      5      7          -      5.000     -0.660
     4     10      6      8          -      6.000     -0.660
     5     11      7      9          -      7.000     -0.660
     6     12      8     10          -      8.000     -0.660
     7     13      9     11          -      9.000     -0.660
     8     14     10     12          -     10.000     -0.660
     9     15     11     13          -     11.000     -0.660
    10     16     12     14          -     12.000     -0.660
    11     17     13     15          -     13.000     -0.660
    12     18     14     16          -     14.000     -0.660
    13     19     15     17          -     15.000     -0.660
    14     20     16     18          -     16.000     -0.660
    15     21     17     19          -     17.000     -0.660
    16     22     18     20          -     18.000     -0.660
    17     23     19     21          -     19.000     -0.660
    18     24     20     22          -     20.000     -0.660
    19     25     21     23          -     21.000     -0.660
    20     26     22     24          -     22.000     -0.660
    21     27     23     25 594928.188     23.000     -0.660
    22     28     24     26          -     24.000     -0.660
    23     29     25     27 -138957.781     25.000     -0.660
    24     30     26     28 485251.750     26.000     -0.660
    25     31     27     29 1350354.500     27.000     -0.660
    26     32     28     30          -     28.000     -0.660
    27     33     29     31 1479994.630     29.000     -0.660
    28     34     30     32 2515333.250     30.000     -0.660
    29     35     31     33 232770.375     31.000     -0.660
    30     36     32     34          -     32.000     -0.660
    31     37     33     35 -225813.781     33.000     -0.660
    32     38     34     36 679959.813     34.000     -0.660
    33     39     35     37  39201.473     35.000     -0.660
    34     40     36     38 -233735.391     36.000     -0.660
    35     41     37     39 565807.750     37.000     -0.660
    36     42     38     40 1786877.250     38.000     -0.660
    37     43     39     41  84596.352     39.000     -0.660
    38     44     40     42 -352313.906     40.000     -0.660
    39     45     41     43 1601999.880     41.000     -0.660
    40     46     42     44          -     42.000     -0.660
    41     47     43     45          -     43.000     -0.660
    42     48     44     46 2190648.250     44.000     -0.660
     1     10      4      7 3298837.500      4.500     -0.990
     2     11      5      8          -      5.500     -0.990
     3     12      6      9          -      6.500     -0.990
     4     13      7     10          -      7.500     -0.990
     5     14      8     11          -      8.500     -0.990
     6     15      9     12          -      9.500     -0.990
     7     16     10     13          -     10.500     -0.990
     8     17     11     14          -     11.500     -0.990
     9     18     12     15 1645872.130     12.500     -0.990
    10     19     13     16          -     13.500     -0.990
    11     20     14     17 996591.438     14.500     -0.990
    12     21     15     18          -     15.500     -0.990
    13     22     16     19          -     16.500     -0.990
    14     23     17     20          -     17.500     -0.990
    15     24     18     21          -     18.500     -0.990
    16     25     19     22          -     19.500     -0.990
    17     26     20     23          -     20.500     -0.990
    18     27     21     24          -     21.500     -0.990
    19     28     22     25 3328539.500     22.500     -0.990
    20     29     23     26 1341508.380     23.500     -0.990
    21     30     24     27          -     24.500     -0.990
    22     31     25     28          -     25.500     -0.990
    23     32     26     29 1127190.250     26.500     -0.990
    24     33     27     30          -     27.500     -0.990
    25     34     28     31          -     28.500     -0.990
    26     35     29     32 801094.813     29.500     -0.990
    27     36     30     33          -     30.500     -0.990
    28     37     31     34 2755729.500     31.500     -0.990
    29     38     32     35 2007703.380     32.500     -0.990
    30     39     33     36          -     33.500     -0.990
    31     40     34     37 2243756.500     34.500     -0.990
    32     41     35     38 549126.375     35.500     -0.990
    33     42     36     39 1316450.250     36.500     -0.990
    34     43     37     40 -234409.859     37.500     -0.990
    35     44     38     41 -1921331.750     38.500     -0.990
    36     45     39     42 398451.344     39.500     -0.990
    37     46     40     43 2004036.880     40.500     -0.990
    38     47     41     44          -     41.500     -0.990
    39     48     42     45          -     42.500     -0.990
     1     13      5      9          -      6.000     -1.320
     2     14      6     10          -      7.000     -1.320
     3     15      7     11          -      8.000     -1.320
     4     16      8     12          -      9.000     -1.320
     5     17      9     13          -     10.000     -1.320
     6     18     10     14 726592.313     11.000     -1.320
     7     19     11     15          -     12.000     -1.320
     8     20     12     16          -     13.000     -1.320
     9     21     13     17          -     14.000     -1.320
    10     22     14     18          -     15.000     -1.320
    11     23     15     19          -     16.000     -1.320
    12     24     16     20          -     17.000     -1.320
    13     25     17     21          -     18.000     -1.320
    14     26     18     22          -     19.000     -1.320
    15     27     19     23          -     20.000     -1.320
    16     28     20     24          -     21.000     -1.320
    17     29     21     25          -     22.000     -1.320
    18     30     22     26          -     23.000     -1.320
    19     31     23     27 1629796.500     24.000     -1.320
    20     32     24     28 4299666.500     25.000     -1.320
    21     33     25     29 -2152457.500     26.000     -1.320
    22     34     26     30 2378768.750     27.000     -1.320
    23     35     27     31 4052483.500     28.000     -1.320
    24     36     28     32  43720.414     29.000     -1.320
    25     37     29     33 449674.469     30.000     -1.320
    26     38     30     34 1683752.000     31.000     -1.320
    27     39     31     35 155038.781     32.000     -1.320
    28     40     32     36 1224654.880     33.000     -1.320
    29     41     33     37 -684810.375     34.000     -1.320
    30     42     34     38 -3628128.000     35.000     -1.320
    31     43     35     39 2537479.000     36.000     -1.320
    32     44     36     40 1309237.130     37.000     -1.320
    33     45     37     41 -2582907.500     38.000     -1.320
    34     46     38     42 -2525052.000     39.000     -1.320
    35     47     39     43 4457525.000     40.000     -1.320
    36     48     40     44          -     41.000     -1.320
     1     16      6     11 3256842.250      7.500     -1.650
     2     17      7     12          -      8.500     -1.650
     3     18      8     13          -      9.500     -1.650
     4     19      9     14          -     10.500     -1.650
     5     20     10     15          -     11.500     -1.650
     6     21     11     16          -     12.500     -1.650
     7     22     12     17          -     13.500     -1.650
     8     23     13     18          -     14.500     -1.650
     9     24     14     19          -     15.500     -1.650
    10     25     15     20 4415419.000     16.500     -1.650
    11     26     16     21          -     17.500     -1.650
    12     27     17     22          -     18.500     -1.650
    13     28     18     23          -     19.500     -1.650
    14     29     19     24          -     20.500     -1.650
    15     30     20     25          -     21.500     -1.650
    16     31     21     26          -     22.500     -1.650
    17     32     22     27 5731830.500     23.500     -1.650
    18     33     23     28 -728456.750     24.500     -1.650
    19     34     24     29 6662462.000     25.500     -1.650
    20     35     25     30          -     26.500     -1.650
    21     36     26     31          -     27.500     -1.650
    22     37     27     32 2080636.500     28.500     -1.650
    23     38     28     33 -2303430.500     29.500     -1.650
    24     39     29     34 207667.750     30.500     -1.650
    25     40     30     35 1073975.130     31.500     -1.650
    26     41     31     36 3058498.750     32.500     -1.650
    27     42     32     37 630019.625     33.500     -1.650
    28     43     33     38 378391.625     34.500     -1.650
    29     44     34     39  80379.438     35.500     -1.650
    30     45     35     40 2948368.500     36.500     -1.650
    31     46     36     41 -2703417.750     37.500     -1.650
    32     47     37     42 -1960115.250     38.500     -1.650
    33     48     38     43 617002.813     39.500     -1.650
     1     19      7     13 -2906264.250      9.000     -1.980
     2     20      8     14          -     10.000     -1.980
     3     21      9     15          -     11.000     -1.980
     4     22     10     16          -     12.000     -1.980
     5     23     11     17          -     13.000     -1.980
     6     24     12     18          -     14.000     -1.980
     7     25     13     19          -     15.000     -1.980
     8     26     14     20          -     16.000     -1.980
     9     27     15     21          -     17.000     -1.980
    10     28     16     22          -     18.000     -1.980
    11     29     17     23          -     19.000     -1.980
    12     30     18     24          -     20.000     -1.980
    13     31     19     25          -     21.000     -1.980
    14     32     20     26          -     22.000     -1.980
    15     33     21     27          -     23.000     -1.980
    16     34     22     28 5595023.500     24.000     -1.980
    17     35     23     29 828946.500     25.000     -1.980
    18     36     24     30 -217173.625     26.000     -1.980
    19     37     25     31          -     27.000     -1.980
    20     38     26     32          -     28.000     -1.980
    21     39     27     33 -1884753.880     29.000     -1.980
    22     40     28     34 -295845.625     30.000     -1.980
    23     41     29     35  44868.883     31.000     -1.980
    24     42     30     36  11809.247     32.000     -1.980
    25     43     31     37 2396892.500     33.000     -1.980
    26     44     32     38 3996045.000     34.000     -1.980
    27     45     33     39 237966.250     35.000     -1.980
    28     46     34     40 3515591.000     36.000     -1.980
    29     47     35     41 -1100639.130     37.000     -1.980
    30     48     36     42          -     38.000     -1.980
     1     22      8     15 2304148.750     10.500     -2.310
     2     23      9     16 7168599.000     11.500     -2.310
     3     24     10     17          -     12.500     -2.310
     4     25     11     18          -     13.500     -2.310
     5     26     12     19          -     14.500     -2.310
     6     27     13     20          -     15.500     -2.310
     7     28     14     21          -     16.500     -2.310
     8     29     15     22          -     17.500     -2.310
     9     30     16     23          -     18.500     -2.310
    10     31     17     24          -     19.500     -2.310
    11     32     18     25          -     20.500     -2.310
    12     33     19     26          -     21.500     -2.310
    13     34     20     27          -     22.500     -2.310
    14     35     21     28          -     23.500     -2.310
    15     36     22     29 1491900.130     24.500     -2.310
    16     37     23     30          -     25.500     -2.310
    17     38     24     31 4036292.000     26.500     -2.310
    18     39     25     32          -     27.500     -2.310
    19     40     26     33 -512572.313     28.500     -2.310
    20     41     27     34 -3015015.000     29.500     -2.310
    21     42     28     35 2916488.750     30.500     -2.310
    22     43     29     36 4126264.000     31.500     -2.310
    23     44     30     37 -641157.188     32.500     -2.310
    24     45     31     38 3800037.750     33.500     -2.310
    25     46     32     39 -665565.125     34.500     -2.310
    26     47     33     40 3112936.000     35.500     -2.310
    27     48     34     41 -1336795.250     36.500     -2.310
     1     25      9     17 400144.969     12.000     -2.640
     2     26     10     18 3830571.500     13.000     -2.640
     3     27     11     19          -     14.000     -2.640
     4     28     12     20          -     15.000     -2.640
     5     29     13     21          -     16.000     -2.640
     6     30     14     22          -     17.000     -2.640
     7     31     15     23          -     18.000     -2.640
     8     32     16     24          -     19.000     -2.640
     9     33     17     25          -     20.000     -2.640
    10     34     18     26          -     21.000     -2.640
    11     35     19     27          -     22.000     -2.640
    12     36     20     28          -     23.000     -2.640
    13     37     21     29          -     24.000     -2.640
    14     38     22     30 2250329.250     25.000     -2.640
    15     39     23     31          -     26.000     -2.640
    16     40     24     32 2624063.750     27.000     -2.640
    17     41     25     33 -1200648.380     28.000     -2.640
    18     42     26     34 -1800537.750     29.000     -2.640
    19     43     27     35 -4045853.500     30.000     -2.640
    20     44     28     36 -8080406.000     31.000     -2.640
    21     45     29     37 -6013567.500     32.000     -2.640
    22     46     30     38 1664677.000     33.000     -2.640
    23     47     31     39          -     34.000     -2.640
    24     48     32     40 1074338.250     35.000     -2.640
     1     28     10     19 -1079432.000     13.500     -2.970
     2     29     11     20 5369635.500     14.500     -2.970
     3     30     12     21          -     15.500     -2.970
     4     31     13     22          -     16.500     -2.970
     5     32     14     23          -     17.500     -2.970
     6     33     15     24          -     18.500     -2.970
     7     34     16     25          -     19.500     -2.970
     8     35     17     26          -     20.500     -2.970
     9     36     18     27          -     21.500     -2.970
    10     37     19     28          -     22.500     -2.970
    11     38     20     29          -     23.500     -2.970
    12     39     21     30          -     24.500     -2.970
    13     40     22     31 5037254.000     25.500     -2.970
    14     41     23     32          -     26.500     -2.970
    15     42     24     33 7897664.500     27.500     -2.970
    16     43     25     34 -4626320.000     28.500     -2.970
    17     44     26     35 -1091760.750     29.500     -2.970
    18     45     27     36          -     30.500     -2.970
    19     46     28     37 1732238.880     31.500     -2.970
    20     47     29     38 -1737828.130     32.500     -2.970
    21     48     30     39          -     33.500     -2.970
     1     31     11     21          -     15.000     -3.300
     2     32     12     22          -     16.000     -3.300
     3     33     13     23          -     17.000     -3.300
     4     34     14     24          -     18.000     -3.300
     5     35     15     25          -     19.000     -3.300
     6     36     16     26          -     20.000     -3.300
     7     37     17     27          -     21.000     -3.300
     8     38     18     28          -     22.000     -3.300
     9     39     19     29          -     23.000     -3.300
    10     40     20     30          -     24.000     -3.300
    11     41     21     31          -     25.000     -3.300
    12     42     22     32 110141.711     26.000     -3.300
    13     43     23     33 -1237123.380     27.000     -3.300
    14     44     24     34 5216481.500     28.000     -3.300
    15     45     25     35 -6102269.500     29.000     -3.300
    16     46     26     36 -7767320.500     30.000     -3.300
    17     47     27     37          -     31.000     -3.300
    18     48     28     38 -1421883.500     32.000     -3.300
     1     34     12     23 743266.563     16.500     -3.630
     2     35     13     24 10688402.000     17.500     -3.630
     3     36     14     25          -     18.500     -3.630
     4     37     15     26          -     19.500     -3.630
     5     38     16     27          -     20.500     -3.630
     6     39     17     28          -     21.500     -3.630
     7     40     18     29          -     22.500     -3.630
     8     41     19     30          -     23.500     -3.630
     9     42     20     31          -     24.500     -3.630
    10     43     21     32          -     25.500     -3.630
    11     44     22     33 7963793.000     26.500     -3.630
    12     45     23     34 -5111578.500     27.500     -3.630
    13     46     24     35 5580431.500     28.500     -3.630
    14     47     25     36          -     29.500     -3.630
    15     48     26     37 -4646511.000     30.500     -3.630
     1     37     13     25  95744.430     18.000     -3.960
     2     38     14     26          -     19.000     -3.960
     3     39     15     27          -     20.000     -3.960
     4     40     16     28          -     21.000     -3.960
     5     41     17     29          -     22.000     -3.960
     6     42     18     30          -     23.000     -3.960
     7     43     19     31          -     24.000     -3.960
     8     44     20     32          -     25.000     -3.960
     9     45     21     33          -     26.000     -3.960
    10     46     22     34 1513240.000     27.000     -3.960
    11     47     23     35          -     28.000     -3.960
    12     48     24     36          -     29.000     -3.960
     1     40     14     27 906894.688     19.500     -4.290
     2     41     15     28          -     20.500     -4.290
     3     42     16     29          -     21.500     -4.290
     4     43     17     30          -     22.500     -4.290
     5     44     18     31          -     23.500     -4.290
     6     45     19     32          -     24.500     -4.290
     7     46     20     33          -     25.500     -4.290
     8     47     21     34          -     26.500     -4.290
     9     48     22     35 -3313868.250     27.500     -4.290
     1     43     15     29 1548816.130     21.000     -4.620
     2     44     16     30          -     22.000     -4.620
     3     45     17     31          -     23.000     -4.620
     4     46     18     32          -     24.000     -4.620
     5     47     19     33 -1967309.500     25.000     -4.620
     6     48     20     34          -     26.000     -4.620
     1     46     16     31 9725140.000     22.500     -4.950
     2     47     17     32 10343225.000     23.500     -4.950
     3     48     18     33          -     24.500     -4.950
     1      2      4      3          -      1.500     -0.585
     2      3      5      4          -      2.500     -0.585
     3      4      6      5 -1850080.880      3.500     -0.585
     4      5      7      6 -1641404.750      4.500     -0.585
     5      6      8      7 -3461074.750      5.500     -0.585
     6      7      9      8          -      6.500     -0.585
     7      8     10      9          -      7.500     -0.585
     8      9     11     10          -      8.500     -0.585
     9     10     12     11          -      9.500     -0.585
    10     11     13     12          -     10.500     -0.585
    11     12     14     13          -     11.500     -0.585
    12     13     15     14 -3405286.500     12.500     -0.585
    13     14     16     15          -     13.500     -0.585
    14     15     17     16          -     14.500     -0.585
    15     16     18     17          -     15.500     -0.585
    16     17     19     18          -     16.500     -0.585
    17     18     20     19          -     17.500     -0.585
    18     19     21     20          -     18.500     -0.585
    19     20     22     21          -     19.500     -0.585
    20     21     23     22 -2463833.000     20.500     -0.585
    21     22     24     23          -     21.500     -0.585
    22     23     25     24 -1478639.250     22.500     -0.585
    23     24     26     25  28522.830     23.500     -0.585
    24     25     27     26 209285.625     24.500     -0.585
    25     26     28     27          -     25.500     -0.585
    26     27     29     28          -     26.500     -0.585
    27     28     30     29          -     27.500     -0.585
    28     29     31     30 2328045.000     28.500     -0.585
    29     30     32     31          -     29.500     -0.585
    30     31     33     32          -     30.500     -0.585
    31     32     34     33 2119739.250     31.500     -0.585
    32     33     35     34 529477.375     32.500     -0.585
    33     34     36     35 383278.000     33.500     -0.585
    34     35     37     36 2288982.250     34.500     -0.585
    35     36     38     37  74100.133     35.500     -0.585
    36     37     39     38 -447105.625     36.500     -0.585
    37     38     40     39 -77282.781     37.500     -0.585
    38     39     41     40 -990707.938     38.500     -0.585
    39     40     42     41 -54020.527     39.500     -0.585
    40     41     43     42 998413.813     40.500     -0.585
    41     42     44     43 -116396.563     41.500     -0.585
    42     43     45     44 1088375.750     42.500     -0.585
    43     44     46     45 -1255997.250     43.500     -0.585
    44     45     47     46 -1032773.750     44.500     -0.585
    45     46     48     47          -     45.500     -0.585
     1      2      5      4 -3112640.500      2.000     -0.780
     2      3      6      5          -      3.000     -0.780
     3      4      7      6          -      4.000     -0.780
     4      5      8      7          -      5.000     -0.780
     5      6      9      8 -6864257.500      6.000     -0.780
     6      7     10      9          -      7.000     -0.780
     7      8     11     10          -      8.000     -0.780
     8      9     12     11 -3031653.000      9.000     -0.780
     9     10     13     12          -     10.000     -0.780
    10     11     14     13          -     11.000     -0.780
    11     12     15     14          -     12.000     -0.780
    12     13     16     15          -     13.000     -0.780
    13     14     17     16 128180.773     14.000     -0.780
    14     15     18     17          -     15.000     -0.780
    15     16     19     18          -     16.000     -0.780
    16     17     20     19          -     17.000     -0.780
    17     18     21     20          -     18.000     -0.780
    18     19     22     21          -     19.000     -0.780
    19     20     23     22          -     20.000     -0.780
    20     21     24     23 8464017.000     21.000     -0.780
    21     22     25     24          -     22.000     -0.780
    22     23     26     25 232575.438     23.000     -0.780
    23     24     27     26  19964.701     24.000     -0.780
    24     25     28     27 -2513009.000     25.000     -0.780
    25     26     29     28          -     26.000     -0.780
    26     27     30     29          -     27.000     -0.780
    27     28     31     30 10808940.000     28.000     -0.780
    28     29     32     31 -7694220.500     29.000     -0.780
    29     30     33     32          -     30.000     -0.780
    30     31     34     33 -7205908.000     31.000     -0.780
    31     32     35     34 -8448563.000     32.000     -0.780
    32     33     36     35 1000094.250     33.000     -0.780
    33     34     37     36 -617324.250     34.000     -0.780
    34     35     38     37 2635701.250     35.000     -0.780
    35     36     39     38 11567593.000     36.000     -0.780
    36     37     40     39 1033550.690     37.000     -0.780
    37     38     41     40 533961.625     38.000     -0.780
    38     39     42     41 -288172.375     39.000     -0.780
    39     40     43     42 -3357797.750     40.000     -0.780
    40     41     44     43 3474678.750     41.000     -0.780
    41     42     45     44 -1760340.750     42.000     -0.780
    42     43     46     45 -9666435.000     43.000     -0.780
    43     44     47     46 -13744676.000     44.000     -0.780
    44     45     48     47 2652831.000     45.000     -0.780
     1      2      6      5 11689673.000      2.500     -0.975
     2      3      7      6 -4141888.250      3.500     -0.975
     3      4      8      7          -      4.500     -0.975
     4      5      9      8          -      5.500     -0.975
     5      6     10      9 -8122483.000      6.500     -0.975
     6      7     11     10          -      7.500     -0.975
     7      8     12     11          -      8.500     -0.975
     8      9     13     12 13668972.000      9.500     -0.975
     9     10     14     13          -     10.500     -0.975
    10     11     15     14          -     11.500     -0.975
    11     12     16     15          -     12.500     -0.975
    12     13     17     16          -     13.500     -0.975
    13     14     18     17 -4513296.000     14.500     -0.975
    14     15     19     18 -23766144.000     15.500     -0.975
    15     16     20     19          -     16.500     -0.975
    16     17     21     20          -     17.500     -0.975
    17     18     22     21          -     18.500     -0.975
    18     19     23     22 -30412382.000     19.500     -0.975
    19     20     24     23 10135547.000     20.500     -0.975
    20     21     25     24 -25777154.000     21.500     -0.975
    21     22     26     25 2528893.000     22.500     -0.975
    22     23     27     26 -500320.531     23.500     -0.975
    23     24     28     27 -91364.523     24.500     -0.975
    24     25     29     28 -634636.000     25.500     -0.975
    25     26     30     29 -32199892.000     26.500     -0.975
    26     27     31     30 -27289782.000     27.500     -0.975
    27     28     32     31 27874792.000     28.500     -0.975
    28     29     33     32 1794282.630     29.500     -0.975
    29     30     34     33 15544717.000     30.500     -0.975
    30     31     35     34 19220348.000     31.500     -0.975
    31     32     36     35 2689676.000     32.500     -0.975
    32     33     37     36 -6879445.500     33.500     -0.975
    33     34     38     37 -10147756.000     34.500     -0.975
    34     35     39     38 -4388970.000     35.500     -0.975
    35     36     40     39 -5337850.500     36.500     -0.975
    36     37     41     40 -7235146.000     37.500     -0.975
    37     38     42     41 -576590.875     38.500     -0.975
    38     39     43     42 12818323.000     39.500     -0.975
    39     40     44     43 -7774003.500     40.500     -0.975
    40     41     45     44 -8944368.000     41.500     -0.975
    41     42     46     45 -757788.625     42.500     -0.975
    42     43     47     46 10622267.000     43.500     -0.975
    43     44     48     47 29417952.000     44.500     -0.975
     1      2      7      6 8686773.000      3.000     -1.170
     2      3      8      7  13921.153      4.000     -1.170
     3      4      9      8          -      5.000     -1.170
     4      5     10      9          -      6.000     -1.170
     5      6     11     10          -      7.000     -1.170
     6      7     12     11          -      8.000     -1.170
     7      8     13     12 -6334487.500      9.000     -1.170
     8      9     14     13          -     10.000     -1.170
     9     10     15     14 -77223320.000     11.000     -1.170
    10     11     16     15          -     12.000     -1.170
    11     12     17     16 63907848.000     13.000     -1.170
    12     13     18     17          -     14.000     -1.170
    13     14     19     18 -44012960.000     15.000     -1.170
    14     15     20     19          -     16.000     -1.170
    15     16     21     20          -     17.000     -1.170
    16     17     22     21          -     18.000     -1.170
    17     18     23     22          -     19.000     -1.170
    18     19     24     23 30270684.000     20.000     -1.170
    19     20     25     24 -16380215.000     21.000     -1.170
    20     21     26     25 5225621.000     22.000     -1.170
    21     22     27     26 -5486571.000     23.000     -1.170
    22     23     28     27 548286.938     24.000     -1.170
    23     24     29     28 -83519.375     25.000     -1.170
    24     25     30     29 -18537566.000     26.000     -1.170
    25     26     31     30 48794608.000     27.000     -1.170
    26     27     32     31 -20825030.000     28.000     -1.170
    27     28     33     32 28039998.000     29.000     -1.170
    28     29     34     33 -1605767.250     30.000     -1.170
    29     30     35     34 -21446840.000     31.000     -1.170
    30     31     36     35          -     32.000     -1.170
    31     32     37     36 -18110230.000     33.000     -1.170
    32     33     38     37 -10397623.000     34.000     -1.170
    33     34     39     38 19229386.000     35.000     -1.170
    34     35     40     39 -1742993.750     36.000     -1.170
    35     36     41     40 23590892.000     37.000     -1.170
    36     37     42     41 4104774.000     38.000     -1.170
    37     38     43     42 -4573988.500     39.000     -1.170
    38     39     44     43 21241342.000     40.000     -1.170
    39     40     45     44 22510058.000     41.000     -1.170
    40     41     46     45 37120924.000     42.000     -1.170
    41     42     47     46 -3413700.250     43.000     -1.170
    42     43     48     47 8029323.000     44.000     -1.170
     1      2      8      7 7076608.500      3.500     -1.365
     2      3      9      8          -      4.500     -1.365
     3      4     10      9 119416408.000      5.500     -1.365
     4      5     11     10 -26938930.000      6.500     -1.365
     5      6     12     11          -      7.500     -1.365
     6      7     13     12          -      8.500     -1.365
     7      8     14     13 32195582.000      9.500     -1.365
     8      9     15     14 58962448.000     10.500     -1.365
     9     10     16     15 -4443312.000     11.500     -1.365
    10     11     17     16 -69819152.000     12.500     -1.365
    11     12     18     17          -     13.500     -1.365
    12     13     19     18          -     14.500     -1.365
    13     14     20     19          -     15.500     -1.365
    14     15     21     20          -     16.500     -1.365
    15     16     22     21          -     17.500     -1.365
    16     17     23     22 -72845600.000     18.500     -1.365
    17     18     24     23 89205240.000     19.500     -1.365
    18     19     25     24 -67156880.000     20.500     -1.365
    19     20     26     25 6094600.000     21.500     -1.365
    20     21     27     26 -6841783.000     22.500     -1.365
    21     22     28     27 6069702.500     23.500     -1.365
    22     23     29     28 -669775.063     24.500     -1.365
    23     24     30     29 -4130458.500     25.500     -1.365
    24     25     31     30 22382124.000     26.500     -1.365
    25     26     32     31 61350448.000     27.500     -1.365
    26     27     33     32 -49752428.000     28.500     -1.365
    27     28     34     33 -4474525.000     29.500     -1.365
    28     29     35     34 3284725.500     30.500     -1.365
    29     30     36     35          -     31.500     -1.365
    30     31     37     36          -     32.500     -1.365
    31     32     38     37 41983292.000     33.500     -1.365
    32     33     39     38 -19734658.000     34.500     -1.365
    33     34     40     39 -1718088.000     35.500     -1.365
    34     35     41     40 3583801.750     36.500     -1.365
    35     36     42     41 -13578536.000     37.500     -1.365
    36     37     43     42 17390436.000     38.500     -1.365
    37     38     44     43 -3263775.250     39.500     -1.365
    38     39     45     44 5179701.000     40.500     -1.365
    39     40     46     45 -67095668.000     41.500     -1.365
    40     41     47     46 -4315396.000     42.500     -1.365
    41     42     48     47 6170326.500     43.500     -1.365
     1      3      9      7          -      4.000     -1.560
     2      4     10      8 -17563344.000      5.000     -1.560
     3      5     11      9          -      6.000     -1.560
     4      6     12     10          -      7.000     -1.560
     5      7     13     11          -      8.000     -1.560
     6      8     14     12          -      9.000     -1.560
     7      9     15     13          -     10.000     -1.560
     8     10     16     14 -1762460.880     11.000     -1.560
     9     11     17     15          -     12.000     -1.560
    10     12     18     16          -     13.000     -1.560
    11     13     19     17 -11060977.000     14.000     -1.560
    12     14     20     18          -     15.000     -1.560
    13     15     21     19 7469837.500     16.000     -1.560
    14     16     22     20          -     17.000     -1.560
    15     17     23     21          -     18.000     -1.560
    16     18     24     22 24641464.000     19.000     -1.560
    17     19     25     23 2480986.750     20.000     -1.560
    18     20     26     24 -6032243.000     21.000     -1.560
    19     21     27     25 330411.656     22.000     -1.560
    20     22     28     26 -651400.000     23.000     -1.560
    21     23     29     27 532377.938     24.000     -1.560
    22     24     30     28 -723364.625     25.000     -1.560
    23     25     31     29  33757.602     26.000     -1.560
    24     26     32     30          -     27.000     -1.560
    25     27     33     31 111351.594     28.000     -1.560
    26     28     34     32 1692136.880     29.000     -1.560
    27     29     35     33 -1987296.880     30.000     -1.560
    28     30     36     34          -     31.000     -1.560
    29     31     37     35 5118056.000     32.000     -1.560
    30     32     38     36          -     33.000     -1.560
    31     33     39     37 -11764430.000     34.000     -1.560
    32     34     40     38 2658469.500     35.000     -1.560
    33     35     41     39 261426.969     36.000     -1.560
    34     36     42     40 6621725.000     37.000     -1.560
    35     37     43     41 -10141106.000     38.000     -1.560
    36     38     44     42 4812152.000     39.000     -1.560
    37     39     45     43 6733782.000     40.000     -1.560
    38     40     46     44 1570227.630     41.000     -1.560
    39     41     47     45 1716801.750     42.000     -1.560
    40     42     48     46 -10354754.000     43.000     -1.560
     1      3     11      9          -      5.000     -1.950
     2      4     12     10 -12413852.000      6.000     -1.950
     3      5     13     11          -      7.000     -1.950
     4      6     14     12 41260792.000      8.000     -1.950
     5      7     15     13 -30819678.000      9.000     -1.950
     6      8     16     14          -     10.000     -1.950
     7      9     17     15 -5366319.000     11.000     -1.950
     8     10     18     16          -     12.000     -1.950
     9     11     19     17 67936184.000     13.000     -1.950
    10     12     20     18          -     14.000     -1.950
    11     13     21     19          -     15.000     -1.950
    12     14     22     20          -     16.000     -1.950
    13     15     23     21          -     17.000     -1.950
    14     16     24     22 11480185.000     18.000     -1.950
    15     17     25     23 -1453711.000     19.000     -1.950
    16     18     26     24 -15609031.000     20.000     -1.950
    17     19     27     25 448257.313     21.000     -1.950
    18     20     28     26 -2356129.250     22.000     -1.950
    19     21     29     27 -936690.500     23.000     -1.950
    20     22     30     28 269484.438     24.000     -1.950
    21     23     31     29 9114250.000     25.000     -1.950
    22     24     32     30 6361488.500     26.000     -1.950
    23     25     33     31 986718.813     27.000     -1.950
    24     26     34     32 2364136.750     28.000     -1.950
    25     27     35     33 -40385.535     29.000     -1.950
    26     28     36     34 -28832068.000     30.000     -1.950
    27     29     37     35 -5387845.000     31.000     -1.950
    28     30     38     36          -     32.000     -1.950
    29     31     39     37 24718034.000     33.000     -1.950
    30     32     40     38 -64342728.000     34.000     -1.950
    31     33     41     39 -3645728.750     35.000     -1.950
    32     34     42     40 -311026.969     36.000     -1.950
    33     35     43     41 -3035408.250     37.000     -1.950
    34     36     44     42 -47034576.000     38.000     -1.950
    35     37     45     43 -13512121.000     39.000     -1.950
    36     38     46     44 25695094.000     40.000     -1.950
    37     39     47     45 11173492.000     41.000     -1.950
    38     40     48     46 22555692.000     42.000     -1.950
     1      3     13     11          -      6.000     -2.340
     2      4     14     12 90629704.000      7.000     -2.340
     3      5     15     13          -      8.000     -2.340
     4      6     16     14          -      9.000     -2.340
     5      7     17     15 66135500.000     10.000     -2.340
     6      8     18     16 80859760.000     11.000     -2.340
     7      9     19     17 -68607280.000     12.000     -2.340
     8     10     20     18 79453968.000     13.000     -2.340
     9     11     21     19          -     14.000     -2.340
    10     12     22     20          -     15.000     -2.340
    11     13     23     21          -     16.000     -2.340
    12     14     24     22 100374528.000     17.000     -2.340
    13     15     25     23 28075488.000     18.000     -2.340
    14     16     26     24 -16924452.000     19.000     -2.340
    15     17     27     25 641970.688     20.000     -2.340
    16     18     28     26 -4118522.750     21.000     -2.340
    17     19     29     27 -610755.813     22.000     -2.340
    18     20     30     28 -11918936.000     23.000     -2.340
    19     21     31     29 10348166.000     24.000     -2.340
    20     22     32     30 27251526.000     25.000     -2.340
    21     23     33     31 -18965896.000     26.000     -2.340
    22     24     34     32 -9483935.000     27.000     -2.340
    23     25     35     33 179079.844     28.000     -2.340
    24     26     36     34 -17685168.000     29.000     -2.340
    25     27     37     35 -145936.297     30.000     -2.340
    26     28     38     36 23545690.000     31.000     -2.340
    27     29     39     37 29964500.000     32.000     -2.340
    28     30     40     38 100171392.000     33.000     -2.340
    29     31     41     39 2981645.500     34.000     -2.340
    30     32     42     40 -10786960.000     35.000     -2.340
    31     33     43     41 29466984.000     36.000     -2.340
    32     34     44     42 23678986.000     37.000     -2.340
    33     35     45     43 -5884454.000     38.000     -2.340
    34     36     46     44 -93260600.000     39.000     -2.340
    35     37     47     45 -15828266.000     40.000     -2.340
    36     38     48     46 -60348380.000     41.000     -2.340
     1      3     15     13          -      7.000     -2.730
     2      4     16     14 78024552.000      8.000     -2.730
     3      5     17     15          -      9.000     -2.730
     4      6     18     16 -104351816.000     10.000     -2.730
     5      7     19     17 -11809906.000     11.000     -2.730
     6      8     20     18 -50306916.000     12.000     -2.730
     7      9     21     19 170744672.000     13.000     -2.730
     8     10     22     20          -     14.000     -2.730
     9     11     23     21          -     15.000     -2.730
    10     12     24     22 55461108.000     16.000     -2.730
    11     13     25     23 -42225340.000     17.000     -2.730
    12     14     26     24 -56871036.000     18.000     -2.730
    13     15     27     25 2393793.750     19.000     -2.730
    14     16     28     26 -6416617.000     20.000     -2.730
    15     17     29     27 -511017.125     21.000     -2.730
    16     18     30     28 -19943852.000     22.000     -2.730
    17     19     31     29 18430568.000     23.000     -2.730
    18     20     32     30 101448016.000     24.000     -2.730
    19     21     33     31 -14863948.000     25.000     -2.730
    20     22     34     32 -56025544.000     26.000     -2.730
    21     23     35     33 680819.563     27.000     -2.730
    22     24     36     34 407623.531     28.000     -2.730
    23     25     37     35 339275.063     29.000     -2.730
    24     26     38     36 12293901.000     30.000     -2.730
    25     27     39     37 -4529418.000     31.000     -2.730
    26     28     40     38 35712836.000     32.000     -2.730
    27     29     41     39 -2806578.000     33.000     -2.730
    28     30     42     40 -1293792.000     34.000     -2.730
    29     31     43     41 -21314120.000     35.000     -2.730
    30     32     44     42 70484120.000     36.000     -2.730
    31     33     45     43 38920864.000     37.000     -2.730
    32     34     46     44 -14742440.000     38.000     -2.730
    33     35     47     45 18341396.000     39.000     -2.730
    34     36     48     46 137620256.000     40.000     -2.730
     1      4     16     13          -      7.500     -2.925
     2      5     17     14          -      8.500     -2.925
     3      6     18     15          -      9.500     -2.925
     4      7     19     16          -     10.500     -2.925
     5      8     20     17 -11749846.000     11.500     -2.925
     6      9     21     18          -     12.500     -2.925
     7     10     22     19          -     13.500     -2.925
     8     11     23     20          -     14.500     -2.925
     9     12     24     21 86254832.000     15.500     -2.925
    10     13     25     22 -110075048.000     16.500     -2.925
    11     14     26     23 4295663.000     17.500     -2.925
    12     15     27     24 -32435372.000     18.500     -2.925
    13     16     28     25 991829.688     19.500     -2.925
    14     17     29     26 -4581618.500     20.500     -2.925
    15     18     30     27 -7794459.500     21.500     -2.925
    16     19     31     28 5723862.000     22.500     -2.925
    17     20     32     29 28345450.000     23.500     -2.925
    18     21     33     30 9197590.000     24.500     -2.925
    19     22     34     31 -6087549.000     25.500     -2.925
    20     23     35     32 -24750882.000     26.500     -2.925
    21     24     36     33 3890870.750     27.500     -2.925
    22     25     37     34 -1037222.440     28.500     -2.925
    23     26     38     35 -15433325.000     29.500     -2.925
    24     27     39     36 778765.625     30.500     -2.925
    25     28     40     37 24112988.000     31.500     -2.925
    26     29     41     38 -2779570.500     32.500     -2.925
    27     30     42     39 14037935.000     33.500     -2.925
    28     31     43     40 10623991.000     34.500     -2.925
    29     32     44     41 -24644632.000     35.500     -2.925
    30     33     45     42 79224928.000     36.500     -2.925
    31     34     46     43 39819760.000     37.500     -2.925
    32     35     47     44 37320900.000     38.500     -2.925
    33     36     48     45 -2990635.250     39.500     -2.925
     1      4     19     16          -      9.000     -3.510
     2      5     20     17 33115214.000     10.000     -3.510
     3      6     21     18          -     11.000     -3.510
     4      7     22     19 214751792.000     12.000     -3.510
     5      8     23     20          -     13.000     -3.510
     6      9     24     21          -     14.000     -3.510
     7     10     25     22 102163096.000     15.000     -3.510
     8     11     26     23 11893018.000     16.000     -3.510
     9     12     27     24 -110547368.000     17.000     -3.510
    10     13     28     25 4840128.000     18.000     -3.510
    11     14     29     26 -7659307.000     19.000     -3.510
    12     15     30     27 -11867493.000     20.000     -3.510
    13     16     31     28 7762045.000     21.000     -3.510
    14     17     32     29 50096564.000     22.000     -3.510
    15     18     33     30 16203556.000     23.000     -3.510
    16     19     34     31 -13335180.000     24.000     -3.510
    17     20     35     32 -52652540.000     25.000     -3.510
    18     21     36     33 7618117.000     26.000     -3.510
    19     22     37     34 544880.688     27.000     -3.510
    20     23     38     35 4207551.500     28.000     -3.510
    21     24     39     36 -10036094.000     29.000     -3.510
    22     25     40     37 4431719.000     30.000     -3.510
    23     26     41     38 53693028.000     31.000     -3.510
    24     27     42     39 1407013.250     32.000     -3.510
    25     28     43     40 -28809268.000     33.000     -3.510
    26     29     44     41 -14211129.000     34.000     -3.510
    27     30     45     42 -146532128.000     35.000     -3.510
    28     31     46     43 -94564208.000     36.000     -3.510
    29     32     47     44 -103218816.000     37.000     -3.510
    30     33     48     45 14768373.000     38.000     -3.510
     1      4     22     19          -     10.500     -4.095
     2      5     23     20          -     11.500     -4.095
     3      6     24     21          -     12.500     -4.095
     4      7     25     22 196000608.000     13.500     -4.095
     5      8     26     23 -43634040.000     14.500     -4.095
     6      9     27     24 20082302.000     15.500     -4.095
     7     10     28     25 5007636.000     16.500     -4.095
     8     11     29     26 -9560194.000     17.500     -4.095
     9     12     30     27 -19543226.000     18.500     -4.095
    10     13     31     28 16819210.000     19.500     -4.095
    11     14     32     29 80995752.000     20.500     -4.095
    12     15     33     30 17927960.000     21.500     -4.095
    13     16     34     31 -12819384.000     22.500     -4.095
    14     17     35     32 -84740088.000     23.500     -4.095
    15     18     36     33 10119280.000     24.500     -4.095
    16     19     37     34 -1280226.380     25.500     -4.095
    17     20     38     35 -1615008.250     26.500     -4.095
    18     21     39     36 -10211747.000     27.500     -4.095
    19     22     40     37 4482059.000     28.500     -4.095
    20     23     41     38 -11322851.000     29.500     -4.095
    21     24     42     39 2638690.750     30.500     -4.095
    22     25     43     40 -5714205.000     31.500     -4.095
    23     26     44     41 -12258321.000     32.500     -4.095
    24     27     45     42 -878211.125     33.500     -4.095
    25     28     46     43 -17873234.000     34.500     -4.095
    26     29     47     44 13157787.000     35.500     -4.095
    27     30     48     45 -37710864.000     36.500     -4.095
     1      5     25     21          -     12.000     -4.680
     2      6     26     22          -     13.000     -4.680
     3      7     27     23 5274694.000     14.000     -4.680
     4      8     28     24 -30583782.000     15.000     -4.680
     5      9     29     25 194572.672     16.000     -4.680
     6     10     30     26 -20975364.000     17.000     -4.680
     7     11     31     27 12531365.000     18.000     -4.680
     8     12     32     28 47277328.000     19.000     -4.680
     9     13     33     29 -275640.844     20.000     -4.680
    10     14     34     30 15455506.000     21.000     -4.680
    11     15     35     31 -12872272.000     22.000     -4.680
    12     16     36     32 -65816592.000     23.000     -4.680
    13     17     37     33 859042.188     24.000     -4.680
    14     18     38     34 -1769144.000     25.000     -4.680
    15     19     39     35 -1962042.880     26.000     -4.680
    16     20     40     36 5810669.500     27.000     -4.680
    17     21     41     37 1232203.130     28.000     -4.680
    18     22     42     38 -5676265.000     29.000     -4.680
    19     23     43     39 5232410.500     30.000     -4.680
    20     24     44     40 -478356.531     31.000     -4.680
    21     25     45     41 16136985.000     32.000     -4.680
    22     26     46     42 -44093292.000     33.000     -4.680
    23     27     47     43 -2146441.250     34.000     -4.680
    24     28     48     44 10340203.000     35.000     -4.680
     1      5     29     25 -598511.125     14.000     -5.460
     2      6     30     26 -21185710.000     15.000     -5.460
     3      7     31     27 20047588.000     16.000     -5.460
     4      8     32     28 56835860.000     17.000     -5.460
     5      9     33     29 1356836.250     18.000     -5.460
     6     10     34     30 27743180.000     19.000     -5.460
     7     11     35     31 -19534974.000     20.000     -5.460
     8     12     36     32 -78838320.000     21.000     -5.460
     9     13     37     33 4193034.750     22.000     -5.460
    10     14     38     34 -1018682.810     23.000     -5.460
    11     15     39     35 -1988809.130     24.000     -5.460
    12     16     40     36 6760404.500     25.000     -5.460
    13     17     41     37 1255289.880     26.000     -5.460
    14     18     42     38 2882406.500     27.000     -5.460
    15     19     43     39 3988807.250     28.000     -5.460
    16     20     44     40 -9455261.000     29.000     -5.460
    17     21     45     41 -348498.156     30.000     -5.460
    18     22     46     42 8594176.000     31.000     -5.460
    19     23     47     43 7591195.000     32.000     -5.460
    20     24     48     44 17110028.000     33.000     -5.460
     1      6     31     26 -14090985.000     15.000     -5.850
     2      7     32     27 4258712.000     16.000     -5.850
     3      8     33     28 -2918171.250     17.000     -5.850
     4      9     34     29 3935386.000     18.000     -5.850
     5     10     35     30 20739778.000     19.000     -5.850
     6     11     36     31 -9050828.000     20.000     -5.850
     7     12     37     32 -65681892.000     21.000     -5.850
     8     13     38     33 2058067.130     22.000     -5.850
     9     14     39     34 -3333935.250     23.000     -5.850
    10     15     40     35 10804683.000     24.000     -5.850
    11     16     41     36 -4904402.500     25.000     -5.850
    12     17     42     37 -201407.219     26.000     -5.850
    13     18     43     38 726442.063     27.000     -5.850
    14     19     44     39 7049573.500     28.000     -5.850
    15     20     45     40 -12956073.000     29.000     -5.850
    16     21     46     41 -9758930.000     30.000     -5.850
    17     22     47     42 6639860.000     31.000     -5.850
    18     23     48     43 15815434.000     32.000     -5.850
     1      6     36     31 24264856.000     17.500     -6.825
     2      7     37     32 -11788458.000     18.500     -6.825
     3      8     38     33 3116064.750     19.500     -6.825
     4      9     39     34 -836479.125     20.500     -6.825
     5     10     40     35 17483760.000     21.500     -6.825
     6     11     41     36 -8344670.000     22.500     -6.825
     7     12     42     37 3445504.000     23.500     -6.825
     8     13     43     38 148011.750     24.500     -6.825
     9     14     44     39 13731117.000     25.500     -6.825
    10     15     45     40 -18567442.000     26.500     -6.825
    11     16     46     41 -4363394.000     27.500     -6.825
    12     17     47     42 4005421.500     28.500     -6.825
    13     18     48     43 32576308.000     29.500     -6.825
     1      7     37     31 18582424.000     18.000     -7.020
     2      8     38     32 -8309066.500     19.000     -7.020
     3      9     39     33 2364369.000     20.000     -7.020
     4     10     40     34 7480104.500     21.000     -7.020
     5     11     41     35 -3150712.750     22.000     -7.020
     6     12     42     36 -3417260.750     23.000     -7.020
     7     13     43     37 248067.844     24.000     -7.020
     8     14     44     38 5356519.500     25.000     -7.020
     9     15     45     39 2826394.500     26.000     -7.020
    10     16     46     40 -17044592.000     27.000     -7.020
    11     17     47     41 2210579.250     28.000     -7.020
    12     18     48     42 28309932.000     29.000     -7.020
     1      7     43     37 40387672.000     21.000     -8.190
     2      8     44     38 2409883.250     22.000     -8.190
     3      9     45     39 107589.367     23.000     -8.190
     4     10     46     40 -21178758.000     24.000     -8.190
     5     11     47     41 8864485.000     25.000     -8.190
     6     12     48     42 34272992.000     26.000     -8.190
     1     10     46     37 -5721820.000     22.500     -8.775
     2     11     47     38 -2259650.500     23.500     -8.775
     3     12     48     39 13830661.000     24.500     -8.775
