48# Number of electrodes
# x z
0.000     0.000
1.000     0.000
2.000     0.000
3.000     0.000
4.000     0.000
5.000     0.000
6.000     0.000
7.000     0.000
8.000     0.000
9.000     0.000
10.000     0.000
11.000     0.000
12.000     0.000
13.000     0.000
14.000     0.000
15.000     0.000
16.000     0.000
17.000     0.000
18.000     0.000
19.000     0.000
20.000     0.000
21.000     0.000
22.000     0.000
23.000     0.000
24.000     0.000
25.000     0.000
26.000     0.000
27.000     0.000
28.000     0.000
29.000     0.000
30.000     0.000
31.000     0.000
32.000     0.000
33.000     0.000
34.000     0.000
35.000     0.000
36.000     0.000
37.000     0.000
38.000     0.000
39.000     0.000
40.000     0.000
41.000     0.000
42.000     0.000
43.000     0.000
44.000     0.000
45.000     0.000
46.000     0.000
47.000     0.000
909# Number of data
# a   b   m   n      rhoa      x      z
     1      4      2      3   1347.650      1.500     -0.330
     2      5      3      4   1551.185      2.500     -0.330
     3      6      4      5   1806.504      3.500     -0.330
     4      7      5      6   1999.757      4.500     -0.330
     5      8      6      7   1629.330      5.500     -0.330
     6      9      7      8   2413.000      6.500     -0.330
     7     10      8      9   2662.857      7.500     -0.330
     8     11      9     10   4004.794      8.500     -0.330
     9     12     10     11   3475.594      9.500     -0.330
    10     13     11     12   4482.936     10.500     -0.330
    11     14     12     13   3739.091     11.500     -0.330
    12     15     13     14   3677.262     12.500     -0.330
    13     16     14     15   3865.919     13.500     -0.330
    14     17     15     16   4130.222     14.500     -0.330
    15     18     16     17   4188.613     15.500     -0.330
    16     19     17     18   3631.860     16.500     -0.330
    17     20     18     19   3571.193     17.500     -0.330
    18     21     19     20   3270.964     18.500     -0.330
    19     22     20     21   2359.783     19.500     -0.330
    20     23     21     22   2525.617     20.500     -0.330
    21     24     22     23   1660.428     21.500     -0.330
    22     25     23     24   1986.878     22.500     -0.330
    23     26     24     25   1965.573     23.500     -0.330
    24     27     25     26   2063.455     24.500     -0.330
    25     28     26     27   2574.282     25.500     -0.330
    26     29     27     28   2802.063     26.500     -0.330
    27     30     28     29   2297.433     27.500     -0.330
    28     31     29     30   2850.370     28.500     -0.330
    29     32     30     31   2445.816     29.500     -0.330
    30     33     31     32   2437.756     30.500     -0.330
    31     34     32     33   2568.357     31.500     -0.330
    32     35     33     34   2078.821     32.500     -0.330
    33     36     34     35   1750.267     33.500     -0.330
    34     37     35     36   1580.729     34.500     -0.330
    35     38     36     37   1351.827     35.500     -0.330
    36     39     37     38   1364.012     36.500     -0.330
    37     40     38     39   1108.349     37.500     -0.330
    38     41     39     40   1454.236     38.500     -0.330
    39     42     40     41   1258.987     39.500     -0.330
    40     43     41     42   1464.716     40.500     -0.330
    41     44     42     43   1607.916     41.500     -0.330
    42     45     43     44   1897.432     42.500     -0.330
    43     46     44     45   2028.151     43.500     -0.330
    44     47     45     46   2740.446     44.500     -0.330
    45     48     46     47   3271.807     45.500     -0.330
     1      7      3      5   1057.947      3.000     -0.660
     2      8      4      6   1307.584      4.000     -0.660
     3      9      5      7   1272.478      5.000     -0.660
     4     10      6      8   1421.494      6.000     -0.660
     5     11      7      9   2065.422      7.000     -0.660
     6     12      8     10   2542.459      8.000     -0.660
     7     13      9     11   2427.602      9.000     -0.660
     8     14     10     12   2728.689     10.000     -0.660
     9     15     11     13   3271.168     11.000     -0.660
    10     16     12     14   3201.459     12.000     -0.660
    11     17     13     15   2982.039     13.000     -0.660
    12     18     14     16   3492.889     14.000     -0.660
    13     19     15     17   3657.518     15.000     -0.660
    14     20     16     18   3103.138     16.000     -0.660
    15     21     17     19   2960.523     17.000     -0.660
    16     22     18     20   2998.267     18.000     -0.660
    17     23     19     21   2688.363     19.000     -0.660
    18     24     20     22   2237.586     20.000     -0.660
    19     25     21     23   2058.836     21.000     -0.660
    20     26     22     24   1895.050     22.000     -0.660
    21     27     23     25   1879.669     23.000     -0.660
    22     28     24     26   1792.677     24.000     -0.660
    23     29     25     27   2047.017     25.000     -0.660
    24     30     26     28   2085.232     26.000     -0.660
    25     31     27     29   2013.334     27.000     -0.660
    26     32     28     30   1847.376     28.000     -0.660
    27     33     29     31   2030.953     29.000     -0.660
    28     34     30     32   1911.268     30.000     -0.660
    29     35     31     33   1907.148     31.000     -0.660
    30     36     32     34   1652.598     32.000     -0.660
    31     37     33     35   1422.718     33.000     -0.660
    32     38     34     36   1290.687     34.000     -0.660
    33     39     35     37   1238.765     35.000     -0.660
    34     40     36     38   1072.307     36.000     -0.660
    35     41     37     39    886.260     37.000     -0.660
    36     42     38     40   1023.018     38.000     -0.660
    37     43     39     41   1156.035     39.000     -0.660
    38     44     40     42   1121.339     40.000     -0.660
    39     45     41     43   1140.075     41.000     -0.660
    40     46     42     44   1527.900     42.000     -0.660
    41     47     43     45   1729.186     43.000     -0.660
    42     48     44     46   2006.063     44.000     -0.660
     1     10      4      7    869.115      4.500     -0.990
     2     11      5      8   1003.104      5.500     -0.990
     3     12      6      9   1168.464      6.500     -0.990
     4     13      7     10   1629.351      7.500     -0.990
     5     14      8     11   1990.930      8.500     -0.990
     6     15      9     12   2375.414      9.500     -0.990
     7     16     10     13   2193.822     10.500     -0.990
     8     17     11     14   2006.491     11.500     -0.990
     9     18     12     15   2073.523     12.500     -0.990
    10     19     13     16   2348.724     13.500     -0.990
    11     20     14     17   2425.837     14.500     -0.990
    12     21     15     18   2613.503     15.500     -0.990
    13     22     16     19   2457.776     16.500     -0.990
    14     23     17     20   2328.537     17.500     -0.990
    15     24     18     21   2187.840     18.500     -0.990
    16     25     19     22   2117.462     19.500     -0.990
    17     26     20     23   1810.533     20.500     -0.990
    18     27     21     24   1660.239     21.500     -0.990
    19     28     22     25   1488.326     22.500     -0.990
    20     29     23     26   1689.737     23.500     -0.990
    21     30     24     27   1636.095     24.500     -0.990
    22     31     25     28   1786.118     25.500     -0.990
    23     32     26     29   1576.519     26.500     -0.990
    24     33     27     30   1355.861     27.500     -0.990
    25     34     28     31   1219.193     28.500     -0.990
    26     35     29     32   1232.987     29.500     -0.990
    27     36     30     33   1257.405     30.500     -0.990
    28     37     31     34   1343.072     31.500     -0.990
    29     38     32     35   1164.514     32.500     -0.990
    30     39     33     36   1003.174     33.500     -0.990
    31     40     34     37    934.639     34.500     -0.990
    32     41     35     38    862.866     35.500     -0.990
    33     42     36     39    801.206     36.500     -0.990
    34     43     37     40    820.887     37.500     -0.990
    35     44     38     41    816.448     38.500     -0.990
    36     45     39     42    869.843     39.500     -0.990
    37     46     40     43    949.535     40.500     -0.990
    38     47     41     44   1122.583     41.500     -0.990
    39     48     42     45   1178.408     42.500     -0.990
     1     13      5      9    769.528      6.000     -1.320
     2     14      6     10   1154.121      7.000     -1.320
     3     15      7     11   1434.328      8.000     -1.320
     4     16      8     12   1577.654      9.000     -1.320
     5     17      9     13   1566.007     10.000     -1.320
     6     18     10     14   1514.507     11.000     -1.320
     7     19     11     15   1388.728     12.000     -1.320
     8     20     12     16   1328.811     13.000     -1.320
     9     21     13     17   1416.094     14.000     -1.320
    10     22     14     18   1618.262     15.000     -1.320
    11     23     15     19   1898.194     16.000     -1.320
    12     24     16     20   1923.526     17.000     -1.320
    13     25     17     21   1740.192     18.000     -1.320
    14     26     18     22   1625.362     19.000     -1.320
    15     27     19     23   1407.745     20.000     -1.320
    16     28     20     24   1289.486     21.000     -1.320
    17     29     21     25   1257.780     22.000     -1.320
    18     30     22     26   1153.909     23.000     -1.320
    19     31     23     27   1373.066     24.000     -1.320
    20     32     24     28   1382.563     25.000     -1.320
    21     33     25     29   1239.773     26.000     -1.320
    22     34     26     30   1132.206     27.000     -1.320
    23     35     27     31    967.102     28.000     -1.320
    24     36     28     32    867.654     29.000     -1.320
    25     37     29     33    850.761     30.000     -1.320
    26     38     30     34    818.948     31.000     -1.320
    27     39     31     35    910.953     32.000     -1.320
    28     40     32     36    874.050     33.000     -1.320
    29     41     33     37    734.140     34.000     -1.320
    30     42     34     38    681.563     35.000     -1.320
    31     43     35     39    631.947     36.000     -1.320
    32     44     36     40    652.060     37.000     -1.320
    33     45     37     41    670.564     38.000     -1.320
    34     46     38     42    710.766     39.000     -1.320
    35     47     39     43    773.527     40.000     -1.320
    36     48     40     44    832.710     41.000     -1.320
     1     16      6     11    922.022      7.500     -1.650
     2     17      7     12    991.487      8.500     -1.650
     3     18      8     13   1023.733      9.500     -1.650
     4     19      9     14    985.576     10.500     -1.650
     5     20     10     15    972.068     11.500     -1.650
     6     21     11     16   1026.672     12.500     -1.650
     7     22     12     17    929.104     13.500     -1.650
     8     23     13     18    961.792     14.500     -1.650
     9     24     14     19   1077.360     15.500     -1.650
    10     25     15     20   1342.948     16.500     -1.650
    11     26     16     21   1317.568     17.500     -1.650
    12     27     17     22   1219.505     18.500     -1.650
    13     28     18     23   1089.430     19.500     -1.650
    14     29     19     24    972.173     20.500     -1.650
    15     30     20     25    874.227     21.500     -1.650
    16     31     21     26    929.933     22.500     -1.650
    17     32     22     27    932.928     23.500     -1.650
    18     33     23     28    946.833     24.500     -1.650
    19     34     24     29    908.182     25.500     -1.650
    20     35     25     30    919.690     26.500     -1.650
    21     36     26     31    852.272     27.500     -1.650
    22     37     27     32    771.522     28.500     -1.650
    23     38     28     33    677.736     29.500     -1.650
    24     39     29     34    663.630     30.500     -1.650
    25     40     30     35    589.098     31.500     -1.650
    26     41     31     36    607.023     32.500     -1.650
    27     42     32     37    619.999     33.500     -1.650
    28     43     33     38    573.334     34.500     -1.650
    29     44     34     39    504.293     35.500     -1.650
    30     45     35     40    512.368     36.500     -1.650
    31     46     36     41    541.499     37.500     -1.650
    32     47     37     42    569.809     38.500     -1.650
    33     48     38     43    591.513     39.500     -1.650
     1     19      7     13    637.932      9.000     -1.980
     2     20      8     14    640.855     10.000     -1.980
     3     21      9     15    655.278     11.000     -1.980
     4     22     10     16    689.469     12.000     -1.980
     5     23     11     17    761.850     13.000     -1.980
     6     24     12     18    740.336     14.000     -1.980
     7     25     13     19    745.127     15.000     -1.980
     8     26     14     20    777.186     16.000     -1.980
     9     27     15     21    785.552     17.000     -1.980
    10     28     16     22    816.366     18.000     -1.980
    11     29     17     23    762.137     19.000     -1.980
    12     30     18     24    751.878     20.000     -1.980
    13     31     19     25    702.668     21.000     -1.980
    14     32     20     26    637.147     22.000     -1.980
    15     33     21     27    625.290     23.000     -1.980
    16     34     22     28    633.430     24.000     -1.980
    17     35     23     29    663.345     25.000     -1.980
    18     36     24     30    650.160     26.000     -1.980
    19     37     25     31    677.841     27.000     -1.980
    20     38     26     32    701.852     28.000     -1.980
    21     39     27     33    641.717     29.000     -1.980
    22     40     28     34    565.640     30.000     -1.980
    23     41     29     35    511.647     31.000     -1.980
    24     42     30     36    471.288     32.000     -1.980
    25     43     31     37    466.298     33.000     -1.980
    26     44     32     38    439.463     34.000     -1.980
    27     45     33     39    416.199     35.000     -1.980
    28     46     34     40    427.562     36.000     -1.980
    29     47     35     41    419.011     37.000     -1.980
    30     48     36     42    431.050     38.000     -1.980
     1     22      8     15    441.321     10.500     -2.310
     2     23      9     16    524.266     11.500     -2.310
     3     24     10     17    545.626     12.500     -2.310
     4     25     11     18    562.177     13.500     -2.310
     5     26     12     19    579.052     14.500     -2.310
     6     27     13     20    563.000     15.500     -2.310
     7     28     14     21    495.760     16.500     -2.310
     8     29     15     22    488.631     17.500     -2.310
     9     30     16     23    461.953     18.500     -2.310
    10     31     17     24    498.064     19.500     -2.310
    11     32     18     25    494.265     20.500     -2.310
    12     33     19     26    471.996     21.500     -2.310
    13     34     20     27    459.869     22.500     -2.310
    14     35     21     28    443.894     23.500     -2.310
    15     36     22     29    429.095     24.500     -2.310
    16     37     23     30    483.657     25.500     -2.310
    17     38     24     31    508.983     26.500     -2.310
    18     39     25     32    530.474     27.500     -2.310
    19     40     26     33    554.189     28.500     -2.310
    20     41     27     34    529.424     29.500     -2.310
    21     42     28     35    463.216     30.500     -2.310
    22     43     29     36    450.755     31.500     -2.310
    23     44     30     37    381.708     32.500     -2.310
    24     45     31     38    373.922     33.500     -2.310
    25     46     32     39    354.380     34.500     -2.310
    26     47     33     40    331.840     35.500     -2.310
    27     48     34     41    335.840     36.500     -2.310
     1     25      9     17    412.478     12.000     -2.640
     2     26     10     18    431.873     13.000     -2.640
     3     27     11     19    416.318     14.000     -2.640
     4     28     12     20    388.517     15.000     -2.640
     5     29     13     21    377.639     16.000     -2.640
     6     30     14     22    359.649     17.000     -2.640
     7     31     15     23    333.122     18.000     -2.640
     8     32     16     24    302.881     19.000     -2.640
     9     33     17     25    284.424     20.000     -2.640
    10     34     18     26    322.304     21.000     -2.640
    11     35     19     27    336.256     22.000     -2.640
    12     36     20     28    345.022     23.000     -2.640
    13     37     21     29    332.204     24.000     -2.640
    14     38     22     30    339.844     25.000     -2.640
    15     39     23     31    365.571     26.000     -2.640
    16     40     24     32    401.426     27.000     -2.640
    17     41     25     33    436.521     28.000     -2.640
    18     42     26     34    439.933     29.000     -2.640
    19     43     27     35    418.289     30.000     -2.640
    20     44     28     36    385.293     31.000     -2.640
    21     45     29     37    360.787     32.000     -2.640
    22     46     30     38    342.167     33.000     -2.640
    23     47     31     39    313.612     34.000     -2.640
    24     48     32     40    284.048     35.000     -2.640
     1     28     10     19    301.920     13.500     -2.970
     2     29     11     20    302.436     14.500     -2.970
     3     30     12     21    271.792     15.500     -2.970
     4     31     13     22    262.307     16.500     -2.970
     5     32     14     23    243.526     17.500     -2.970
     6     33     15     24    240.793     18.500     -2.970
     7     34     16     25    211.600     19.500     -2.970
     8     35     17     26    200.165     20.500     -2.970
     9     36     18     27    223.358     21.500     -2.970
    10     37     19     28    248.785     22.500     -2.970
    11     38     20     29    263.066     23.500     -2.970
    12     39     21     30    263.102     24.500     -2.970
    13     40     22     31    271.517     25.500     -2.970
    14     41     23     32    295.822     26.500     -2.970
    15     42     24     33    326.501     27.500     -2.970
    16     43     25     34    351.416     28.500     -2.970
    17     44     26     35    354.287     29.500     -2.970
    18     45     27     36    332.789     30.500     -2.970
    19     46     28     37    313.308     31.500     -2.970
    20     47     29     38    299.940     32.500     -2.970
    21     48     30     39    276.772     33.500     -2.970
     1     31     11     21    231.417     15.000     -3.300
     2     32     12     22    199.345     16.000     -3.300
     3     33     13     23    176.881     17.000     -3.300
     4     34     14     24    172.804     18.000     -3.300
     5     35     15     25    176.991     19.000     -3.300
     6     36     16     26    181.913     20.000     -3.300
     7     37     17     27    175.588     21.000     -3.300
     8     38     18     28    178.540     22.000     -3.300
     9     39     19     29    193.716     23.000     -3.300
    10     40     20     30    210.257     24.000     -3.300
    11     41     21     31    215.842     25.000     -3.300
    12     42     22     32    234.918     26.000     -3.300
    13     43     23     33    261.785     27.000     -3.300
    14     44     24     34    276.247     28.000     -3.300
    15     45     25     35    280.441     29.000     -3.300
    16     46     26     36    280.236     30.000     -3.300
    17     47     27     37    252.672     31.000     -3.300
    18     48     28     38    231.990     32.000     -3.300
     1     34     12     23    144.031     16.500     -3.630
     2     35     13     24    143.183     17.500     -3.630
     3     36     14     25    137.648     18.500     -3.630
     4     37     15     26    153.277     19.500     -3.630
     5     38     16     27    161.373     20.500     -3.630
     6     39     17     28    166.289     21.500     -3.630
     7     40     18     29    160.925     22.500     -3.630
     8     41     19     30    159.585     23.500     -3.630
     9     42     20     31    174.644     24.500     -3.630
    10     43     21     32    177.105     25.500     -3.630
    11     44     22     33    209.664     26.500     -3.630
    12     45     23     34    230.726     27.500     -3.630
    13     46     24     35    239.372     28.500     -3.630
    14     47     25     36    226.391     29.500     -3.630
    15     48     26     37    201.409     30.500     -3.630
     1     37     13     25    126.566     18.000     -3.960
     2     38     14     26    130.537     19.000     -3.960
     3     39     15     27    144.324     20.000     -3.960
     4     40     16     28    151.250     21.000     -3.960
     5     41     17     29    147.215     22.000     -3.960
     6     42     18     30    151.759     23.000     -3.960
     7     43     19     31    146.263     24.000     -3.960
     8     44     20     32    152.428     25.000     -3.960
     9     45     21     33    172.173     26.000     -3.960
    10     46     22     34    187.150     27.000     -3.960
    11     47     23     35    206.550     28.000     -3.960
    12     48     24     36    194.572     29.000     -3.960
     1     40     14     27    132.103     19.500     -4.290
     2     41     15     28    136.918     20.500     -4.290
     3     42     16     29    136.848     21.500     -4.290
     4     43     17     30    132.928     22.500     -4.290
     5     44     18     31    135.707     23.500     -4.290
     6     45     19     32    144.065     24.500     -4.290
     7     46     20     33    148.427     25.500     -4.290
     8     47     21     34    161.087     26.500     -4.290
     9     48     22     35    163.693     27.500     -4.290
     1     43     15     29    130.680     21.000     -4.620
     2     44     16     30    129.899     22.000     -4.620
     3     45     17     31    127.442     23.000     -4.620
     4     46     18     32    121.855     24.000     -4.620
     5     47     19     33    132.008     25.000     -4.620
     6     48     20     34    147.337     26.000     -4.620
     1     46     16     31    113.496     22.500     -4.950
     2     47     17     32    107.107     23.500     -4.950
     3     48     18     33    121.831     24.500     -4.950
     1      2      4      3   1862.896      1.500     -0.585
     2      3      5      4   2124.748      2.500     -0.585
     3      4      6      5   1860.660      3.500     -0.585
     4      5      7      6   1934.383      4.500     -0.585
     5      6      8      7   2647.391      5.500     -0.585
     6      7      9      8   1657.631      6.500     -0.585
     7      8     10      9   2794.489      7.500     -0.585
     8      9     11     10   3890.275      8.500     -0.585
     9     10     12     11   6370.021      9.500     -0.585
    10     11     13     12   3924.106     10.500     -0.585
    11     12     14     13   3711.888     11.500     -0.585
    12     13     15     14   3612.587     12.500     -0.585
    13     14     16     15   4194.593     13.500     -0.585
    14     15     17     16   4664.641     14.500     -0.585
    15     16     18     17   4126.899     15.500     -0.585
    16     17     19     18   4249.464     16.500     -0.585
    17     18     20     19   3737.644     17.500     -0.585
    18     19     21     20   3110.171     18.500     -0.585
    19     20     22     21   3088.221     19.500     -0.585
    20     21     23     22   1630.083     20.500     -0.585
    21     22     24     23   2155.507     21.500     -0.585
    22     23     25     24   1576.433     22.500     -0.585
    23     24     26     25   1812.931     23.500     -0.585
    24     25     27     26   2496.977     24.500     -0.585
    25     26     28     27   2541.778     25.500     -0.585
    26     27     29     28   2909.540     26.500     -0.585
    27     28     30     29   3643.857     27.500     -0.585
    28     29     31     30   1950.342     28.500     -0.585
    29     30     32     31   2617.903     29.500     -0.585
    30     31     33     32   3288.962     30.500     -0.585
    31     32     34     33   2560.558     31.500     -0.585
    32     33     35     34   2455.242     32.500     -0.585
    33     34     36     35   2001.705     33.500     -0.585
    34     35     37     36   1374.122     34.500     -0.585
    35     36     38     37   1448.086     35.500     -0.585
    36     37     39     38   1457.132     36.500     -0.585
    37     38     40     39   1627.630     37.500     -0.585
    38     39     41     40    986.797     38.500     -0.585
    39     40     42     41   1498.955     39.500     -0.585
    40     41     43     42   1599.369     40.500     -0.585
    41     42     44     43   1751.261     41.500     -0.585
    42     43     45     44   1831.584     42.500     -0.585
    43     44     46     45   2179.281     43.500     -0.585
    44     45     47     46   2372.517     44.500     -0.585
    45     46     48     47   3762.781     45.500     -0.585
     1      2      5      4   1328.784      2.000     -0.780
     2      3      6      5   1488.054      3.000     -0.780
     3      4      7      6   1402.532      4.000     -0.780
     4      5      8      7   2066.976      5.000     -0.780
     5      6      9      8   2083.336      6.000     -0.780
     6      7     10      9   1749.054      7.000     -0.780
     7      8     11     10   2403.679      8.000     -0.780
     8      9     12     11   4090.830      9.000     -0.780
     9     10     13     12   4813.923     10.000     -0.780
    10     11     14     13   3359.353     11.000     -0.780
    11     12     15     14   3732.800     12.000     -0.780
    12     13     16     15   4649.021     13.000     -0.780
    13     14     17     16   4151.798     14.000     -0.780
    14     15     18     17   4008.506     15.000     -0.780
    15     16     19     18   4853.464     16.000     -0.780
    16     17     20     19   4219.157     17.000     -0.780
    17     18     21     20   3067.905     18.000     -0.780
    18     19     22     21   3274.866     19.000     -0.780
    19     20     23     22   2232.877     20.000     -0.780
    20     21     24     23   2067.515     21.000     -0.780
    21     22     25     24   1883.259     22.000     -0.780
    22     23     26     25   1641.417     23.000     -0.780
    23     24     27     26   2083.062     24.000     -0.780
    24     25     28     27   2188.471     25.000     -0.780
    25     26     29     28   2187.186     26.000     -0.780
    26     27     30     29   3345.724     27.000     -0.780
    27     28     31     30   2669.546     28.000     -0.780
    28     29     32     31   2809.390     29.000     -0.780
    29     30     33     32   2646.538     30.000     -0.780
    30     31     34     33   2645.733     31.000     -0.780
    31     32     35     34   2301.897     32.000     -0.780
    32     33     36     35   1997.989     33.000     -0.780
    33     34     37     36   1579.794     34.000     -0.780
    34     35     38     37   1147.876     35.000     -0.780
    35     36     39     38   1107.792     36.000     -0.780
    36     37     40     39   1423.601     37.000     -0.780
    37     38     41     40   1197.194     38.000     -0.780
    38     39     42     41    938.531     39.000     -0.780
    39     40     43     42   1573.453     40.000     -0.780
    40     41     44     43   1646.230     41.000     -0.780
    41     42     45     44   1692.390     42.000     -0.780
    42     43     46     45   1745.011     43.000     -0.780
    43     44     47     46   2439.304     44.000     -0.780
    44     45     48     47   2788.939     45.000     -0.780
     1      2      6      5   1030.359      2.500     -0.975
     2      3      7      6   1011.574      3.500     -0.975
     3      4      8      7   1428.570      4.500     -0.975
     4      5      9      8   1898.324      5.500     -0.975
     5      6     10      9   2159.768      6.500     -0.975
     6      7     11     10   1662.650      7.500     -0.975
     7      8     12     11   2480.418      8.500     -0.975
     8      9     13     12   2982.292      9.500     -0.975
     9     10     14     13   3666.806     10.500     -0.975
    10     11     15     14   3455.203     11.500     -0.975
    11     12     16     15   4890.900     12.500     -0.975
    12     13     17     16   4557.834     13.500     -0.975
    13     14     18     17   3456.563     14.500     -0.975
    14     15     19     18   4157.213     15.500     -0.975
    15     16     20     19   4480.771     16.500     -0.975
    16     17     21     20   3318.974     17.500     -0.975
    17     18     22     21   2991.715     18.500     -0.975
    18     19     23     22   2295.304     19.500     -0.975
    19     20     24     23   2873.708     20.500     -0.975
    20     21     25     24   1882.224     21.500     -0.975
    21     22     26     25   2014.349     22.500     -0.975
    22     23     27     26   1838.531     23.500     -0.975
    23     24     28     27   2029.034     24.500     -0.975
    24     25     29     28   1705.567     25.500     -0.975
    25     26     30     29   2313.303     26.500     -0.975
    26     27     31     30   2386.655     27.500     -0.975
    27     28     32     31   3138.431     28.500     -0.975
    28     29     33     32   2562.462     29.500     -0.975
    29     30     34     33   2036.760     30.500     -0.975
    30     31     35     34   2080.052     31.500     -0.975
    31     32     36     35   1704.723     32.500     -0.975
    32     33     37     36   1508.631     33.500     -0.975
    33     34     38     37   1170.823     34.500     -0.975
    34     35     39     38    878.274     35.500     -0.975
    35     36     40     39   1090.195     36.500     -0.975
    36     37     41     40   1004.786     37.500     -0.975
    37     38     42     41    984.022     38.500     -0.975
    38     39     43     42    918.269     39.500     -0.975
    39     40     44     43   1419.143     40.500     -0.975
    40     41     45     44   1412.113     41.500     -0.975
    41     42     46     45   1373.751     42.500     -0.975
    42     43     47     46   1769.585     43.500     -0.975
    43     44     48     47   2516.741     44.500     -0.975
     1      2      7      6    819.341      3.000     -1.170
     2      3      8      7   1007.676      4.000     -1.170
     3      4      9      8   1334.524      5.000     -1.170
     4      5     10      9   1924.619      6.000     -1.170
     5      6     11     10   1940.131      7.000     -1.170
     6      7     12     11   1698.926      8.000     -1.170
     7      8     13     12   1794.703      9.000     -1.170
     8      9     14     13   2251.983     10.000     -1.170
     9     10     15     14   3701.081     11.000     -1.170
    10     11     16     15   4302.374     12.000     -1.170
    11     12     17     16   4720.031     13.000     -1.170
    12     13     18     17   3649.580     14.000     -1.170
    13     14     19     18   3430.970     15.000     -1.170
    14     15     20     19   3568.511     16.000     -1.170
    15     16     21     20   3282.786     17.000     -1.170
    16     17     22     21   3065.850     18.000     -1.170
    17     18     23     22   2011.301     19.000     -1.170
    18     19     24     23   2742.026     20.000     -1.170
    19     20     25     24   2409.501     21.000     -1.170
    20     21     26     25   1926.572     22.000     -1.170
    21     22     27     26   2156.812     23.000     -1.170
    22     23     28     27   1694.324     24.000     -1.170
    23     24     29     28   1541.816     25.000     -1.170
    24     25     30     29   1694.663     26.000     -1.170
    25     26     31     30   1702.051     27.000     -1.170
    26     27     32     31   2633.129     28.000     -1.170
    27     28     33     32   2682.394     29.000     -1.170
    28     29     34     33   1756.353     30.000     -1.170
    29     30     35     34   1571.759     31.000     -1.170
    30     31     36     35   1482.635     32.000     -1.170
    31     32     37     36   1320.193     33.000     -1.170
    32     33     38     37   1109.308     34.000     -1.170
    33     34     39     38    892.524     35.000     -1.170
    34     35     40     39    883.973     36.000     -1.170
    35     36     41     40    826.475     37.000     -1.170
    36     37     42     41    816.019     38.000     -1.170
    37     38     43     42    915.304     39.000     -1.170
    38     39     44     43    818.780     40.000     -1.170
    39     40     45     44   1147.107     41.000     -1.170
    40     41     46     45   1060.552     42.000     -1.170
    41     42     47     46   1264.447     43.000     -1.170
    42     43     48     47   1896.983     44.000     -1.170
     1      2      8      7    869.938      3.500     -1.365
     2      3      9      8   1000.346      4.500     -1.365
     3      4     10      9   1399.277      5.500     -1.365
     4      5     11     10   1791.294      6.500     -1.365
     5      6     12     11   2058.323      7.500     -1.365
     6      7     13     12   1252.768      8.500     -1.365
     7      8     14     13   1307.885      9.500     -1.365
     8      9     15     14   1968.687     10.500     -1.365
     9     10     16     15   4292.780     11.500     -1.365
    10     11     17     16   3921.290     12.500     -1.365
    11     12     18     17   3507.346     13.500     -1.365
    12     13     19     18   3280.932     14.500     -1.365
    13     14     20     19   2762.203     15.500     -1.365
    14     15     21     20   2462.736     16.500     -1.365
    15     16     22     21   2947.496     17.500     -1.365
    16     17     23     22   1974.605     18.500     -1.365
    17     18     24     23   2247.379     19.500     -1.365
    18     19     25     24   2194.626     20.500     -1.365
    19     20     26     25   2326.013     21.500     -1.365
    20     21     27     26   1987.312     22.500     -1.365
    21     22     28     27   1928.252     23.500     -1.365
    22     23     29     28   1225.322     24.500     -1.365
    23     24     30     29   1542.409     25.500     -1.365
    24     25     31     30   1170.678     26.500     -1.365
    25     26     32     31   1784.734     27.500     -1.365
    26     27     33     32   2227.607     28.500     -1.365
    27     28     34     33   1834.174     29.500     -1.365
    28     29     35     34   1321.969     30.500     -1.365
    29     30     36     35   1220.324     31.500     -1.365
    30     31     37     36   1097.033     32.500     -1.365
    31     32     38     37    973.610     33.500     -1.365
    32     33     39     38    847.878     34.500     -1.365
    33     34     40     39    897.614     35.500     -1.365
    34     35     41     40    704.913     36.500     -1.365
    35     36     42     41    652.187     37.500     -1.365
    36     37     43     42    738.533     38.500     -1.365
    37     38     44     43    772.211     39.500     -1.365
    38     39     45     44    655.441     40.500     -1.365
    39     40     46     45    981.656     41.500     -1.365
    40     41     47     46   1136.085     42.500     -1.365
    41     42     48     47   1475.317     43.500     -1.365
     1      3      9      7    961.674      4.000     -1.560
     2      4     10      8   1238.464      5.000     -1.560
     3      5     11      9   1678.397      6.000     -1.560
     4      6     12     10   1899.179      7.000     -1.560
     5      7     13     11   1644.352      8.000     -1.560
     6      8     14     12   1442.944      9.000     -1.560
     7      9     15     13   1834.000     10.000     -1.560
     8     10     16     14   3243.000     11.000     -1.560
     9     11     17     15   4116.293     12.000     -1.560
    10     12     18     16   3994.281     13.000     -1.560
    11     13     19     17   3487.166     14.000     -1.560
    12     14     20     18   3156.041     15.000     -1.560
    13     15     21     19   2905.881     16.000     -1.560
    14     16     22     20   2867.482     17.000     -1.560
    15     17     23     21   2625.603     18.000     -1.560
    16     18     24     22   2081.809     19.000     -1.560
    17     19     25     23   2363.733     20.000     -1.560
    18     20     26     24   2300.884     21.000     -1.560
    19     21     27     25   2092.986     22.000     -1.560
    20     22     28     26   2006.299     23.000     -1.560
    21     23     29     27   1590.864     24.000     -1.560
    22     24     30     28   1422.497     25.000     -1.560
    23     25     31     29   1462.938     26.000     -1.560
    24     26     32     30   1529.298     27.000     -1.560
    25     27     33     31   2169.765     28.000     -1.560
    26     28     34     32   2224.334     29.000     -1.560
    27     29     35     33   1608.406     30.000     -1.560
    28     30     36     34   1342.642     31.000     -1.560
    29     31     37     35   1249.525     32.000     -1.560
    30     32     38     36   1114.564     33.000     -1.560
    31     33     39     37    977.510     34.000     -1.560
    32     34     40     38    888.358     35.000     -1.560
    33     35     41     39    825.455     36.000     -1.560
    34     36     42     40    723.370     37.000     -1.560
    35     37     43     41    734.811     38.000     -1.560
    36     38     44     42    806.019     39.000     -1.560
    37     39     45     43    741.364     40.000     -1.560
    38     40     46     44    916.141     41.000     -1.560
    39     41     47     45   1041.944     42.000     -1.560
    40     42     48     46   1240.657     43.000     -1.560
     1      3     11      9   1021.347      5.000     -1.950
     2      4     12     10   1121.777      6.000     -1.950
     3      5     13     11   1365.492      7.000     -1.950
     4      6     14     12   1183.867      8.000     -1.950
     5      7     15     13    925.172      9.000     -1.950
     6      8     16     14   1098.697     10.000     -1.950
     7      9     17     15   1831.818     11.000     -1.950
     8     10     18     16   2656.399     12.000     -1.950
     9     11     19     17   2589.822     13.000     -1.950
    10     12     20     18   2626.202     14.000     -1.950
    11     13     21     19   2230.192     15.000     -1.950
    12     14     22     20   1732.469     16.000     -1.950
    13     15     23     21   1647.013     17.000     -1.950
    14     16     24     22   1648.710     18.000     -1.950
    15     17     25     23   1908.694     19.000     -1.950
    16     18     26     24   1696.192     20.000     -1.950
    17     19     27     25   1928.735     21.000     -1.950
    18     20     28     26   2121.132     22.000     -1.950
    19     21     29     27   1607.983     23.000     -1.950
    20     22     30     28   1249.528     24.000     -1.950
    21     23     31     29   1078.398     25.000     -1.950
    22     24     32     30    986.873     26.000     -1.950
    23     25     33     31   1134.453     27.000     -1.950
    24     26     34     32   1130.817     28.000     -1.950
    25     27     35     33   1148.337     29.000     -1.950
    26     28     36     34   1073.866     30.000     -1.950
    27     29     37     35    850.149     31.000     -1.950
    28     30     38     36    712.343     32.000     -1.950
    29     31     39     37    695.330     33.000     -1.950
    30     32     40     38    718.255     34.000     -1.950
    31     33     41     39    774.705     35.000     -1.950
    32     34     42     40    671.459     36.000     -1.950
    33     35     43     41    551.146     37.000     -1.950
    34     36     44     42    568.439     38.000     -1.950
    35     37     45     43    568.670     39.000     -1.950
    36     38     46     44    538.637     40.000     -1.950
    37     39     47     45    578.180     41.000     -1.950
    38     40     48     46    786.894     42.000     -1.950
     1      3     13     11    751.589      6.000     -2.340
     2      4     14     12    721.397      7.000     -2.340
     3      5     15     13    747.043      8.000     -2.340
     4      6     16     14    972.399      9.000     -2.340
     5      7     17     15    935.591     10.000     -2.340
     6      8     18     16    866.537     11.000     -2.340
     7      9     19     17   1037.600     12.000     -2.340
     8     10     20     18   1475.076     13.000     -2.340
     9     11     21     19   1510.656     14.000     -2.340
    10     12     22     20   1345.466     15.000     -2.340
    11     13     23     21   1184.680     16.000     -2.340
    12     14     24     22   1055.832     17.000     -2.340
    13     15     25     23   1080.027     18.000     -2.340
    14     16     26     24   1220.878     19.000     -2.340
    15     17     27     25   1479.328     20.000     -2.340
    16     18     28     26   1498.653     21.000     -2.340
    17     19     29     27   1378.913     22.000     -2.340
    18     20     30     28   1237.232     23.000     -2.340
    19     21     31     29   1024.323     24.000     -2.340
    20     22     32     30    833.503     25.000     -2.340
    21     23     33     31    742.831     26.000     -2.340
    22     24     34     32    657.278     27.000     -2.340
    23     25     35     33    579.013     28.000     -2.340
    24     26     36     34    535.346     29.000     -2.340
    25     27     37     35    557.396     30.000     -2.340
    26     28     38     36    586.960     31.000     -2.340
    27     29     39     37    463.126     32.000     -2.340
    28     30     40     38    533.518     33.000     -2.340
    29     31     41     39    528.361     34.000     -2.340
    30     32     42     40    547.527     35.000     -2.340
    31     33     43     41    565.720     36.000     -2.340
    32     34     44     42    524.836     37.000     -2.340
    33     35     45     43    491.526     38.000     -2.340
    34     36     46     44    430.182     39.000     -2.340
    35     37     47     45    468.482     40.000     -2.340
    36     38     48     46    585.617     41.000     -2.340
     1      3     15     13    480.413      7.000     -2.730
     2      4     16     14    570.657      8.000     -2.730
     3      5     17     15    735.047      9.000     -2.730
     4      6     18     16    681.461     10.000     -2.730
     5      7     19     17    520.042     11.000     -2.730
     6      8     20     18    427.215     12.000     -2.730
     7      9     21     19    599.356     13.000     -2.730
     8     10     22     20    788.066     14.000     -2.730
     9     11     23     21    684.527     15.000     -2.730
    10     12     24     22    711.906     16.000     -2.730
    11     13     25     23    718.583     17.000     -2.730
    12     14     26     24    705.731     18.000     -2.730
    13     15     27     25    868.131     19.000     -2.730
    14     16     28     26   1071.818     20.000     -2.730
    15     17     29     27   1045.785     21.000     -2.730
    16     18     30     28    837.652     22.000     -2.730
    17     19     31     29    856.639     23.000     -2.730
    18     20     32     30    849.421     24.000     -2.730
    19     21     33     31    645.194     25.000     -2.730
    20     22     34     32    498.482     26.000     -2.730
    21     23     35     33    372.856     27.000     -2.730
    22     24     36     34    315.350     28.000     -2.730
    23     25     37     35    272.668     29.000     -2.730
    24     26     38     36    296.086     30.000     -2.730
    25     27     39     37    311.725     31.000     -2.730
    26     28     40     38    389.877     32.000     -2.730
    27     29     41     39    373.542     33.000     -2.730
    28     30     42     40    319.971     34.000     -2.730
    29     31     43     41    467.752     35.000     -2.730
    30     32     44     42    452.156     36.000     -2.730
    31     33     45     43    474.653     37.000     -2.730
    32     34     46     44    268.789     38.000     -2.730
    33     35     47     45    101.668     39.000     -2.730
    34     36     48     46    462.616     40.000     -2.730
     1      4     16     13    530.977      7.500     -2.925
     2      5     17     14    630.209      8.500     -2.925
     3      6     18     15    766.860      9.500     -2.925
     4      7     19     16    603.211     10.500     -2.925
     5      8     20     17    562.583     11.500     -2.925
     6      9     21     18    598.658     12.500     -2.925
     7     10     22     19    803.065     13.500     -2.925
     8     11     23     20    822.879     14.500     -2.925
     9     12     24     21    785.308     15.500     -2.925
    10     13     25     22    714.023     16.500     -2.925
    11     14     26     23    739.402     17.500     -2.925
    12     15     27     24    796.217     18.500     -2.925
    13     16     28     25   1025.143     19.500     -2.925
    14     17     29     26   1105.255     20.500     -2.925
    15     18     30     27   1014.579     21.500     -2.925
    16     19     31     28    898.423     22.500     -2.925
    17     20     32     29    899.944     23.500     -2.925
    18     21     33     30    714.815     24.500     -2.925
    19     22     34     31    625.259     25.500     -2.925
    20     23     35     32    463.449     26.500     -2.925
    21     24     36     33    382.263     27.500     -2.925
    22     25     37     34    327.745     28.500     -2.925
    23     26     38     35    310.445     29.500     -2.925
    24     27     39     36    343.229     30.500     -2.925
    25     28     40     37    381.596     31.500     -2.925
    26     29     41     38    376.932     32.500     -2.925
    27     30     42     39    320.948     33.500     -2.925
    28     31     43     40    404.855     34.500     -2.925
    29     32     44     41    477.480     35.500     -2.925
    30     33     45     42    460.679     36.500     -2.925
    31     34     46     43    409.435     37.500     -2.925
    32     35     47     44    254.562     38.500     -2.925
    33     36     48     45    371.145     39.500     -2.925
     1      4     19     16    346.718      9.000     -3.510
     2      5     20     17    322.278     10.000     -3.510
     3      6     21     18    311.683     11.000     -3.510
     4      7     22     19    259.464     12.000     -3.510
     5      8     23     20    216.530     13.000     -3.510
     6      9     24     21    173.774     14.000     -3.510
     7     10     25     22    267.396     15.000     -3.510
     8     11     26     23    485.188     16.000     -3.510
     9     12     27     24    480.200     17.000     -3.510
    10     13     28     25    510.296     18.000     -3.510
    11     14     29     26    502.503     19.000     -3.510
    12     15     30     27    486.025     20.000     -3.510
    13     16     31     28    525.914     21.000     -3.510
    14     17     32     29    650.005     22.000     -3.510
    15     18     33     30    491.374     23.000     -3.510
    16     19     34     31    445.581     24.000     -3.510
    17     20     35     32    348.430     25.000     -3.510
    18     21     36     33    293.465     26.000     -3.510
    19     22     37     34    226.704     27.000     -3.510
    20     23     38     35    167.271     28.000     -3.510
    21     24     39     36    154.950     29.000     -3.510
    22     25     40     37    147.502     30.000     -3.510
    23     26     41     38    183.632     31.000     -3.510
    24     27     42     39    281.545     32.000     -3.510
    25     28     43     40    275.076     33.000     -3.510
    26     29     44     41    272.992     34.000     -3.510
    27     30     45     42    378.096     35.000     -3.510
    28     31     46     43    513.112     36.000     -3.510
    29     32     47     44    763.204     37.000     -3.510
    30     33     48     45    491.374     38.000     -3.510
     1      4     22     19    153.020     10.500     -4.095
     2      5     23     20    139.261     11.500     -4.095
     3      6     24     21    310.707     12.500     -4.095
     4      7     25     22    103.259     13.500     -4.095
     5      8     26     23    105.523     14.500     -4.095
     6      9     27     24    375.237     15.500     -4.095
     7     10     28     25    418.977     16.500     -4.095
     8     11     29     26    376.701     17.500     -4.095
     9     12     30     27    311.883     18.500     -4.095
    10     13     31     28    334.465     19.500     -4.095
    11     14     32     29    509.347     20.500     -4.095
    12     15     33     30    275.980     21.500     -4.095
    13     16     34     31    245.559     22.500     -4.095
    14     17     35     32     67.946     23.500     -4.095
    15     18     36     33    217.910     24.500     -4.095
    16     19     37     34    182.641     25.500     -4.095
    17     20     38     35    162.948     26.500     -4.095
    18     21     39     36    135.259     27.500     -4.095
    19     22     40     37    142.542     28.500     -4.095
    20     23     41     38    114.370     29.500     -4.095
    21     24     42     39    134.823     30.500     -4.095
    22     25     43     40    114.616     31.500     -4.095
    23     26     44     41    105.472     32.500     -4.095
    24     27     45     42    131.047     33.500     -4.095
    25     28     46     43    135.753     34.500     -4.095
    26     29     47     44    282.666     35.500     -4.095
    27     30     48     45   1308.054     36.500     -4.095
     1      5     25     21    -13.759     12.000     -4.680
     2      6     26     22     87.483     13.000     -4.680
     3      7     27     23     86.970     14.000     -4.680
     4      8     28     24    138.087     15.000     -4.680
     5      9     29     25    257.078     16.000     -4.680
     6     10     30     26    218.836     17.000     -4.680
     7     11     31     27    220.555     18.000     -4.680
     8     12     32     28    270.016     19.000     -4.680
     9     13     33     29    230.236     20.000     -4.680
    10     14     34     30    233.282     21.000     -4.680
    11     15     35     31    107.081     22.000     -4.680
    12     16     36     32     71.387     23.000     -4.680
    13     17     37     33    166.917     24.000     -4.680
    14     18     38     34    142.623     25.000     -4.680
    15     19     39     35    133.651     26.000     -4.680
    16     20     40     36    145.775     27.000     -4.680
    17     21     41     37    120.622     28.000     -4.680
    18     22     42     38    122.990     29.000     -4.680
    19     23     43     39    111.981     30.000     -4.680
    20     24     44     40    104.743     31.000     -4.680
    21     25     45     41     88.125     32.000     -4.680
    22     26     46     42    -25.186     33.000     -4.680
    23     27     47     43   -261.771     34.000     -4.680
    24     28     48     44    -23.229     35.000     -4.680
     1      5     29     25    176.181     14.000     -5.460
     2      6     30     26     89.909     15.000     -5.460
     3      7     31     27    142.323     16.000     -5.460
     4      8     32     28    147.026     17.000     -5.460
     5      9     33     29    107.220     18.000     -5.460
     6     10     34     30    156.595     19.000     -5.460
     7     11     35     31    173.853     20.000     -5.460
     8     12     36     32     98.617     21.000     -5.460
     9     13     37     33    114.055     22.000     -5.460
    10     14     38     34     91.729     23.000     -5.460
    11     15     39     35     90.410     24.000     -5.460
    12     16     40     36    125.244     25.000     -5.460
    13     17     41     37    103.367     26.000     -5.460
    14     18     42     38    123.872     27.000     -5.460
    15     19     43     39    125.218     28.000     -5.460
    16     20     44     40     97.509     29.000     -5.460
    17     21     45     41    106.323     30.000     -5.460
    18     22     46     42     85.396     31.000     -5.460
    19     23     47     43     64.153     32.000     -5.460
    20     24     48     44     53.502     33.000     -5.460
     1      6     31     26    118.205     15.000     -5.850
     2      7     32     27    139.747     16.000     -5.850
     3      8     33     28     88.401     17.000     -5.850
     4      9     34     29    106.933     18.000     -5.850
     5     10     35     30    129.647     19.000     -5.850
     6     11     36     31    171.267     20.000     -5.850
     7     12     37     32    120.524     21.000     -5.850
     8     13     38     33    105.312     22.000     -5.850
     9     14     39     34     91.232     23.000     -5.850
    10     15     40     35    110.534     24.000     -5.850
    11     16     41     36     98.508     25.000     -5.850
    12     17     42     37    107.122     26.000     -5.850
    13     18     43     38    108.536     27.000     -5.850
    14     19     44     39    122.315     28.000     -5.850
    15     20     45     40     96.585     29.000     -5.850
    16     21     46     41    101.184     30.000     -5.850
    17     22     47     42     84.898     31.000     -5.850
    18     23     48     43    160.523     32.000     -5.850
     1      6     36     31     47.369     17.500     -6.825
     2      7     37     32    -11.328     18.500     -6.825
     3      8     38     33     57.324     19.500     -6.825
     4      9     39     34     51.921     20.500     -6.825
     5     10     40     35     79.531     21.500     -6.825
     6     11     41     36     70.361     22.500     -6.825
     7     12     42     37     88.636     23.500     -6.825
     8     13     43     38     93.847     24.500     -6.825
     9     14     44     39    106.580     25.500     -6.825
    10     15     45     40     62.081     26.500     -6.825
    11     16     46     41     91.011     27.500     -6.825
    12     17     47     42     98.466     28.500     -6.825
    13     18     48     43    266.104     29.500     -6.825
     1      7     37     31     58.974     18.000     -7.020
     2      8     38     32     10.238     19.000     -7.020
     3      9     39     33     62.113     20.000     -7.020
     4     10     40     34     71.568     21.000     -7.020
     5     11     41     35     69.193     22.000     -7.020
     6     12     42     36     78.965     23.000     -7.020
     7     13     43     37     83.579     24.000     -7.020
     8     14     44     38     93.464     25.000     -7.020
     9     15     45     39     98.123     26.000     -7.020
    10     16     46     40     71.523     27.000     -7.020
    11     17     47     41    111.039     28.000     -7.020
    12     18     48     42    240.468     29.000     -7.020
     1      7     43     37     60.864     21.000     -8.190
     2      8     44     38     62.923     22.000     -8.190
     3      9     45     39     68.797     23.000     -8.190
     4     10     46     40     47.422     24.000     -8.190
     5     11     47     41     51.340     25.000     -8.190
     6     12     48     42    113.171     26.000     -8.190
     1     10     46     37     61.514     22.500     -8.775
     2     11     47     38     63.600     23.500     -8.775
     3     12     48     39    129.949     24.500     -8.775
