48# Number of electrodes
# x z
0.000     0.000
1.000     0.000
2.000     0.000
3.000     0.000
4.000     0.000
5.000     0.000
6.000     0.000
7.000     0.000
8.000     0.000
9.000     0.000
10.000     0.000
11.000     0.000
12.000     0.000
13.000     0.000
14.000     0.000
15.000     0.000
16.000     0.000
17.000     0.000
18.000     0.000
19.000     0.000
20.000     0.000
21.000     0.000
22.000     0.000
23.000     0.000
24.000     0.000
25.000     0.000
26.000     0.000
27.000     0.000
28.000     0.000
29.000     0.000
30.000     0.000
31.000     0.000
32.000     0.000
33.000     0.000
34.000     0.000
35.000     0.000
36.000     0.000
37.000     0.000
38.000     0.000
39.000     0.000
40.000     0.000
41.000     0.000
42.000     0.000
43.000     0.000
44.000     0.000
45.000     0.000
46.000     0.000
47.000     0.000
909# Number of data
# a   b   m   n      rhoa      x      z
     1      4      2      3   1189.291      1.500     -0.330
     2      5      3      4   1768.567      2.500     -0.330
     3      6      4      5   2067.456      3.500     -0.330
     4      7      5      6   1944.052      4.500     -0.330
     5      8      6      7   2153.968      5.500     -0.330
     6      9      7      8   2338.801      6.500     -0.330
     7     10      8      9   3172.014      7.500     -0.330
     8     11      9     10   3676.044      8.500     -0.330
     9     12     10     11   3784.259      9.500     -0.330
    10     13     11     12   4758.194     10.500     -0.330
    11     14     12     13   3638.679     11.500     -0.330
    12     15     13     14   4243.549     12.500     -0.330
    13     16     14     15   4477.765     13.500     -0.330
    14     17     15     16   4072.209     14.500     -0.330
    15     18     16     17   4934.757     15.500     -0.330
    16     19     17     18   4191.207     16.500     -0.330
    17     20     18     19   4057.874     17.500     -0.330
    18     21     19     20   3873.309     18.500     -0.330
    19     22     20     21   3066.649     19.500     -0.330
    20     23     21     22   3347.461     20.500     -0.330
    21     24     22     23   2700.160     21.500     -0.330
    22     25     23     24   2944.296     22.500     -0.330
    23     26     24     25   2636.844     23.500     -0.330
    24     27     25     26   3227.198     24.500     -0.330
    25     28     26     27   3376.528     25.500     -0.330
    26     29     27     28   3521.409     26.500     -0.330
    27     30     28     29   3331.431     27.500     -0.330
    28     31     29     30   3742.056     28.500     -0.330
    29     32     30     31   3268.861     29.500     -0.330
    30     33     31     32   2987.809     30.500     -0.330
    31     34     32     33   2711.729     31.500     -0.330
    32     35     33     34   2351.030     32.500     -0.330
    33     36     34     35   1709.430     33.500     -0.330
    34     37     35     36   2179.036     34.500     -0.330
    35     38     36     37   1347.630     35.500     -0.330
    36     39     37     38   1794.209     36.500     -0.330
    37     40     38     39   1119.422     37.500     -0.330
    38     41     39     40   1954.744     38.500     -0.330
    39     42     40     41   1266.831     39.500     -0.330
    40     43     41     42   2206.284     40.500     -0.330
    41     44     42     43   2000.211     41.500     -0.330
    42     45     43     44   2458.004     42.500     -0.330
    43     46     44     45   2555.202     43.500     -0.330
    44     47     45     46   3319.373     44.500     -0.330
    45     48     46     47   3939.801     45.500     -0.330
     1      7      3      5   1620.227      3.000     -0.660
     2      8      4      6   1852.557      4.000     -0.660
     3      9      5      7   1689.821      5.000     -0.660
     4     10      6      8   2028.665      6.000     -0.660
     5     11      7      9   2977.047      7.000     -0.660
     6     12      8     10   3372.686      8.000     -0.660
     7     13      9     11   3380.083      9.000     -0.660
     8     14     10     12   3701.467     10.000     -0.660
     9     15     11     13   4085.787     11.000     -0.660
    10     16     12     14   4348.544     12.000     -0.660
    11     17     13     15   4531.854     13.000     -0.660
    12     18     14     16   4509.888     14.000     -0.660
    13     19     15     17   4457.001     15.000     -0.660
    14     20     16     18   4428.026     16.000     -0.660
    15     21     17     19   4424.708     17.000     -0.660
    16     22     18     20   4123.529     18.000     -0.660
    17     23     19     21   3650.580     19.000     -0.660
    18     24     20     22   3326.420     20.000     -0.660
    19     25     21     23   3479.903     21.000     -0.660
    20     26     22     24   3112.119     22.000     -0.660
    21     27     23     25   2596.117     23.000     -0.660
    22     28     24     26   2796.626     24.000     -0.660
    23     29     25     27   3250.605     25.000     -0.660
    24     30     26     28   3141.072     26.000     -0.660
    25     31     27     29   2847.690     27.000     -0.660
    26     32     28     30   3061.020     28.000     -0.660
    27     33     29     31   3122.940     29.000     -0.660
    28     34     30     32   2853.752     30.000     -0.660
    29     35     31     33   2700.808     31.000     -0.660
    30     36     32     34   2489.137     32.000     -0.660
    31     37     33     35   2187.039     33.000     -0.660
    32     38     34     36   2085.729     34.000     -0.660
    33     39     35     37   1937.871     35.000     -0.660
    34     40     36     38   1473.878     36.000     -0.660
    35     41     37     39   1344.166     37.000     -0.660
    36     42     38     40   1591.527     38.000     -0.660
    37     43     39     41   1685.659     39.000     -0.660
    38     44     40     42   1868.334     40.000     -0.660
    39     45     41     43   2020.794     41.000     -0.660
    40     46     42     44   2375.127     42.000     -0.660
    41     47     43     45   2701.630     43.000     -0.660
    42     48     44     46   3273.109     44.000     -0.660
     1     10      4      7   1457.815      4.500     -0.990
     2     11      5      8   1575.620      5.500     -0.990
     3     12      6      9   1948.966      6.500     -0.990
     4     13      7     10   2561.934      7.500     -0.990
     5     14      8     11   3092.024      8.500     -0.990
     6     15      9     12   3428.498      9.500     -0.990
     7     16     10     13   3428.082     10.500     -0.990
     8     17     11     14   3413.919     11.500     -0.990
     9     18     12     15   3561.996     12.500     -0.990
    10     19     13     16   3728.080     13.500     -0.990
    11     20     14     17   3709.386     14.500     -0.990
    12     21     15     18   3889.771     15.500     -0.990
    13     22     16     19   3815.824     16.500     -0.990
    14     23     17     20   3632.275     17.500     -0.990
    15     24     18     21   3445.248     18.500     -0.990
    16     25     19     22   3389.682     19.500     -0.990
    17     26     20     23   3122.471     20.500     -0.990
    18     27     21     24   2912.821     21.500     -0.990
    19     28     22     25   2581.466     22.500     -0.990
    20     29     23     26   2628.088     23.500     -0.990
    21     30     24     27   2505.529     24.500     -0.990
    22     31     25     28   2679.999     25.500     -0.990
    23     32     26     29   2524.670     26.500     -0.990
    24     33     27     30   2417.464     27.500     -0.990
    25     34     28     31   2208.688     28.500     -0.990
    26     35     29     32   2261.771     29.500     -0.990
    27     36     30     33   2007.415     30.500     -0.990
    28     37     31     34   2002.932     31.500     -0.990
    29     38     32     35   1814.212     32.500     -0.990
    30     39     33     36   1967.461     33.500     -0.990
    31     40     34     37   1676.463     34.500     -0.990
    32     41     35     38   1640.600     35.500     -0.990
    33     42     36     39   1237.509     36.500     -0.990
    34     43     37     40   1415.894     37.500     -0.990
    35     44     38     41   1332.551     38.500     -0.990
    36     45     39     42   1765.311     39.500     -0.990
    37     46     40     43   1828.979     40.500     -0.990
    38     47     41     44   2242.148     41.500     -0.990
    39     48     42     45   2171.585     42.500     -0.990
     1     13      5      9   1461.103      6.000     -1.320
     2     14      6     10   1910.720      7.000     -1.320
     3     15      7     11   2234.571      8.000     -1.320
     4     16      8     12   2724.343      9.000     -1.320
     5     17      9     13   2729.729     10.000     -1.320
     6     18     10     14   2798.257     11.000     -1.320
     7     19     11     15   2697.365     12.000     -1.320
     8     20     12     16   2480.976     13.000     -1.320
     9     21     13     17   2731.391     14.000     -1.320
    10     22     14     18   2799.158     15.000     -1.320
    11     23     15     19   2907.754     16.000     -1.320
    12     24     16     20   3078.190     17.000     -1.320
    13     25     17     21   2875.101     18.000     -1.320
    14     26     18     22   2822.255     19.000     -1.320
    15     27     19     23   2665.472     20.000     -1.320
    16     28     20     24   2463.524     21.000     -1.320
    17     29     21     25   2395.155     22.000     -1.320
    18     30     22     26   2238.887     23.000     -1.320
    19     31     23     27   2156.198     24.000     -1.320
    20     32     24     28   2090.948     25.000     -1.320
    21     33     25     29   2015.715     26.000     -1.320
    22     34     26     30   1957.847     27.000     -1.320
    23     35     27     31   1818.131     28.000     -1.320
    24     36     28     32   1568.029     29.000     -1.320
    25     37     29     33   1491.878     30.000     -1.320
    26     38     30     34   1444.594     31.000     -1.320
    27     39     31     35   1416.676     32.000     -1.320
    28     40     32     36   1437.868     33.000     -1.320
    29     41     33     37   1349.269     34.000     -1.320
    30     42     34     38   1323.300     35.000     -1.320
    31     43     35     39   1250.661     36.000     -1.320
    32     44     36     40   1164.950     37.000     -1.320
    33     45     37     41   1201.067     38.000     -1.320
    34     46     38     42   1428.126     39.000     -1.320
    35     47     39     43   1655.435     40.000     -1.320
    36     48     40     44   1774.564     41.000     -1.320
     1     16      6     11   1693.460      7.500     -1.650
     2     17      7     12   1886.291      8.500     -1.650
     3     18      8     13   1876.708      9.500     -1.650
     4     19      9     14   1957.693     10.500     -1.650
     5     20     10     15   2031.495     11.500     -1.650
     6     21     11     16   2034.632     12.500     -1.650
     7     22     12     17   1868.839     13.500     -1.650
     8     23     13     18   1792.432     14.500     -1.650
     9     24     14     19   1931.644     15.500     -1.650
    10     25     15     20   2194.821     16.500     -1.650
    11     26     16     21   2229.502     17.500     -1.650
    12     27     17     22   2207.176     18.500     -1.650
    13     28     18     23   2085.157     19.500     -1.650
    14     29     19     24   2034.220     20.500     -1.650
    15     30     20     25   1861.224     21.500     -1.650
    16     31     21     26   1874.931     22.500     -1.650
    17     32     22     27   1794.125     23.500     -1.650
    18     33     23     28   1674.839     24.500     -1.650
    19     34     24     29   1576.961     25.500     -1.650
    20     35     25     30   1633.917     26.500     -1.650
    21     36     26     31   1378.128     27.500     -1.650
    22     37     27     32   1281.251     28.500     -1.650
    23     38     28     33   1191.395     29.500     -1.650
    24     39     29     34   1188.468     30.500     -1.650
    25     40     30     35   1010.529     31.500     -1.650
    26     41     31     36   1079.693     32.500     -1.650
    27     42     32     37   1013.565     33.500     -1.650
    28     43     33     38    999.376     34.500     -1.650
    29     44     34     39    931.948     35.500     -1.650
    30     45     35     40   1055.456     36.500     -1.650
    31     46     36     41   1011.398     37.500     -1.650
    32     47     37     42   1229.019     38.500     -1.650
    33     48     38     43   1275.298     39.500     -1.650
     1     19      7     13   1269.219      9.000     -1.980
     2     20      8     14   1344.696     10.000     -1.980
     3     21      9     15   1370.418     11.000     -1.980
     4     22     10     16   1392.781     12.000     -1.980
     5     23     11     17   1437.822     13.000     -1.980
     6     24     12     18   1350.380     14.000     -1.980
     7     25     13     19   1385.306     15.000     -1.980
     8     26     14     20   1324.796     16.000     -1.980
     9     27     15     21   1388.990     17.000     -1.980
    10     28     16     22   1553.748     18.000     -1.980
    11     29     17     23   1571.488     19.000     -1.980
    12     30     18     24   1564.241     20.000     -1.980
    13     31     19     25   1417.596     21.000     -1.980
    14     32     20     26   1406.124     22.000     -1.980
    15     33     21     27   1406.850     23.000     -1.980
    16     34     22     28   1328.233     24.000     -1.980
    17     35     23     29   1276.040     25.000     -1.980
    18     36     24     30   1193.743     26.000     -1.980
    19     37     25     31   1212.474     27.000     -1.980
    20     38     26     32   1103.232     28.000     -1.980
    21     39     27     33   1009.244     29.000     -1.980
    22     40     28     34    939.080     30.000     -1.980
    23     41     29     35    905.095     31.000     -1.980
    24     42     30     36    841.511     32.000     -1.980
    25     43     31     37    751.221     33.000     -1.980
    26     44     32     38    756.243     34.000     -1.980
    27     45     33     39    732.188     35.000     -1.980
    28     46     34     40    794.403     36.000     -1.980
    29     47     35     41    848.830     37.000     -1.980
    30     48     36     42    925.469     38.000     -1.980
     1     22      8     15    939.657     10.500     -2.310
     2     23      9     16    957.461     11.500     -2.310
     3     24     10     17    965.911     12.500     -2.310
     4     25     11     18   1018.799     13.500     -2.310
     5     26     12     19   1005.705     14.500     -2.310
     6     27     13     20    973.902     15.500     -2.310
     7     28     14     21    904.682     16.500     -2.310
     8     29     15     22    912.974     17.500     -2.310
     9     30     16     23    992.102     18.500     -2.310
    10     31     17     24   1048.733     19.500     -2.310
    11     32     18     25   1054.326     20.500     -2.310
    12     33     19     26   1061.646     21.500     -2.310
    13     34     20     27   1001.186     22.500     -2.310
    14     35     21     28   1031.499     23.500     -2.310
    15     36     22     29    958.011     24.500     -2.310
    16     37     23     30    959.092     25.500     -2.310
    17     38     24     31    948.454     26.500     -2.310
    18     39     25     32    959.534     27.500     -2.310
    19     40     26     33    893.375     28.500     -2.310
    20     41     27     34    846.071     29.500     -2.310
    21     42     28     35    738.400     30.500     -2.310
    22     43     29     36    727.960     31.500     -2.310
    23     44     30     37    647.922     32.500     -2.310
    24     45     31     38    613.214     33.500     -2.310
    25     46     32     39    581.001     34.500     -2.310
    26     47     33     40    625.311     35.500     -2.310
    27     48     34     41    627.456     36.500     -2.310
     1     25      9     17    717.568     12.000     -2.640
     2     26     10     18    713.164     13.000     -2.640
     3     27     11     19    677.418     14.000     -2.640
     4     28     12     20    657.475     15.000     -2.640
     5     29     13     21    675.924     16.000     -2.640
     6     30     14     22    644.185     17.000     -2.640
     7     31     15     23    623.947     18.000     -2.640
     8     32     16     24    616.014     19.000     -2.640
     9     33     17     25    654.419     20.000     -2.640
    10     34     18     26    723.655     21.000     -2.640
    11     35     19     27    746.965     22.000     -2.640
    12     36     20     28    744.877     23.000     -2.640
    13     37     21     29    728.214     24.000     -2.640
    14     38     22     30    749.323     25.000     -2.640
    15     39     23     31    751.626     26.000     -2.640
    16     40     24     32    746.241     27.000     -2.640
    17     41     25     33    787.686     28.000     -2.640
    18     42     26     34    727.716     29.000     -2.640
    19     43     27     35    670.438     30.000     -2.640
    20     44     28     36    632.659     31.000     -2.640
    21     45     29     37    576.321     32.000     -2.640
    22     46     30     38    541.712     33.000     -2.640
    23     47     31     39    511.090     34.000     -2.640
    24     48     32     40    501.395     35.000     -2.640
     1     28     10     19    478.158     13.500     -2.970
     2     29     11     20    477.853     14.500     -2.970
     3     30     12     21    422.719     15.500     -2.970
     4     31     13     22    425.324     16.500     -2.970
     5     32     14     23    437.959     17.500     -2.970
     6     33     15     24    435.783     18.500     -2.970
     7     34     16     25    425.976     19.500     -2.970
     8     35     17     26    427.116     20.500     -2.970
     9     36     18     27    476.331     21.500     -2.970
    10     37     19     28    519.977     22.500     -2.970
    11     38     20     29    543.171     23.500     -2.970
    12     39     21     30    590.732     24.500     -2.970
    13     40     22     31    568.604     25.500     -2.970
    14     41     23     32    591.912     26.500     -2.970
    15     42     24     33    599.467     27.500     -2.970
    16     43     25     34    617.504     28.500     -2.970
    17     44     26     35    580.664     29.500     -2.970
    18     45     27     36    568.331     30.500     -2.970
    19     46     28     37    522.173     31.500     -2.970
    20     47     29     38    499.454     32.500     -2.970
    21     48     30     39    433.510     33.500     -2.970
     1     31     11     21    302.521     15.000     -3.300
     2     32     12     22    287.899     16.000     -3.300
     3     33     13     23    277.064     17.000     -3.300
     4     34     14     24    282.829     18.000     -3.300
     5     35     15     25    308.991     19.000     -3.300
     6     36     16     26    322.722     20.000     -3.300
     7     37     17     27    322.632     21.000     -3.300
     8     38     18     28    328.817     22.000     -3.300
     9     39     19     29    378.886     23.000     -3.300
    10     40     20     30    420.199     24.000     -3.300
    11     41     21     31    450.092     25.000     -3.300
    12     42     22     32    467.378     26.000     -3.300
    13     43     23     33    460.453     27.000     -3.300
    14     44     24     34    479.056     28.000     -3.300
    15     45     25     35    488.987     29.000     -3.300
    16     46     26     36    482.246     30.000     -3.300
    17     47     27     37    464.011     31.000     -3.300
    18     48     28     38    422.211     32.000     -3.300
     1     34     12     23    192.049     16.500     -3.630
     2     35     13     24    208.312     17.500     -3.630
     3     36     14     25    196.847     18.500     -3.630
     4     37     15     26    228.195     19.500     -3.630
     5     38     16     27    250.309     20.500     -3.630
     6     39     17     28    269.838     21.500     -3.630
     7     40     18     29    274.227     22.500     -3.630
     8     41     19     30    288.266     23.500     -3.630
     9     42     20     31    319.000     24.500     -3.630
    10     43     21     32    335.041     25.500     -3.630
    11     44     22     33    361.835     26.500     -3.630
    12     45     23     34    389.168     27.500     -3.630
    13     46     24     35    384.590     28.500     -3.630
    14     47     25     36    402.690     29.500     -3.630
    15     48     26     37    377.665     30.500     -3.630
     1     37     13     25    157.832     18.000     -3.960
     2     38     14     26    173.396     19.000     -3.960
     3     39     15     27    185.177     20.000     -3.960
     4     40     16     28    210.351     21.000     -3.960
     5     41     17     29    234.475     22.000     -3.960
     6     42     18     30    243.791     23.000     -3.960
     7     43     19     31    239.134     24.000     -3.960
     8     44     20     32    238.607     25.000     -3.960
     9     45     21     33    273.972     26.000     -3.960
    10     46     22     34    295.753     27.000     -3.960
    11     47     23     35    311.462     28.000     -3.960
    12     48     24     36    329.798     29.000     -3.960
     1     40     14     27    145.898     19.500     -4.290
     2     41     15     28    171.001     20.500     -4.290
     3     42     16     29    176.905     21.500     -4.290
     4     43     17     30    196.564     22.500     -4.290
     5     44     18     31    206.182     23.500     -4.290
     6     45     19     32    205.164     24.500     -4.290
     7     46     20     33    212.373     25.500     -4.290
     8     47     21     34    218.823     26.500     -4.290
     9     48     22     35    233.298     27.500     -4.290
     1     43     15     29    152.151     21.000     -4.620
     2     44     16     30    164.031     22.000     -4.620
     3     45     17     31    173.614     23.000     -4.620
     4     46     18     32    180.674     24.000     -4.620
     5     47     19     33    188.601     25.000     -4.620
     6     48     20     34    186.205     26.000     -4.620
     1     46     16     31    143.195     22.500     -4.950
     2     47     17     32    144.613     23.500     -4.950
     3     48     18     33    156.724     24.500     -4.950
     1      2      4      3   2191.062      1.500     -0.585
     2      3      5      4   1662.719      2.500     -0.585
     3      4      6      5   1743.627      3.500     -0.585
     4      5      7      6   2557.324      4.500     -0.585
     5      6      8      7   2278.552      5.500     -0.585
     6      7      9      8   2012.946      6.500     -0.585
     7      8     10      9   2337.542      7.500     -0.585
     8      9     11     10   4055.783      8.500     -0.585
     9     10     12     11   5260.824      9.500     -0.585
    10     11     13     12   3774.015     10.500     -0.585
    11     12     14     13   4628.218     11.500     -0.585
    12     13     15     14   3085.171     12.500     -0.585
    13     14     16     15   3541.690     13.500     -0.585
    14     15     17     16   5648.139     14.500     -0.585
    15     16     18     17   4221.022     15.500     -0.585
    16     17     19     18   4329.984     16.500     -0.585
    17     18     20     19   3923.684     17.500     -0.585
    18     19     21     20   3439.980     18.500     -0.585
    19     20     22     21   3669.611     19.500     -0.585
    20     21     23     22   2524.446     20.500     -0.585
    21     22     24     23   2895.399     21.500     -0.585
    22     23     25     24   2292.066     22.500     -0.585
    23     24     26     25   3012.468     23.500     -0.585
    24     25     27     26   3133.358     24.500     -0.585
    25     26     28     27   3458.503     25.500     -0.585
    26     27     29     28   3647.888     26.500     -0.585
    27     28     30     29   4052.396     27.500     -0.585
    28     29     31     30   3297.650     28.500     -0.585
    29     30     32     31   3671.882     29.500     -0.585
    30     31     33     32   3330.773     30.500     -0.585
    31     32     34     33   2417.435     31.500     -0.585
    32     33     35     34   1977.317     32.500     -0.585
    33     34     36     35   2222.012     33.500     -0.585
    34     35     37     36   1189.270     34.500     -0.585
    35     36     38     37   2089.702     35.500     -0.585
    36     37     39     38   1295.045     36.500     -0.585
    37     38     40     39   1827.579     37.500     -0.585
    38     39     41     40    765.051     38.500     -0.585
    39     40     42     41   2194.484     39.500     -0.585
    40     41     43     42   1515.638     40.500     -0.585
    41     42     44     43   2323.972     41.500     -0.585
    42     43     45     44   2298.244     42.500     -0.585
    43     44     46     45   2514.043     43.500     -0.585
    44     45     47     46   2372.570     44.500     -0.585
    45     46     48     47   3916.056     45.500     -0.585
     1      2      5      4   1627.135      2.000     -0.780
     2      3      6      5   1262.847      3.000     -0.780
     3      4      7      6   1978.503      4.000     -0.780
     4      5      8      7   2769.168      5.000     -0.780
     5      6      9      8   2674.919      6.000     -0.780
     6      7     10      9   2217.695      7.000     -0.780
     7      8     11     10   2827.019      8.000     -0.780
     8      9     12     11   5028.453      9.000     -0.780
     9     10     13     12   4722.949     10.000     -0.780
    10     11     14     13   4443.381     11.000     -0.780
    11     12     15     14   4638.548     12.000     -0.780
    12     13     16     15   4096.561     13.000     -0.780
    13     14     17     16   5391.678     14.000     -0.780
    14     15     18     17   5662.047     15.000     -0.780
    15     16     19     18   5176.601     16.000     -0.780
    16     17     20     19   4979.618     17.000     -0.780
    17     18     21     20   3810.655     18.000     -0.780
    18     19     22     21   4187.384     19.000     -0.780
    19     20     23     22   3481.128     20.000     -0.780
    20     21     24     23   2802.312     21.000     -0.780
    21     22     25     24   2736.364     22.000     -0.780
    22     23     26     25   3371.277     23.000     -0.780
    23     24     27     26   3307.734     24.000     -0.780
    24     25     28     27   2618.750     25.000     -0.780
    25     26     29     28   3361.943     26.000     -0.780
    26     27     30     29   4079.142     27.000     -0.780
    27     28     31     30   4007.955     28.000     -0.780
    28     29     32     31   3817.210     29.000     -0.780
    29     30     33     32   4055.475     30.000     -0.780
    30     31     34     33   3377.728     31.000     -0.780
    31     32     35     34   2640.716     32.000     -0.780
    32     33     36     35   2742.021     33.000     -0.780
    33     34     37     36   1809.327     34.000     -0.780
    34     35     38     37   1548.156     35.000     -0.780
    35     36     39     38   1746.260     36.000     -0.780
    36     37     40     39   1730.391     37.000     -0.780
    37     38     41     40   1258.112     38.000     -0.780
    38     39     42     41   1287.656     39.000     -0.780
    39     40     43     42   2073.871     40.000     -0.780
    40     41     44     43   1976.602     41.000     -0.780
    41     42     45     44   2938.875     42.000     -0.780
    42     43     46     45   2646.626     43.000     -0.780
    43     44     47     46   2950.699     44.000     -0.780
    44     45     48     47   3794.218     45.000     -0.780
     1      2      6      5   1282.115      2.500     -0.975
     2      3      7      6   1304.045      3.500     -0.975
     3      4      8      7   2045.349      4.500     -0.975
     4      5      9      8   3342.957      5.500     -0.975
     5      6     10      9   2673.649      6.500     -0.975
     6      7     11     10   2702.731      7.500     -0.975
     7      8     12     11   3275.928      8.500     -0.975
     8      9     13     12   4214.985      9.500     -0.975
     9     10     14     13   5002.644     10.500     -0.975
    10     11     15     14   4580.831     11.500     -0.975
    11     12     16     15   5324.530     12.500     -0.975
    12     13     17     16   5439.299     13.500     -0.975
    13     14     18     17   5634.583     14.500     -0.975
    14     15     19     18   5975.542     15.500     -0.975
    15     16     20     19   5461.451     16.500     -0.975
    16     17     21     20   4548.756     17.500     -0.975
    17     18     22     21   4395.227     18.500     -0.975
    18     19     23     22   3961.543     19.500     -0.975
    19     20     24     23   3486.820     20.500     -0.975
    20     21     25     24   2476.563     21.500     -0.975
    21     22     26     25   3619.803     22.500     -0.975
    22     23     27     26   3447.744     23.500     -0.975
    23     24     28     27   2903.300     24.500     -0.975
    24     25     29     28   2453.893     25.500     -0.975
    25     26     30     29   3852.865     26.500     -0.975
    26     27     31     30   3820.521     27.500     -0.975
    27     28     32     31   3920.584     28.500     -0.975
    28     29     33     32   3727.195     29.500     -0.975
    29     30     34     33   3931.467     30.500     -0.975
    30     31     35     34   3150.862     31.500     -0.975
    31     32     36     35   3105.995     32.500     -0.975
    32     33     37     36   1919.664     33.500     -0.975
    33     34     38     37   2025.301     34.500     -0.975
    34     35     39     38   1191.536     35.500     -0.975
    35     36     40     39   2339.560     36.500     -0.975
    36     37     41     40   1100.793     37.500     -0.975
    37     38     42     41   1728.156     38.500     -0.975
    38     39     43     42   1110.686     39.500     -0.975
    39     40     44     43   2197.364     40.500     -0.975
    40     41     45     44   2038.507     41.500     -0.975
    41     42     46     45   2807.584     42.500     -0.975
    42     43     47     46   2890.856     43.500     -0.975
    43     44     48     47   4307.093     44.500     -0.975
     1      2      7      6   1330.575      3.000     -1.170
     2      3      8      7   1301.563      4.000     -1.170
     3      4      9      8   2422.087      5.000     -1.170
     4      5     10      9   3127.765      6.000     -1.170
     5      6     11     10   2939.147      7.000     -1.170
     6      7     12     11   2883.911      8.000     -1.170
     7      8     13     12   2672.470      9.000     -1.170
     8      9     14     13   4249.354     10.000     -1.170
     9     10     15     14   4861.942     11.000     -1.170
    10     11     16     15   4922.528     12.000     -1.170
    11     12     17     16   6699.329     13.000     -1.170
    12     13     18     17   5271.207     14.000     -1.170
    13     14     19     18   5928.458     15.000     -1.170
    14     15     20     19   5775.512     16.000     -1.170
    15     16     21     20   4618.760     17.000     -1.170
    16     17     22     21   4993.029     18.000     -1.170
    17     18     23     22   3915.649     19.000     -1.170
    18     19     24     23   3683.829     20.000     -1.170
    19     20     25     24   2895.341     21.000     -1.170
    20     21     26     25   3079.867     22.000     -1.170
    21     22     27     26   3362.180     23.000     -1.170
    22     23     28     27   2931.372     24.000     -1.170
    23     24     29     28   2625.866     25.000     -1.170
    24     25     30     29   2648.532     26.000     -1.170
    25     26     31     30   3441.405     27.000     -1.170
    26     27     32     31   3422.526     28.000     -1.170
    27     28     33     32   3558.024     29.000     -1.170
    28     29     34     33   3201.250     30.000     -1.170
    29     30     35     34   3364.126     31.000     -1.170
    30     31     36     35   3357.313     32.000     -1.170
    31     32     37     36   1992.436     33.000     -1.170
    32     33     38     37   1933.857     34.000     -1.170
    33     34     39     38   1431.331     35.000     -1.170
    34     35     40     39   1471.217     36.000     -1.170
    35     36     41     40   1502.918     37.000     -1.170
    36     37     42     41   1381.196     38.000     -1.170
    37     38     43     42   1375.006     39.000     -1.170
    38     39     44     43   1140.211     40.000     -1.170
    39     40     45     44   1988.042     41.000     -1.170
    40     41     46     45   1753.339     42.000     -1.170
    41     42     47     46   2881.373     43.000     -1.170
    42     43     48     47   3907.578     44.000     -1.170
     1      2      8      7   1334.800      3.500     -1.365
     2      3      9      8   1577.977      4.500     -1.365
     3      4     10      9   2274.291      5.500     -1.365
     4      5     11     10   3302.643      6.500     -1.365
     5      6     12     11   3240.265      7.500     -1.365
     6      7     13     12   2490.218      8.500     -1.365
     7      8     14     13   2552.719      9.500     -1.365
     8      9     15     14   4135.361     10.500     -1.365
     9     10     16     15   5139.589     11.500     -1.365
    10     11     17     16   5915.912     12.500     -1.365
    11     12     18     17   6049.805     13.500     -1.365
    12     13     19     18   4882.840     14.500     -1.365
    13     14     20     19   5595.057     15.500     -1.365
    14     15     21     20   4681.219     16.500     -1.365
    15     16     22     21   4887.373     17.500     -1.365
    16     17     23     22   4298.612     18.500     -1.365
    17     18     24     23   3459.813     19.500     -1.365
    18     19     25     24   2861.790     20.500     -1.365
    19     20     26     25   3397.105     21.500     -1.365
    20     21     27     26   2734.969     22.500     -1.365
    21     22     28     27   2774.658     23.500     -1.365
    22     23     29     28   2517.179     24.500     -1.365
    23     24     30     29   2779.586     25.500     -1.365
    24     25     31     30   2260.630     26.500     -1.365
    25     26     32     31   2926.140     27.500     -1.365
    26     27     33     32   2904.692     28.500     -1.365
    27     28     34     33   2977.850     29.500     -1.365
    28     29     35     34   2591.299     30.500     -1.365
    29     30     36     35   3484.507     31.500     -1.365
    30     31     37     36   1954.312     32.500     -1.365
    31     32     38     37   1860.418     33.500     -1.365
    32     33     39     38   1330.067     34.500     -1.365
    33     34     40     39   1760.727     35.500     -1.365
    34     35     41     40    953.089     36.500     -1.365
    35     36     42     41   1802.738     37.500     -1.365
    36     37     43     42   1054.993     38.500     -1.365
    37     38     44     43   1296.415     39.500     -1.365
    38     39     45     44   1084.749     40.500     -1.365
    39     40     46     45   1757.903     41.500     -1.365
    40     41     47     46   1843.030     42.500     -1.365
    41     42     48     47   3771.070     43.500     -1.365
     1      3      9      7   1412.535      4.000     -1.560
     2      4     10      8   2055.208      5.000     -1.560
     3      5     11      9   2870.428      6.000     -1.560
     4      6     12     10   3155.559      7.000     -1.560
     5      7     13     11   2795.628      8.000     -1.560
     6      8     14     12   2556.675      9.000     -1.560
     7      9     15     13   3584.975     10.000     -1.560
     8     10     16     14   4618.271     11.000     -1.560
     9     11     17     15   5313.450     12.000     -1.560
    10     12     18     16   6143.920     13.000     -1.560
    11     13     19     17   5437.292     14.000     -1.560
    12     14     20     18   5438.784     15.000     -1.560
    13     15     21     19   5275.063     16.000     -1.560
    14     16     22     20   4703.487     17.000     -1.560
    15     17     23     21   4679.643     18.000     -1.560
    16     18     24     22   3862.822     19.000     -1.560
    17     19     25     23   3296.915     20.000     -1.560
    18     20     26     24   3078.489     21.000     -1.560
    19     21     27     25   3054.972     22.000     -1.560
    20     22     28     26   2925.710     23.000     -1.560
    21     23     29     27   2710.998     24.000     -1.560
    22     24     30     28   2628.621     25.000     -1.560
    23     25     31     29   2542.518     26.000     -1.560
    24     26     32     30   2831.047     27.000     -1.560
    25     27     33     31   3061.389     28.000     -1.560
    26     28     34     32   3141.721     29.000     -1.560
    27     29     35     33   2877.281     30.000     -1.560
    28     30     36     34   3081.472     31.000     -1.560
    29     31     37     35   2856.685     32.000     -1.560
    30     32     38     36   1922.715     33.000     -1.560
    31     33     39     37   1687.293     34.000     -1.560
    32     34     40     38   1503.808     35.000     -1.560
    33     35     41     39   1368.242     36.000     -1.560
    34     36     42     40   1392.539     37.000     -1.560
    35     37     43     41   1401.292     38.000     -1.560
    36     38     44     42   1222.366     39.000     -1.560
    37     39     45     43   1160.964     40.000     -1.560
    38     40     46     44   1574.360     41.000     -1.560
    39     41     47     45   1751.310     42.000     -1.560
    40     42     48     46   2744.934     43.000     -1.560
     1      3     11      9   1476.660      5.000     -1.950
     2      4     12     10   2033.028      6.000     -1.950
     3      5     13     11   2646.437      7.000     -1.950
     4      6     14     12   2266.752      8.000     -1.950
     5      7     15     13   2085.764      9.000     -1.950
     6      8     16     14   2176.091     10.000     -1.950
     7      9     17     15   3326.093     11.000     -1.950
     8     10     18     16   4838.204     12.000     -1.950
     9     11     19     17   4857.435     13.000     -1.950
    10     12     20     18   4972.847     14.000     -1.950
    11     13     21     19   4189.599     15.000     -1.950
    12     14     22     20   3945.124     16.000     -1.950
    13     15     23     21   4156.145     17.000     -1.950
    14     16     24     22   3601.067     18.000     -1.950
    15     17     25     23   3160.990     19.000     -1.950
    16     18     26     24   2845.660     20.000     -1.950
    17     19     27     25   3061.540     21.000     -1.950
    18     20     28     26   2719.240     22.000     -1.950
    19     21     29     27   2142.383     23.000     -1.950
    20     22     30     28   2108.450     24.000     -1.950
    21     23     31     29   2249.681     25.000     -1.950
    22     24     32     30   2016.134     26.000     -1.950
    23     25     33     31   1776.220     27.000     -1.950
    24     26     34     32   1973.276     28.000     -1.950
    25     27     35     33   2025.376     29.000     -1.950
    26     28     36     34   2019.435     30.000     -1.950
    27     29     37     35   1875.602     31.000     -1.950
    28     30     38     36   1575.950     32.000     -1.950
    29     31     39     37   1519.718     33.000     -1.950
    30     32     40     38   1255.169     34.000     -1.950
    31     33     41     39   1247.404     35.000     -1.950
    32     34     42     40   1126.596     36.000     -1.950
    33     35     43     41   1070.011     37.000     -1.950
    34     36     44     42   1103.021     38.000     -1.950
    35     37     45     43    983.091     39.000     -1.950
    36     38     46     44    911.068     40.000     -1.950
    37     39     47     45    949.481     41.000     -1.950
    38     40     48     46   1462.991     42.000     -1.950
     1      3     13     11   1296.251      6.000     -2.340
     2      4     14     12   1433.203      7.000     -2.340
     3      5     15     13   1865.681      8.000     -2.340
     4      6     16     14   1885.649      9.000     -2.340
     5      7     17     15   1897.209     10.000     -2.340
     6      8     18     16   2028.291     11.000     -2.340
     7      9     19     17   2793.520     12.000     -2.340
     8     10     20     18   3527.280     13.000     -2.340
     9     11     21     19   3413.700     14.000     -2.340
    10     12     22     20   3222.309     15.000     -2.340
    11     13     23     21   3060.211     16.000     -2.340
    12     14     24     22   2838.283     17.000     -2.340
    13     15     25     23   2558.300     18.000     -2.340
    14     16     26     24   2442.737     19.000     -2.340
    15     17     27     25   2723.090     20.000     -2.340
    16     18     28     26   2381.883     21.000     -2.340
    17     19     29     27   2038.497     22.000     -2.340
    18     20     30     28   1889.713     23.000     -2.340
    19     21     31     29   1667.884     24.000     -2.340
    20     22     32     30   1466.624     25.000     -2.340
    21     23     33     31   1366.254     26.000     -2.340
    22     24     34     32   1263.255     27.000     -2.340
    23     25     35     33   1056.186     28.000     -2.340
    24     26     36     34   1115.359     29.000     -2.340
    25     27     37     35   1200.114     30.000     -2.340
    26     28     38     36    965.158     31.000     -2.340
    27     29     39     37    869.937     32.000     -2.340
    28     30     40     38   1019.188     33.000     -2.340
    29     31     41     39   1015.531     34.000     -2.340
    30     32     42     40    907.078     35.000     -2.340
    31     33     43     41    995.709     36.000     -2.340
    32     34     44     42    890.942     37.000     -2.340
    33     35     45     43    758.669     38.000     -2.340
    34     36     46     44    816.180     39.000     -2.340
    35     37     47     45    721.935     40.000     -2.340
    36     38     48     46    905.421     41.000     -2.340
     1      3     15     13    863.872      7.000     -2.730
     2      4     16     14    971.765      8.000     -2.730
     3      5     17     15   1472.593      9.000     -2.730
     4      6     18     16   1595.035     10.000     -2.730
     5      7     19     17   1404.783     11.000     -2.730
     6      8     20     18   1381.883     12.000     -2.730
     7      9     21     19   1829.457     13.000     -2.730
     8     10     22     20   2187.218     14.000     -2.730
     9     11     23     21   2145.034     15.000     -2.730
    10     12     24     22   2287.194     16.000     -2.730
    11     13     25     23   1737.701     17.000     -2.730
    12     14     26     24   1705.796     18.000     -2.730
    13     15     27     25   2130.560     19.000     -2.730
    14     16     28     26   1937.218     20.000     -2.730
    15     17     29     27   1783.355     21.000     -2.730
    16     18     30     28   1609.897     22.000     -2.730
    17     19     31     29   1505.976     23.000     -2.730
    18     20     32     30   1272.826     24.000     -2.730
    19     21     33     31    944.120     25.000     -2.730
    20     22     34     32    829.666     26.000     -2.730
    21     23     35     33    766.332     27.000     -2.730
    22     24     36     34    690.373     28.000     -2.730
    23     25     37     35    575.771     29.000     -2.730
    24     26     38     36    510.397     30.000     -2.730
    25     27     39     37    585.475     31.000     -2.730
    26     28     40     38    575.684     32.000     -2.730
    27     29     41     39    629.769     33.000     -2.730
    28     30     42     40    708.647     34.000     -2.730
    29     31     43     41    860.070     35.000     -2.730
    30     32     44     42    725.813     36.000     -2.730
    31     33     45     43    705.697     37.000     -2.730
    32     34     46     44    633.770     38.000     -2.730
    33     35     47     45    536.166     39.000     -2.730
    34     36     48     46    724.478     40.000     -2.730
     1      4     16     13   1070.929      7.500     -2.925
     2      5     17     14   1337.705      8.500     -2.925
     3      6     18     15   1514.005      9.500     -2.925
     4      7     19     16   1554.536     10.500     -2.925
     5      8     20     17   1479.542     11.500     -2.925
     6      9     21     18   1872.869     12.500     -2.925
     7     10     22     19   2180.522     13.500     -2.925
     8     11     23     20   2268.438     14.500     -2.925
     9     12     24     21   2355.003     15.500     -2.925
    10     13     25     22   2012.313     16.500     -2.925
    11     14     26     23   1951.975     17.500     -2.925
    12     15     27     24   1866.491     18.500     -2.925
    13     16     28     25   2124.087     19.500     -2.925
    14     17     29     26   1961.639     20.500     -2.925
    15     18     30     27   1748.615     21.500     -2.925
    16     19     31     28   1592.959     22.500     -2.925
    17     20     32     29   1450.801     23.500     -2.925
    18     21     33     30   1133.987     24.500     -2.925
    19     22     34     31    977.659     25.500     -2.925
    20     23     35     32    860.892     26.500     -2.925
    21     24     36     33    798.354     27.500     -2.925
    22     25     37     34    646.006     28.500     -2.925
    23     26     38     35    681.892     29.500     -2.925
    24     27     39     36    585.403     30.500     -2.925
    25     28     40     37    636.156     31.500     -2.925
    26     29     41     38    590.391     32.500     -2.925
    27     30     42     39    712.530     33.500     -2.925
    28     31     43     40    720.187     34.500     -2.925
    29     32     44     41    892.904     35.500     -2.925
    30     33     45     42    701.407     36.500     -2.925
    31     34     46     43    653.839     37.500     -2.925
    32     35     47     44    546.823     38.500     -2.925
    33     36     48     45    711.504     39.500     -2.925
     1      4     19     16    777.371      9.000     -3.510
     2      5     20     17    858.405     10.000     -3.510
     3      6     21     18    824.145     11.000     -3.510
     4      7     22     19    775.005     12.000     -3.510
     5      8     23     20    693.690     13.000     -3.510
     6      9     24     21    842.214     14.000     -3.510
     7     10     25     22    932.092     15.000     -3.510
     8     11     26     23   1216.385     16.000     -3.510
     9     12     27     24   1254.827     17.000     -3.510
    10     13     28     25   1192.216     18.000     -3.510
    11     14     29     26   1139.897     19.000     -3.510
    12     15     30     27   1108.242     20.000     -3.510
    13     16     31     28   1130.725     21.000     -3.510
    14     17     32     29   1137.104     22.000     -3.510
    15     18     33     30    890.450     23.000     -3.510
    16     19     34     31    728.721     24.000     -3.510
    17     20     35     32    580.043     25.000     -3.510
    18     21     36     33    473.935     26.000     -3.510
    19     22     37     34    374.432     27.000     -3.510
    20     23     38     35    331.726     28.000     -3.510
    21     24     39     36    251.325     29.000     -3.510
    22     25     40     37    240.384     30.000     -3.510
    23     26     41     38    249.583     31.000     -3.510
    24     27     42     39    343.522     32.000     -3.510
    25     28     43     40    399.155     33.000     -3.510
    26     29     44     41    430.189     34.000     -3.510
    27     30     45     42    452.005     35.000     -3.510
    28     31     46     43    706.576     36.000     -3.510
    29     32     47     44    692.122     37.000     -3.510
    30     33     48     45    667.931     38.000     -3.510
     1      4     22     19    372.632     10.500     -4.095
     2      5     23     20    381.265     11.500     -4.095
     3      6     24     21    541.735     12.500     -4.095
     4      7     25     22    340.597     13.500     -4.095
     5      8     26     23    326.445     14.500     -4.095
     6      9     27     24    631.682     15.500     -4.095
     7     10     28     25    862.813     16.500     -4.095
     8     11     29     26    736.065     17.500     -4.095
     9     12     30     27    672.176     18.500     -4.095
    10     13     31     28    646.288     19.500     -4.095
    11     14     32     29    749.207     20.500     -4.095
    12     15     33     30    580.539     21.500     -4.095
    13     16     34     31    480.788     22.500     -4.095
    14     17     35     32    346.380     23.500     -4.095
    15     18     36     33    368.923     24.500     -4.095
    16     19     37     34    286.509     25.500     -4.095
    17     20     38     35    236.653     26.500     -4.095
    18     21     39     36    158.217     27.500     -4.095
    19     22     40     37    164.511     28.500     -4.095
    20     23     41     38    149.161     29.500     -4.095
    21     24     42     39    189.429     30.500     -4.095
    22     25     43     40    154.457     31.500     -4.095
    23     26     44     41     96.506     32.500     -4.095
    24     27     45     42    427.864     33.500     -4.095
    25     28     46     43    186.837     34.500     -4.095
    26     29     47     44    329.280     35.500     -4.095
    27     30     48     45    638.114     36.500     -4.095
     1      5     25     21    232.079     12.000     -4.680
     2      6     26     22    279.755     13.000     -4.680
     3      7     27     23    230.302     14.000     -4.680
     4      8     28     24    287.855     15.000     -4.680
     5      9     29     25    441.773     16.000     -4.680
     6     10     30     26    446.282     17.000     -4.680
     7     11     31     27    471.525     18.000     -4.680
     8     12     32     28    520.112     19.000     -4.680
     9     13     33     29    451.319     20.000     -4.680
    10     14     34     30    433.751     21.000     -4.680
    11     15     35     31    329.716     22.000     -4.680
    12     16     36     32    234.036     23.000     -4.680
    13     17     37     33    283.362     24.000     -4.680
    14     18     38     34    227.024     25.000     -4.680
    15     19     39     35    193.261     26.000     -4.680
    16     20     40     36    159.528     27.000     -4.680
    17     21     41     37    136.772     28.000     -4.680
    18     22     42     38    136.109     29.000     -4.680
    19     23     43     39    143.015     30.000     -4.680
    20     24     44     40    105.202     31.000     -4.680
    21     25     45     41     79.078     32.000     -4.680
    22     26     46     42      4.388     33.000     -4.680
    23     27     47     43     62.777     34.000     -4.680
    24     28     48     44    209.562     35.000     -4.680
     1      5     29     25    260.284     14.000     -5.460
     2      6     30     26    160.199     15.000     -5.460
     3      7     31     27    167.124     16.000     -5.460
     4      8     32     28    185.876     17.000     -5.460
     5      9     33     29    183.090     18.000     -5.460
     6     10     34     30    220.457     19.000     -5.460
     7     11     35     31    219.428     20.000     -5.460
     8     12     36     32    152.267     21.000     -5.460
     9     13     37     33    163.561     22.000     -5.460
    10     14     38     34    142.635     23.000     -5.460
    11     15     39     35    130.284     24.000     -5.460
    12     16     40     36    134.797     25.000     -5.460
    13     17     41     37    121.787     26.000     -5.460
    14     18     42     38    128.622     27.000     -5.460
    15     19     43     39    131.894     28.000     -5.460
    16     20     44     40    107.721     29.000     -5.460
    17     21     45     41    115.427     30.000     -5.460
    18     22     46     42     84.895     31.000     -5.460
    19     23     47     43     73.099     32.000     -5.460
    20     24     48     44    120.314     33.000     -5.460
     1      6     31     26    160.587     15.000     -5.850
     2      7     32     27    162.694     16.000     -5.850
     3      8     33     28    139.830     17.000     -5.850
     4      9     34     29    169.891     18.000     -5.850
     5     10     35     30    183.877     19.000     -5.850
     6     11     36     31    182.539     20.000     -5.850
     7     12     37     32    144.331     21.000     -5.850
     8     13     38     33    145.801     22.000     -5.850
     9     14     39     34    128.968     23.000     -5.850
    10     15     40     35    135.000     24.000     -5.850
    11     16     41     36    109.478     25.000     -5.850
    12     17     42     37    122.880     26.000     -5.850
    13     18     43     38    121.278     27.000     -5.850
    14     19     44     39    127.951     28.000     -5.850
    15     20     45     40    108.743     29.000     -5.850
    16     21     46     41    108.347     30.000     -5.850
    17     22     47     42     92.612     31.000     -5.850
    18     23     48     43    108.291     32.000     -5.850
     1      6     36     31     80.514     17.500     -6.825
     2      7     37     32     41.128     18.500     -6.825
     3      8     38     33     68.322     19.500     -6.825
     4      9     39     34     66.930     20.500     -6.825
     5     10     40     35     78.970     21.500     -6.825
     6     11     41     36     70.262     22.500     -6.825
     7     12     42     37     92.165     23.500     -6.825
     8     13     43     38     97.278     24.500     -6.825
     9     14     44     39    111.594     25.500     -6.825
    10     15     45     40     89.658     26.500     -6.825
    11     16     46     41    106.547     27.500     -6.825
    12     17     47     42    113.046     28.500     -6.825
    13     18     48     43    164.934     29.500     -6.825
     1      7     37     31     75.214     18.000     -7.020
     2      8     38     32     50.460     19.000     -7.020
     3      9     39     33     74.011     20.000     -7.020
     4     10     40     34     80.752     21.000     -7.020
     5     11     41     35     76.409     22.000     -7.020
     6     12     42     36     83.194     23.000     -7.020
     7     13     43     37     90.862     24.000     -7.020
     8     14     44     38    100.544     25.000     -7.020
     9     15     45     39    107.488     26.000     -7.020
    10     16     46     40     90.274     27.000     -7.020
    11     17     47     41    121.263     28.000     -7.020
    12     18     48     42    152.387     29.000     -7.020
     1      7     43     37     62.456     21.000     -8.190
     2      8     44     38     65.417     22.000     -8.190
     3      9     45     39     76.199     23.000     -8.190
     4     10     46     40     66.026     24.000     -8.190
     5     11     47     41     89.341     25.000     -8.190
     6     12     48     42    117.802     26.000     -8.190
     1     10     46     37     68.656     22.500     -8.775
     2     11     47     38     80.446     23.500     -8.775
     3     12     48     39    103.620     24.500     -8.775
