48# Number of electrodes
# x z
0.000     0.000
1.000     0.000
2.000     0.000
3.000     0.000
4.000     0.000
5.000     0.000
6.000     0.000
7.000     0.000
8.000     0.000
9.000     0.000
10.000     0.000
11.000     0.000
12.000     0.000
13.000     0.000
14.000     0.000
15.000     0.000
16.000     0.000
17.000     0.000
18.000     0.000
19.000     0.000
20.000     0.000
21.000     0.000
22.000     0.000
23.000     0.000
24.000     0.000
25.000     0.000
26.000     0.000
27.000     0.000
28.000     0.000
29.000     0.000
30.000     0.000
31.000     0.000
32.000     0.000
33.000     0.000
34.000     0.000
35.000     0.000
36.000     0.000
37.000     0.000
38.000     0.000
39.000     0.000
40.000     0.000
41.000     0.000
42.000     0.000
43.000     0.000
44.000     0.000
45.000     0.000
46.000     0.000
47.000     0.000
909# Number of data
# a   b   m   n      rhoa      x      z
     1      4      2      3    692.181      1.500     -0.330
     2      5      3      4    743.411      2.500     -0.330
     3      6      4      5    988.706      3.500     -0.330
     4      7      5      6   1038.082      4.500     -0.330
     5      8      6      7   1280.098      5.500     -0.330
     6      9      7      8   1340.207      6.500     -0.330
     7     10      8      9   1934.202      7.500     -0.330
     8     11      9     10   2927.569      8.500     -0.330
     9     12     10     11   2747.976      9.500     -0.330
    10     13     11     12   3623.271     10.500     -0.330
    11     14     12     13   3159.007     11.500     -0.330
    12     15     13     14   3422.180     12.500     -0.330
    13     16     14     15   3601.572     13.500     -0.330
    14     17     15     16   3509.646     14.500     -0.330
    15     18     16     17   3867.267     15.500     -0.330
    16     19     17     18   3262.022     16.500     -0.330
    17     20     18     19   3177.735     17.500     -0.330
    18     21     19     20   2828.041     18.500     -0.330
    19     22     20     21   2193.521     19.500     -0.330
    20     23     21     22   2082.208     20.500     -0.330
    21     24     22     23   1399.953     21.500     -0.330
    22     25     23     24   1582.391     22.500     -0.330
    23     26     24     25   1693.068     23.500     -0.330
    24     27     25     26   1665.956     24.500     -0.330
    25     28     26     27   2327.652     25.500     -0.330
    26     29     27     28   2360.456     26.500     -0.330
    27     30     28     29   2363.504     27.500     -0.330
    28     31     29     30   2407.939     28.500     -0.330
    29     32     30     31   2321.714     29.500     -0.330
    30     33     31     32   1827.892     30.500     -0.330
    31     34     32     33   1851.273     31.500     -0.330
    32     35     33     34   1274.572     32.500     -0.330
    33     36     34     35   1118.076     33.500     -0.330
    34     37     35     36    885.533     34.500     -0.330
    35     38     36     37    840.117     35.500     -0.330
    36     39     37     38    760.683     36.500     -0.330
    37     40     38     39    650.030     37.500     -0.330
    38     41     39     40    874.316     38.500     -0.330
    39     42     40     41    781.508     39.500     -0.330
    40     43     41     42    784.262     40.500     -0.330
    41     44     42     43   1100.103     41.500     -0.330
    42     45     43     44   1278.468     42.500     -0.330
    43     46     44     45   1437.595     43.500     -0.330
    44     47     45     46   2365.621     44.500     -0.330
    45     48     46     47   2703.045     45.500     -0.330
     1      7      3      5    882.236      3.000     -0.660
     2      8      4      6   1169.955      4.000     -0.660
     3      9      5      7   1363.379      5.000     -0.660
     4     10      6      8   1373.816      6.000     -0.660
     5     11      7      9   1685.816      7.000     -0.660
     6     12      8     10   2363.774      8.000     -0.660
     7     13      9     11   2571.865      9.000     -0.660
     8     14     10     12   2566.809     10.000     -0.660
     9     15     11     13   2871.967     11.000     -0.660
    10     16     12     14   3166.351     12.000     -0.660
    11     17     13     15   3112.385     13.000     -0.660
    12     18     14     16   3146.383     14.000     -0.660
    13     19     15     17   3337.539     15.000     -0.660
    14     20     16     18   3145.918     16.000     -0.660
    15     21     17     19   2998.875     17.000     -0.660
    16     22     18     20   2824.712     18.000     -0.660
    17     23     19     21   2658.529     19.000     -0.660
    18     24     20     22   2308.255     20.000     -0.660
    19     25     21     23   2037.440     21.000     -0.660
    20     26     22     24   1990.714     22.000     -0.660
    21     27     23     25   1998.835     23.000     -0.660
    22     28     24     26   1895.652     24.000     -0.660
    23     29     25     27   2035.056     25.000     -0.660
    24     30     26     28   2310.312     26.000     -0.660
    25     31     27     29   2086.815     27.000     -0.660
    26     32     28     30   1921.922     28.000     -0.660
    27     33     29     31   1895.220     29.000     -0.660
    28     34     30     32   1802.800     30.000     -0.660
    29     35     31     33   1615.413     31.000     -0.660
    30     36     32     34   1423.564     32.000     -0.660
    31     37     33     35   1176.967     33.000     -0.660
    32     38     34     36   1034.326     34.000     -0.660
    33     39     35     37    952.222     35.000     -0.660
    34     40     36     38    792.849     36.000     -0.660
    35     41     37     39    689.284     37.000     -0.660
    36     42     38     40    864.133     38.000     -0.660
    37     43     39     41    949.176     39.000     -0.660
    38     44     40     42    821.224     40.000     -0.660
    39     45     41     43    968.480     41.000     -0.660
    40     46     42     44   1278.224     42.000     -0.660
    41     47     43     45   1477.193     43.000     -0.660
    42     48     44     46   1964.303     44.000     -0.660
     1     10      4      7   1173.493      4.500     -0.990
     2     11      5      8   1171.328      5.500     -0.990
     3     12      6      9   1360.478      6.500     -0.990
     4     13      7     10   1754.372      7.500     -0.990
     5     14      8     11   2138.378      8.500     -0.990
     6     15      9     12   2469.944      9.500     -0.990
     7     16     10     13   2502.760     10.500     -0.990
     8     17     11     14   2307.648     11.500     -0.990
     9     18     12     15   2346.141     12.500     -0.990
    10     19     13     16   2531.027     13.500     -0.990
    11     20     14     17   2599.501     14.500     -0.990
    12     21     15     18   2643.264     15.500     -0.990
    13     22     16     19   2667.808     16.500     -0.990
    14     23     17     20   2623.673     17.500     -0.990
    15     24     18     21   2559.276     18.500     -0.990
    16     25     19     22   2384.773     19.500     -0.990
    17     26     20     23   2153.933     20.500     -0.990
    18     27     21     24   1964.349     21.500     -0.990
    19     28     22     25   1810.393     22.500     -0.990
    20     29     23     26   1892.441     23.500     -0.990
    21     30     24     27   1977.626     24.500     -0.990
    22     31     25     28   1973.989     25.500     -0.990
    23     32     26     29   1905.496     26.500     -0.990
    24     33     27     30   1677.713     27.500     -0.990
    25     34     28     31   1551.786     28.500     -0.990
    26     35     29     32   1399.689     29.500     -0.990
    27     36     30     33   1419.336     30.500     -0.990
    28     37     31     34   1302.085     31.500     -0.990
    29     38     32     35   1210.079     32.500     -0.990
    30     39     33     36   1040.452     33.500     -0.990
    31     40     34     37    952.815     34.500     -0.990
    32     41     35     38    817.066     35.500     -0.990
    33     42     36     39    788.507     36.500     -0.990
    34     43     37     40    817.346     37.500     -0.990
    35     44     38     41    858.775     38.500     -0.990
    36     45     39     42    912.756     39.500     -0.990
    37     46     40     43    973.262     40.500     -0.990
    38     47     41     44   1125.619     41.500     -0.990
    39     48     42     45   1286.855     42.500     -0.990
     1     13      5      9   1055.430      6.000     -1.320
     2     14      6     10   1410.417      7.000     -1.320
     3     15      7     11   1672.278      8.000     -1.320
     4     16      8     12   1879.909      9.000     -1.320
     5     17      9     13   1929.697     10.000     -1.320
     6     18     10     14   1934.181     11.000     -1.320
     7     19     11     15   1853.551     12.000     -1.320
     8     20     12     16   1725.930     13.000     -1.320
     9     21     13     17   1819.428     14.000     -1.320
    10     22     14     18   1974.031     15.000     -1.320
    11     23     15     19   2259.170     16.000     -1.320
    12     24     16     20   2347.423     17.000     -1.320
    13     25     17     21   2215.518     18.000     -1.320
    14     26     18     22   2171.970     19.000     -1.320
    15     27     19     23   1864.174     20.000     -1.320
    16     28     20     24   1718.616     21.000     -1.320
    17     29     21     25   1629.405     22.000     -1.320
    18     30     22     26   1498.399     23.000     -1.320
    19     31     23     27   1667.839     24.000     -1.320
    20     32     24     28   1710.910     25.000     -1.320
    21     33     25     29   1613.625     26.000     -1.320
    22     34     26     30   1614.694     27.000     -1.320
    23     35     27     31   1393.362     28.000     -1.320
    24     36     28     32   1285.389     29.000     -1.320
    25     37     29     33   1191.353     30.000     -1.320
    26     38     30     34   1105.630     31.000     -1.320
    27     39     31     35   1082.342     32.000     -1.320
    28     40     32     36    994.576     33.000     -1.320
    29     41     33     37    855.429     34.000     -1.320
    30     42     34     38    822.750     35.000     -1.320
    31     43     35     39    767.546     36.000     -1.320
    32     44     36     40    799.355     37.000     -1.320
    33     45     37     41    830.255     38.000     -1.320
    34     46     38     42    832.181     39.000     -1.320
    35     47     39     43    970.557     40.000     -1.320
    36     48     40     44   1015.422     41.000     -1.320
     1     16      6     11   1262.068      7.500     -1.650
     2     17      7     12   1307.649      8.500     -1.650
     3     18      8     13   1402.124      9.500     -1.650
     4     19      9     14   1416.544     10.500     -1.650
     5     20     10     15   1407.158     11.500     -1.650
     6     21     11     16   1435.313     12.500     -1.650
     7     22     12     17   1423.559     13.500     -1.650
     8     23     13     18   1452.990     14.500     -1.650
     9     24     14     19   1591.966     15.500     -1.650
    10     25     15     20   1832.618     16.500     -1.650
    11     26     16     21   1913.510     17.500     -1.650
    12     27     17     22   1715.246     18.500     -1.650
    13     28     18     23   1526.958     19.500     -1.650
    14     29     19     24   1404.853     20.500     -1.650
    15     30     20     25   1292.685     21.500     -1.650
    16     31     21     26   1225.012     22.500     -1.650
    17     32     22     27   1245.994     23.500     -1.650
    18     33     23     28   1280.468     24.500     -1.650
    19     34     24     29   1328.968     25.500     -1.650
    20     35     25     30   1361.669     26.500     -1.650
    21     36     26     31   1397.918     27.500     -1.650
    22     37     27     32   1239.102     28.500     -1.650
    23     38     28     33   1093.843     29.500     -1.650
    24     39     29     34   1031.202     30.500     -1.650
    25     40     30     35    925.078     31.500     -1.650
    26     41     31     36    835.498     32.500     -1.650
    27     42     32     37    832.930     33.500     -1.650
    28     43     33     38    738.975     34.500     -1.650
    29     44     34     39    699.549     35.500     -1.650
    30     45     35     40    737.808     36.500     -1.650
    31     46     36     41    765.041     37.500     -1.650
    32     47     37     42    761.859     38.500     -1.650
    33     48     38     43    839.185     39.500     -1.650
     1     19      7     13    953.484      9.000     -1.980
     2     20      8     14   1011.007     10.000     -1.980
     3     21      9     15   1076.886     11.000     -1.980
     4     22     10     16   1096.649     12.000     -1.980
     5     23     11     17   1207.415     13.000     -1.980
     6     24     12     18   1224.654     14.000     -1.980
     7     25     13     19   1292.385     15.000     -1.980
     8     26     14     20   1317.483     16.000     -1.980
     9     27     15     21   1277.450     17.000     -1.980
    10     28     16     22   1290.110     18.000     -1.980
    11     29     17     23   1170.530     19.000     -1.980
    12     30     18     24   1126.128     20.000     -1.980
    13     31     19     25   1006.680     21.000     -1.980
    14     32     20     26    929.800     22.000     -1.980
    15     33     21     27    909.007     23.000     -1.980
    16     34     22     28    925.367     24.000     -1.980
    17     35     23     29   1022.160     25.000     -1.980
    18     36     24     30   1063.775     26.000     -1.980
    19     37     25     31   1137.208     27.000     -1.980
    20     38     26     32   1197.266     28.000     -1.980
    21     39     27     33   1107.370     29.000     -1.980
    22     40     28     34    964.103     30.000     -1.980
    23     41     29     35    845.993     31.000     -1.980
    24     42     30     36    807.411     32.000     -1.980
    25     43     31     37    727.389     33.000     -1.980
    26     44     32     38    665.124     34.000     -1.980
    27     45     33     39    627.636     35.000     -1.980
    28     46     34     40    655.654     36.000     -1.980
    29     47     35     41    656.301     37.000     -1.980
    30     48     36     42    645.505     38.000     -1.980
     1     22      8     15    789.602     10.500     -2.310
     2     23      9     16    912.374     11.500     -2.310
     3     24     10     17    982.122     12.500     -2.310
     4     25     11     18   1003.109     13.500     -2.310
     5     26     12     19   1050.500     14.500     -2.310
     6     27     13     20   1005.595     15.500     -2.310
     7     28     14     21    933.158     16.500     -2.310
     8     29     15     22    846.248     17.500     -2.310
     9     30     16     23    787.037     18.500     -2.310
    10     31     17     24    793.529     19.500     -2.310
    11     32     18     25    773.727     20.500     -2.310
    12     33     19     26    700.247     21.500     -2.310
    13     34     20     27    692.125     22.500     -2.310
    14     35     21     28    691.900     23.500     -2.310
    15     36     22     29    711.446     24.500     -2.310
    16     37     23     30    806.335     25.500     -2.310
    17     38     24     31    899.085     26.500     -2.310
    18     39     25     32    940.290     27.500     -2.310
    19     40     26     33    993.245     28.500     -2.310
    20     41     27     34    925.886     29.500     -2.310
    21     42     28     35    853.420     30.500     -2.310
    22     43     29     36    769.977     31.500     -2.310
    23     44     30     37    679.858     32.500     -2.310
    24     45     31     38    627.630     33.500     -2.310
    25     46     32     39    572.680     34.500     -2.310
    26     47     33     40    558.027     35.500     -2.310
    27     48     34     41    558.408     36.500     -2.310
     1     25      9     17    795.722     12.000     -2.640
     2     26     10     18    825.495     13.000     -2.640
     3     27     11     19    791.102     14.000     -2.640
     4     28     12     20    738.594     15.000     -2.640
     5     29     13     21    685.393     16.000     -2.640
     6     30     14     22    639.461     17.000     -2.640
     7     31     15     23    580.019     18.000     -2.640
     8     32     16     24    524.767     19.000     -2.640
     9     33     17     25    485.194     20.000     -2.640
    10     34     18     26    526.590     21.000     -2.640
    11     35     19     27    530.228     22.000     -2.640
    12     36     20     28    540.818     23.000     -2.640
    13     37     21     29    540.518     24.000     -2.640
    14     38     22     30    579.033     25.000     -2.640
    15     39     23     31    667.143     26.000     -2.640
    16     40     24     32    712.371     27.000     -2.640
    17     41     25     33    779.762     28.000     -2.640
    18     42     26     34    819.051     29.000     -2.640
    19     43     27     35    782.105     30.000     -2.640
    20     44     28     36    728.680     31.000     -2.640
    21     45     29     37    673.027     32.000     -2.640
    22     46     30     38    605.996     33.000     -2.640
    23     47     31     39    530.826     34.000     -2.640
    24     48     32     40    501.337     35.000     -2.640
     1     28     10     19    593.881     13.500     -2.970
     2     29     11     20    558.173     14.500     -2.970
     3     30     12     21    501.952     15.500     -2.970
     4     31     13     22    458.320     16.500     -2.970
     5     32     14     23    412.350     17.500     -2.970
     6     33     15     24    395.336     18.500     -2.970
     7     34     16     25    383.266     19.500     -2.970
     8     35     17     26    347.524     20.500     -2.970
     9     36     18     27    371.243     21.500     -2.970
    10     37     19     28    409.625     22.500     -2.970
    11     38     20     29    427.393     23.500     -2.970
    12     39     21     30    455.371     24.500     -2.970
    13     40     22     31    477.279     25.500     -2.970
    14     41     23     32    535.496     26.500     -2.970
    15     42     24     33    593.702     27.500     -2.970
    16     43     25     34    629.469     28.500     -2.970
    17     44     26     35    674.979     29.500     -2.970
    18     45     27     36    646.614     30.500     -2.970
    19     46     28     37    608.184     31.500     -2.970
    20     47     29     38    558.688     32.500     -2.970
    21     48     30     39    504.946     33.500     -2.970
     1     31     11     21    381.555     15.000     -3.300
     2     32     12     22    337.350     16.000     -3.300
     3     33     13     23    298.602     17.000     -3.300
     4     34     14     24    298.670     18.000     -3.300
     5     35     15     25    291.822     19.000     -3.300
     6     36     16     26    297.381     20.000     -3.300
     7     37     17     27    299.558     21.000     -3.300
     8     38     18     28    301.696     22.000     -3.300
     9     39     19     29    317.308     23.000     -3.300
    10     40     20     30    353.023     24.000     -3.300
    11     41     21     31    367.481     25.000     -3.300
    12     42     22     32    417.280     26.000     -3.300
    13     43     23     33    451.890     27.000     -3.300
    14     44     24     34    479.048     28.000     -3.300
    15     45     25     35    513.108     29.000     -3.300
    16     46     26     36    538.834     30.000     -3.300
    17     47     27     37    520.586     31.000     -3.300
    18     48     28     38    477.057     32.000     -3.300
     1     34     12     23    236.782     16.500     -3.630
     2     35     13     24    232.128     17.500     -3.630
     3     36     14     25    222.760     18.500     -3.630
     4     37     15     26    242.171     19.500     -3.630
     5     38     16     27    251.952     20.500     -3.630
     6     39     17     28    259.693     21.500     -3.630
     7     40     18     29    263.690     22.500     -3.630
     8     41     19     30    263.416     23.500     -3.630
     9     42     20     31    295.565     24.500     -3.630
    10     43     21     32    305.388     25.500     -3.630
    11     44     22     33    342.781     26.500     -3.630
    12     45     23     34    385.886     27.500     -3.630
    13     46     24     35    394.668     28.500     -3.630
    14     47     25     36    411.060     29.500     -3.630
    15     48     26     37    407.122     30.500     -3.630
     1     37     13     25    194.824     18.000     -3.960
     2     38     14     26    195.187     19.000     -3.960
     3     39     15     27    206.689     20.000     -3.960
     4     40     16     28    224.584     21.000     -3.960
     5     41     17     29    227.232     22.000     -3.960
     6     42     18     30    245.240     23.000     -3.960
     7     43     19     31    246.855     24.000     -3.960
     8     44     20     32    251.814     25.000     -3.960
     9     45     21     33    271.481     26.000     -3.960
    10     46     22     34    284.772     27.000     -3.960
    11     47     23     35    309.642     28.000     -3.960
    12     48     24     36    323.703     29.000     -3.960
     1     40     14     27    183.388     19.500     -4.290
     2     41     15     28    191.874     20.500     -4.290
     3     42     16     29    198.657     21.500     -4.290
     4     43     17     30    212.261     22.500     -4.290
     5     44     18     31    219.706     23.500     -4.290
     6     45     19     32    225.634     24.500     -4.290
     7     46     20     33    215.015     25.500     -4.290
     8     47     21     34    210.082     26.500     -4.290
     9     48     22     35    224.902     27.500     -4.290
     1     43     15     29    183.626     21.000     -4.620
     2     44     16     30    191.060     22.000     -4.620
     3     45     17     31    196.294     23.000     -4.620
     4     46     18     32    198.487     24.000     -4.620
     5     47     19     33    180.892     25.000     -4.620
     6     48     20     34    176.672     26.000     -4.620
     1     46     16     31    172.082     22.500     -4.950
     2     47     17     32    166.335     23.500     -4.950
     3     48     18     33    157.769     24.500     -4.950
     1      2      4      3    707.282      1.500     -0.585
     2      3      5      4    806.441      2.500     -0.585
     3      4      6      5    767.514      3.500     -0.585
     4      5      7      6   1179.455      4.500     -0.585
     5      6      8      7   1075.342      5.500     -0.585
     6      7      9      8   1224.101      6.500     -0.585
     7      8     10      9   1559.085      7.500     -0.585
     8      9     11     10   2516.839      8.500     -0.585
     9     10     12     11   4499.495      9.500     -0.585
    10     11     13     12   3131.325     10.500     -0.585
    11     12     14     13   3537.362     11.500     -0.585
    12     13     15     14   3102.659     12.500     -0.585
    13     14     16     15   3435.203     13.500     -0.585
    14     15     17     16   4460.823     14.500     -0.585
    15     16     18     17   3657.977     15.500     -0.585
    16     17     19     18   3532.732     16.500     -0.585
    17     18     20     19   3051.102     17.500     -0.585
    18     19     21     20   2880.992     18.500     -0.585
    19     20     22     21   2636.082     19.500     -0.585
    20     21     23     22   1327.072     20.500     -0.585
    21     22     24     23   1351.773     21.500     -0.585
    22     23     25     24   1178.068     22.500     -0.585
    23     24     26     25   1326.269     23.500     -0.585
    24     25     27     26   1968.031     24.500     -0.585
    25     26     28     27   1896.220     25.500     -0.585
    26     27     29     28   2632.803     26.500     -0.585
    27     28     30     29   2877.711     27.500     -0.585
    28     29     31     30   2374.013     28.500     -0.585
    29     30     32     31   2224.380     29.500     -0.585
    30     31     33     32   2528.049     30.500     -0.585
    31     32     34     33   1515.050     31.500     -0.585
    32     33     35     34   1377.445     32.500     -0.585
    33     34     36     35   1054.806     33.500     -0.585
    34     35     37     36    878.549     34.500     -0.585
    35     36     38     37    663.115     35.500     -0.585
    36     37     39     38    739.691     36.500     -0.585
    37     38     40     39    889.509     37.500     -0.585
    38     39     41     40    544.364     38.500     -0.585
    39     40     42     41    727.128     39.500     -0.585
    40     41     43     42    931.655     40.500     -0.585
    41     42     44     43    870.824     41.500     -0.585
    42     43     45     44   1175.916     42.500     -0.585
    43     44     46     45   1604.268     43.500     -0.585
    44     45     47     46   1625.896     44.500     -0.585
    45     46     48     47   3119.948     45.500     -0.585
     1      2      5      4    646.936      2.000     -0.780
     2      3      6      5    838.710      3.000     -0.780
     3      4      7      6   1000.233      4.000     -0.780
     4      5      8      7   1144.299      5.000     -0.780
     5      6      9      8   1633.675      6.000     -0.780
     6      7     10      9   1910.112      7.000     -0.780
     7      8     11     10   1903.623      8.000     -0.780
     8      9     12     11   2875.373      9.000     -0.780
     9     10     13     12   3848.530     10.000     -0.780
    10     11     14     13   3273.341     11.000     -0.780
    11     12     15     14   3091.604     12.000     -0.780
    12     13     16     15   3687.864     13.000     -0.780
    13     14     17     16   4119.866     14.000     -0.780
    14     15     18     17   3987.155     15.000     -0.780
    15     16     19     18   3889.627     16.000     -0.780
    16     17     20     19   3739.428     17.000     -0.780
    17     18     21     20   2801.110     18.000     -0.780
    18     19     22     21   2844.366     19.000     -0.780
    19     20     23     22   1844.824     20.000     -0.780
    20     21     24     23   1763.142     21.000     -0.780
    21     22     25     24   1683.600     22.000     -0.780
    22     23     26     25   1318.726     23.000     -0.780
    23     24     27     26   2262.908     24.000     -0.780
    24     25     28     27   2063.316     25.000     -0.780
    25     26     29     28   2083.597     26.000     -0.780
    26     27     30     29   2693.614     27.000     -0.780
    27     28     31     30   2860.700     28.000     -0.780
    28     29     32     31   2490.880     29.000     -0.780
    29     30     33     32   2379.054     30.000     -0.780
    30     31     34     33   1859.462     31.000     -0.780
    31     32     35     34   1405.790     32.000     -0.780
    32     33     36     35   1128.458     33.000     -0.780
    33     34     37     36    903.436     34.000     -0.780
    34     35     38     37    764.120     35.000     -0.780
    35     36     39     38    711.735     36.000     -0.780
    36     37     40     39    974.992     37.000     -0.780
    37     38     41     40    703.162     38.000     -0.780
    38     39     42     41    513.060     39.000     -0.780
    39     40     43     42   1067.175     40.000     -0.780
    40     41     44     43   1014.541     41.000     -0.780
    41     42     45     44    892.440     42.000     -0.780
    42     43     46     45   1464.530     43.000     -0.780
    43     44     47     46   1642.219     44.000     -0.780
    44     45     48     47   2175.208     45.000     -0.780
     1      2      6      5    747.847      2.500     -0.975
     2      3      7      6   1058.467      3.500     -0.975
     3      4      8      7    940.880      4.500     -0.975
     4      5      9      8   1646.666      5.500     -0.975
     5      6     10      9   2196.272      6.500     -0.975
     6      7     11     10   2281.131      7.500     -0.975
     7      8     12     11   2060.635      8.500     -0.975
     8      9     13     12   2624.338      9.500     -0.975
     9     10     14     13   3630.551     10.500     -0.975
    10     11     15     14   3228.879     11.500     -0.975
    11     12     16     15   3721.204     12.500     -0.975
    12     13     17     16   4255.998     13.500     -0.975
    13     14     18     17   3780.362     14.500     -0.975
    14     15     19     18   4021.837     15.500     -0.975
    15     16     20     19   3829.041     16.500     -0.975
    16     17     21     20   3336.242     17.500     -0.975
    17     18     22     21   2698.893     18.500     -0.975
    18     19     23     22   2125.686     19.500     -0.975
    19     20     24     23   2394.243     20.500     -0.975
    20     21     25     24   2082.869     21.500     -0.975
    21     22     26     25   1840.224     22.500     -0.975
    22     23     27     26   2063.263     23.500     -0.975
    23     24     28     27   2394.258     24.500     -0.975
    24     25     29     28   2103.917     25.500     -0.975
    25     26     30     29   2076.083     26.500     -0.975
    26     27     31     30   2707.492     27.500     -0.975
    27     28     32     31   2557.152     28.500     -0.975
    28     29     33     32   2410.888     29.500     -0.975
    29     30     34     33   1748.038     30.500     -0.975
    30     31     35     34   1715.522     31.500     -0.975
    31     32     36     35   1137.913     32.500     -0.975
    32     33     37     36   1071.327     33.500     -0.975
    33     34     38     37    775.949     34.500     -0.975
    34     35     39     38    775.238     35.500     -0.975
    35     36     40     39    981.638     36.500     -0.975
    36     37     41     40    766.183     37.500     -0.975
    37     38     42     41    574.083     38.500     -0.975
    38     39     43     42    702.931     39.500     -0.975
    39     40     44     43   1072.120     40.500     -0.975
    40     41     45     44    937.065     41.500     -0.975
    41     42     46     45   1042.383     42.500     -0.975
    42     43     47     46   1463.709     43.500     -0.975
    43     44     48     47   2045.331     44.500     -0.975
     1      2      7      6    942.138      3.000     -1.170
     2      3      8      7    974.271      4.000     -1.170
     3      4      9      8   1268.487      5.000     -1.170
     4      5     10      9   2139.313      6.000     -1.170
     5      6     11     10   2411.259      7.000     -1.170
     6      7     12     11   2294.248      8.000     -1.170
     7      8     13     12   1881.940      9.000     -1.170
     8      9     14     13   2570.586     10.000     -1.170
     9     10     15     14   3595.289     11.000     -1.170
    10     11     16     15   3811.268     12.000     -1.170
    11     12     17     16   4397.338     13.000     -1.170
    12     13     18     17   3817.175     14.000     -1.170
    13     14     19     18   3810.529     15.000     -1.170
    14     15     20     19   3674.178     16.000     -1.170
    15     16     21     20   3190.902     17.000     -1.170
    16     17     22     21   3087.376     18.000     -1.170
    17     18     23     22   1964.031     19.000     -1.170
    18     19     24     23   2622.334     20.000     -1.170
    19     20     25     24   2566.170     21.000     -1.170
    20     21     26     25   2127.020     22.000     -1.170
    21     22     27     26   2701.825     23.000     -1.170
    22     23     28     27   2012.747     24.000     -1.170
    23     24     29     28   2320.052     25.000     -1.170
    24     25     30     29   2062.406     26.000     -1.170
    25     26     31     30   2112.968     27.000     -1.170
    26     27     32     31   2396.433     28.000     -1.170
    27     28     33     32   2441.572     29.000     -1.170
    28     29     34     33   1661.891     30.000     -1.170
    29     30     35     34   1522.441     31.000     -1.170
    30     31     36     35   1321.825     32.000     -1.170
    31     32     37     36   1079.439     33.000     -1.170
    32     33     38     37    910.079     34.000     -1.170
    33     34     39     38    732.010     35.000     -1.170
    34     35     40     39    998.253     36.000     -1.170
    35     36     41     40    760.410     37.000     -1.170
    36     37     42     41    632.176     38.000     -1.170
    37     38     43     42    758.487     39.000     -1.170
    38     39     44     43    699.707     40.000     -1.170
    39     40     45     44    961.119     41.000     -1.170
    40     41     46     45   1100.192     42.000     -1.170
    41     42     47     46   1034.069     43.000     -1.170
    42     43     48     47   1814.432     44.000     -1.170
     1      2      8      7    871.877      3.500     -1.365
     2      3      9      8   1318.359      4.500     -1.365
     3      4     10      9   1674.313      5.500     -1.365
     4      5     11     10   2198.403      6.500     -1.365
     5      6     12     11   2444.950      7.500     -1.365
     6      7     13     12   2138.256      8.500     -1.365
     7      8     14     13   1662.659      9.500     -1.365
     8      9     15     14   2218.336     10.500     -1.365
     9     10     16     15   3874.225     11.500     -1.365
    10     11     17     16   4092.524     12.500     -1.365
    11     12     18     17   3426.305     13.500     -1.365
    12     13     19     18   3429.643     14.500     -1.365
    13     14     20     19   3366.546     15.500     -1.365
    14     15     21     20   3001.000     16.500     -1.365
    15     16     22     21   2992.958     17.500     -1.365
    16     17     23     22   2243.275     18.500     -1.365
    17     18     24     23   2350.414     19.500     -1.365
    18     19     25     24   2651.949     20.500     -1.365
    19     20     26     25   2477.402     21.500     -1.365
    20     21     27     26   2965.277     22.500     -1.365
    21     22     28     27   2533.191     23.500     -1.365
    22     23     29     28   1828.510     24.500     -1.365
    23     24     30     29   2171.318     25.500     -1.365
    24     25     31     30   2006.019     26.500     -1.365
    25     26     32     31   1844.645     27.500     -1.365
    26     27     33     32   2308.802     28.500     -1.365
    27     28     34     33   1642.523     29.500     -1.365
    28     29     35     34   1456.839     30.500     -1.365
    29     30     36     35   1245.865     31.500     -1.365
    30     31     37     36   1251.483     32.500     -1.365
    31     32     38     37    880.594     33.500     -1.365
    32     33     39     38    859.821     34.500     -1.365
    33     34     40     39    966.979     35.500     -1.365
    34     35     41     40    778.045     36.500     -1.365
    35     36     42     41    622.367     37.500     -1.365
    36     37     43     42    827.783     38.500     -1.365
    37     38     44     43    727.223     39.500     -1.365
    38     39     45     44    661.291     40.500     -1.365
    39     40     46     45   1187.017     41.500     -1.365
    40     41     47     46   1099.141     42.500     -1.365
    41     42     48     47   1271.462     43.500     -1.365
     1      3      9      7   1061.322      4.000     -1.560
     2      4     10      8   1443.836      5.000     -1.560
     3      5     11      9   1995.146      6.000     -1.560
     4      6     12     10   2321.486      7.000     -1.560
     5      7     13     11   2241.834      8.000     -1.560
     6      8     14     12   1880.486      9.000     -1.560
     7      9     15     13   2147.368     10.000     -1.560
     8     10     16     14   3210.686     11.000     -1.560
     9     11     17     15   3936.075     12.000     -1.560
    10     12     18     16   3956.479     13.000     -1.560
    11     13     19     17   3606.284     14.000     -1.560
    12     14     20     18   3530.316     15.000     -1.560
    13     15     21     19   3289.483     16.000     -1.560
    14     16     22     20   3012.440     17.000     -1.560
    15     17     23     21   2718.355     18.000     -1.560
    16     18     24     22   2206.739     19.000     -1.560
    17     19     25     23   2523.072     20.000     -1.560
    18     20     26     24   2566.770     21.000     -1.560
    19     21     27     25   2571.122     22.000     -1.560
    20     22     28     26   2719.358     23.000     -1.560
    21     23     29     27   2120.573     24.000     -1.560
    22     24     30     28   2079.069     25.000     -1.560
    23     25     31     29   2075.827     26.000     -1.560
    24     26     32     30   1969.304     27.000     -1.560
    25     27     33     31   2147.223     28.000     -1.560
    26     28     34     32   2104.095     29.000     -1.560
    27     29     35     33   1579.859     30.000     -1.560
    28     30     36     34   1385.357     31.000     -1.560
    29     31     37     35   1262.574     32.000     -1.560
    30     32     38     36   1057.928     33.000     -1.560
    31     33     39     37    884.275     34.000     -1.560
    32     34     40     38    875.625     35.000     -1.560
    33     35     41     39    905.212     36.000     -1.560
    34     36     42     40    714.528     37.000     -1.560
    35     37     43     41    696.815     38.000     -1.560
    36     38     44     42    772.037     39.000     -1.560
    37     39     45     43    690.394     40.000     -1.560
    38     40     46     44    920.631     41.000     -1.560
    39     41     47     45   1129.271     42.000     -1.560
    40     42     48     46   1142.881     43.000     -1.560
     1      3     11      9   1641.874      5.000     -1.950
     2      4     12     10   1690.885      6.000     -1.950
     3      5     13     11   1783.934      7.000     -1.950
     4      6     14     12   1726.456      8.000     -1.950
     5      7     15     13   1687.147      9.000     -1.950
     6      8     16     14   1617.254     10.000     -1.950
     7      9     17     15   2144.490     11.000     -1.950
     8     10     18     16   3185.264     12.000     -1.950
     9     11     19     17   3242.892     13.000     -1.950
    10     12     20     18   3042.977     14.000     -1.950
    11     13     21     19   2581.284     15.000     -1.950
    12     14     22     20   2344.360     16.000     -1.950
    13     15     23     21   2148.392     17.000     -1.950
    14     16     24     22   2014.817     18.000     -1.950
    15     17     25     23   2434.306     19.000     -1.950
    16     18     26     24   2340.198     20.000     -1.950
    17     19     27     25   2727.658     21.000     -1.950
    18     20     28     26   3197.223     22.000     -1.950
    19     21     29     27   2615.680     23.000     -1.950
    20     22     30     28   2141.270     24.000     -1.950
    21     23     31     29   1716.486     25.000     -1.950
    22     24     32     30   1706.533     26.000     -1.950
    23     25     33     31   1631.253     27.000     -1.950
    24     26     34     32   1411.392     28.000     -1.950
    25     27     35     33   1310.185     29.000     -1.950
    26     28     36     34   1233.325     30.000     -1.950
    27     29     37     35   1040.742     31.000     -1.950
    28     30     38     36    982.472     32.000     -1.950
    29     31     39     37    925.347     33.000     -1.950
    30     32     40     38    953.621     34.000     -1.950
    31     33     41     39    975.671     35.000     -1.950
    32     34     42     40    713.498     36.000     -1.950
    33     35     43     41    672.631     37.000     -1.950
    34     36     44     42    764.013     38.000     -1.950
    35     37     45     43    740.164     39.000     -1.950
    36     38     46     44    734.038     40.000     -1.950
    37     39     47     45    768.379     41.000     -1.950
    38     40     48     46   1072.439     42.000     -1.950
     1      3     13     11   1289.645      6.000     -2.340
     2      4     14     12   1224.129      7.000     -2.340
     3      5     15     13   1203.095      8.000     -2.340
     4      6     16     14   1391.762      9.000     -2.340
     5      7     17     15   1663.449     10.000     -2.340
     6      8     18     16   1417.398     11.000     -2.340
     7      9     19     17   1564.823     12.000     -2.340
     8     10     20     18   2188.140     13.000     -2.340
     9     11     21     19   2257.513     14.000     -2.340
    10     12     22     20   1841.059     15.000     -2.340
    11     13     23     21   1685.769     16.000     -2.340
    12     14     24     22   1461.203     17.000     -2.340
    13     15     25     23   1798.203     18.000     -2.340
    14     16     26     24   1953.922     19.000     -2.340
    15     17     27     25   2466.864     20.000     -2.340
    16     18     28     26   2767.281     21.000     -2.340
    17     19     29     27   2532.046     22.000     -2.340
    18     20     30     28   2282.633     23.000     -2.340
    19     21     31     29   1914.572     24.000     -2.340
    20     22     32     30   1595.460     25.000     -2.340
    21     23     33     31   1199.462     26.000     -2.340
    22     24     34     32   1094.292     27.000     -2.340
    23     25     35     33    886.427     28.000     -2.340
    24     26     36     34    807.672     29.000     -2.340
    25     27     37     35    796.671     30.000     -2.340
    26     28     38     36    809.579     31.000     -2.340
    27     29     39     37    692.512     32.000     -2.340
    28     30     40     38    807.568     33.000     -2.340
    29     31     41     39    934.237     34.000     -2.340
    30     32     42     40    725.346     35.000     -2.340
    31     33     43     41    720.634     36.000     -2.340
    32     34     44     42    785.782     37.000     -2.340
    33     35     45     43    694.439     38.000     -2.340
    34     36     46     44    651.106     39.000     -2.340
    35     37     47     45    794.242     40.000     -2.340
    36     38     48     46    836.819     41.000     -2.340
     1      3     15     13    985.448      7.000     -2.730
     2      4     16     14   1064.660      8.000     -2.730
     3      5     17     15   1204.377      9.000     -2.730
     4      6     18     16   1151.450     10.000     -2.730
     5      7     19     17   1159.436     11.000     -2.730
     6      8     20     18    962.885     12.000     -2.730
     7      9     21     19   1003.702     13.000     -2.730
     8     10     22     20   1293.014     14.000     -2.730
     9     11     23     21    927.600     15.000     -2.730
    10     12     24     22   1159.694     16.000     -2.730
    11     13     25     23   1273.657     17.000     -2.730
    12     14     26     24   1327.940     18.000     -2.730
    13     15     27     25   1752.743     19.000     -2.730
    14     16     28     26   2202.642     20.000     -2.730
    15     17     29     27   2181.109     21.000     -2.730
    16     18     30     28   1884.663     22.000     -2.730
    17     19     31     29   1754.590     23.000     -2.730
    18     20     32     30   1587.551     24.000     -2.730
    19     21     33     31   1247.373     25.000     -2.730
    20     22     34     32    948.002     26.000     -2.730
    21     23     35     33    620.589     27.000     -2.730
    22     24     36     34    584.720     28.000     -2.730
    23     25     37     35    524.418     29.000     -2.730
    24     26     38     36    458.716     30.000     -2.730
    25     27     39     37    548.741     31.000     -2.730
    26     28     40     38    640.956     32.000     -2.730
    27     29     41     39    665.588     33.000     -2.730
    28     30     42     40    590.898     34.000     -2.730
    29     31     43     41    747.091     35.000     -2.730
    30     32     44     42    804.251     36.000     -2.730
    31     33     45     43    740.222     37.000     -2.730
    32     34     46     44    778.782     38.000     -2.730
    33     35     47     45    534.578     39.000     -2.730
    34     36     48     46    688.607     40.000     -2.730
     1      4     16     13    959.223      7.500     -2.925
     2      5     17     14   1084.967      8.500     -2.925
     3      6     18     15   1227.719      9.500     -2.925
     4      7     19     16   1211.413     10.500     -2.925
     5      8     20     17   1036.286     11.500     -2.925
     6      9     21     18   1114.459     12.500     -2.925
     7     10     22     19   1289.404     13.500     -2.925
     8     11     23     20   1272.520     14.500     -2.925
     9     12     24     21   1207.863     15.500     -2.925
    10     13     25     22   1182.535     16.500     -2.925
    11     14     26     23   1367.771     17.500     -2.925
    12     15     27     24   1587.632     18.500     -2.925
    13     16     28     25   1932.127     19.500     -2.925
    14     17     29     26   2296.260     20.500     -2.925
    15     18     30     27   2068.793     21.500     -2.925
    16     19     31     28   1913.856     22.500     -2.925
    17     20     32     29   1698.677     23.500     -2.925
    18     21     33     30   1459.497     24.500     -2.925
    19     22     34     31   1121.687     25.500     -2.925
    20     23     35     32    821.907     26.500     -2.925
    21     24     36     33    660.795     27.500     -2.925
    22     25     37     34    585.449     28.500     -2.925
    23     26     38     35    530.572     29.500     -2.925
    24     27     39     36    557.609     30.500     -2.925
    25     28     40     37    608.865     31.500     -2.925
    26     29     41     38    620.364     32.500     -2.925
    27     30     42     39    661.609     33.500     -2.925
    28     31     43     40    688.412     34.500     -2.925
    29     32     44     41    723.225     35.500     -2.925
    30     33     45     42    771.328     36.500     -2.925
    31     34     46     43    734.753     37.500     -2.925
    32     35     47     44    667.646     38.500     -2.925
    33     36     48     45    659.531     39.500     -2.925
     1      4     19     16    677.944      9.000     -3.510
     2      5     20     17    631.353     10.000     -3.510
     3      6     21     18    621.801     11.000     -3.510
     4      7     22     19    555.133     12.000     -3.510
     5      8     23     20    452.243     13.000     -3.510
     6      9     24     21    468.264     14.000     -3.510
     7     10     25     22    608.729     15.000     -3.510
     8     11     26     23    824.672     16.000     -3.510
     9     12     27     24   1035.543     17.000     -3.510
    10     13     28     25   1050.460     18.000     -3.510
    11     14     29     26   1255.381     19.000     -3.510
    12     15     30     27   1226.112     20.000     -3.510
    13     16     31     28   1237.874     21.000     -3.510
    14     17     32     29   1234.571     22.000     -3.510
    15     18     33     30   1100.347     23.000     -3.510
    16     19     34     31    930.102     24.000     -3.510
    17     20     35     32    755.457     25.000     -3.510
    18     21     36     33    546.360     26.000     -3.510
    19     22     37     34    434.595     27.000     -3.510
    20     23     38     35    316.806     28.000     -3.510
    21     24     39     36    299.267     29.000     -3.510
    22     25     40     37    303.058     30.000     -3.510
    23     26     41     38    351.473     31.000     -3.510
    24     27     42     39    397.926     32.000     -3.510
    25     28     43     40    419.116     33.000     -3.510
    26     29     44     41    464.767     34.000     -3.510
    27     30     45     42    609.267     35.000     -3.510
    28     31     46     43    764.753     36.000     -3.510
    29     32     47     44    940.075     37.000     -3.510
    30     33     48     45   1011.430     38.000     -3.510
     1      4     22     19    302.677     10.500     -4.095
     2      5     23     20    236.887     11.500     -4.095
     3      6     24     21    360.895     12.500     -4.095
     4      7     25     22    241.284     13.500     -4.095
     5      8     26     23    311.423     14.500     -4.095
     6      9     27     24    470.698     15.500     -4.095
     7     10     28     25    712.999     16.500     -4.095
     8     11     29     26    765.456     17.500     -4.095
     9     12     30     27    738.697     18.500     -4.095
    10     13     31     28    664.200     19.500     -4.095
    11     14     32     29    658.757     20.500     -4.095
    12     15     33     30    632.790     21.500     -4.095
    13     16     34     31    582.063     22.500     -4.095
    14     17     35     32    513.741     23.500     -4.095
    15     18     36     33    403.717     24.500     -4.095
    16     19     37     34    349.626     25.500     -4.095
    17     20     38     35    287.443     26.500     -4.095
    18     21     39     36    245.207     27.500     -4.095
    19     22     40     37    225.451     28.500     -4.095
    20     23     41     38    204.174     29.500     -4.095
    21     24     42     39    218.072     30.500     -4.095
    22     25     43     40    212.349     31.500     -4.095
    23     26     44     41    193.598     32.500     -4.095
    24     27     45     42    306.028     33.500     -4.095
    25     28     46     43    338.800     34.500     -4.095
    26     29     47     44    487.465     35.500     -4.095
    27     30     48     45    807.379     36.500     -4.095
     1      5     25     21    156.285     12.000     -4.680
     2      6     26     22    187.434     13.000     -4.680
     3      7     27     23    196.165     14.000     -4.680
     4      8     28     24    322.095     15.000     -4.680
     5      9     29     25    392.656     16.000     -4.680
     6     10     30     26    502.876     17.000     -4.680
     7     11     31     27    504.716     18.000     -4.680
     8     12     32     28    507.762     19.000     -4.680
     9     13     33     29    484.358     20.000     -4.680
    10     14     34     30    447.850     21.000     -4.680
    11     15     35     31    397.861     22.000     -4.680
    12     16     36     32    344.947     23.000     -4.680
    13     17     37     33    305.544     24.000     -4.680
    14     18     38     34    266.563     25.000     -4.680
    15     19     39     35    236.630     26.000     -4.680
    16     20     40     36    223.767     27.000     -4.680
    17     21     41     37    204.646     28.000     -4.680
    18     22     42     38    195.972     29.000     -4.680
    19     23     43     39    180.368     30.000     -4.680
    20     24     44     40    169.884     31.000     -4.680
    21     25     45     41    146.411     32.000     -4.680
    22     26     46     42     80.432     33.000     -4.680
    23     27     47     43    111.345     34.000     -4.680
    24     28     48     44    289.786     35.000     -4.680
     1      5     29     25    188.373     14.000     -5.460
     2      6     30     26    174.555     15.000     -5.460
     3      7     31     27    158.811     16.000     -5.460
     4      8     32     28    178.624     17.000     -5.460
     5      9     33     29    184.377     18.000     -5.460
     6     10     34     30    214.123     19.000     -5.460
     7     11     35     31    209.901     20.000     -5.460
     8     12     36     32    183.934     21.000     -5.460
     9     13     37     33    163.218     22.000     -5.460
    10     14     38     34    148.942     23.000     -5.460
    11     15     39     35    132.422     24.000     -5.460
    12     16     40     36    145.511     25.000     -5.460
    13     17     41     37    150.314     26.000     -5.460
    14     18     42     38    157.333     27.000     -5.460
    15     19     43     39    167.599     28.000     -5.460
    16     20     44     40    154.061     29.000     -5.460
    17     21     45     41    140.444     30.000     -5.460
    18     22     46     42    137.351     31.000     -5.460
    19     23     47     43    106.544     32.000     -5.460
    20     24     48     44     97.081     33.000     -5.460
     1      6     31     26    176.217     15.000     -5.850
     2      7     32     27    159.346     16.000     -5.850
     3      8     33     28    148.218     17.000     -5.850
     4      9     34     29    163.139     18.000     -5.850
     5     10     35     30    184.386     19.000     -5.850
     6     11     36     31    177.732     20.000     -5.850
     7     12     37     32    164.293     21.000     -5.850
     8     13     38     33    142.691     22.000     -5.850
     9     14     39     34    137.734     23.000     -5.850
    10     15     40     35    133.398     24.000     -5.850
    11     16     41     36    136.716     25.000     -5.850
    12     17     42     37    140.429     26.000     -5.850
    13     18     43     38    146.800     27.000     -5.850
    14     19     44     39    158.016     28.000     -5.850
    15     20     45     40    148.798     29.000     -5.850
    16     21     46     41    140.467     30.000     -5.850
    17     22     47     42    132.120     31.000     -5.850
    18     23     48     43    128.109     32.000     -5.850
     1      6     36     31     81.974     17.500     -6.825
     2      7     37     32     67.583     18.500     -6.825
     3      8     38     33     61.329     19.500     -6.825
     4      9     39     34     64.984     20.500     -6.825
     5     10     40     35     79.036     21.500     -6.825
     6     11     41     36     84.875     22.500     -6.825
     7     12     42     37     90.912     23.500     -6.825
     8     13     43     38     99.950     24.500     -6.825
     9     14     44     39    110.605     25.500     -6.825
    10     15     45     40     98.696     26.500     -6.825
    11     16     46     41    113.837     27.500     -6.825
    12     17     47     42    133.399     28.500     -6.825
    13     18     48     43    166.748     29.500     -6.825
     1      7     37     31     81.163     18.000     -7.020
     2      8     38     32     68.442     19.000     -7.020
     3      9     39     33     67.478     20.000     -7.020
     4     10     40     34     78.417     21.000     -7.020
     5     11     41     35     82.290     22.000     -7.020
     6     12     42     36     88.691     23.000     -7.020
     7     13     43     37     94.350     24.000     -7.020
     8     14     44     38    105.384     25.000     -7.020
     9     15     45     39    113.799     26.000     -7.020
    10     16     46     40    112.215     27.000     -7.020
    11     17     47     41    126.126     28.000     -7.020
    12     18     48     42    170.099     29.000     -7.020
     1      7     43     37     56.985     21.000     -8.190
     2      8     44     38     58.877     22.000     -8.190
     3      9     45     39     63.358     23.000     -8.190
     4     10     46     40     71.592     24.000     -8.190
     5     11     47     41     85.976     25.000     -8.190
     6     12     48     42    120.652     26.000     -8.190
     1     10     46     37     70.115     22.500     -8.775
     2     11     47     38     79.276     23.500     -8.775
     3     12     48     39     98.938     24.500     -8.775
