48# Number of electrodes
# x z
0.000     0.000
1.000     0.000
2.000     0.000
3.000     0.000
4.000     0.000
5.000     0.000
6.000     0.000
7.000     0.000
8.000     0.000
9.000     0.000
10.000     0.000
11.000     0.000
12.000     0.000
13.000     0.000
14.000     0.000
15.000     0.000
16.000     0.000
17.000     0.000
18.000     0.000
19.000     0.000
20.000     0.000
21.000     0.000
22.000     0.000
23.000     0.000
24.000     0.000
25.000     0.000
26.000     0.000
27.000     0.000
28.000     0.000
29.000     0.000
30.000     0.000
31.000     0.000
32.000     0.000
33.000     0.000
34.000     0.000
35.000     0.000
36.000     0.000
37.000     0.000
38.000     0.000
39.000     0.000
40.000     0.000
41.000     0.000
42.000     0.000
43.000     0.000
44.000     0.000
45.000     0.000
46.000     0.000
47.000     0.000
909# Number of data
# a   b   m   n      rhoa      x      z
     1      4      2      3   1100.218      1.500     -0.330
     2      5      3      4   1357.610      2.500     -0.330
     3      6      4      5   1701.299      3.500     -0.330
     4      7      5      6   1744.653      4.500     -0.330
     5      8      6      7   2123.692      5.500     -0.330
     6      9      7      8   2069.413      6.500     -0.330
     7     10      8      9   2962.439      7.500     -0.330
     8     11      9     10   4246.721      8.500     -0.330
     9     12     10     11   3983.795      9.500     -0.330
    10     13     11     12   5272.873     10.500     -0.330
    11     14     12     13   4370.555     11.500     -0.330
    12     15     13     14   4819.317     12.500     -0.330
    13     16     14     15   4906.647     13.500     -0.330
    14     17     15     16   4962.635     14.500     -0.330
    15     18     16     17   5324.068     15.500     -0.330
    16     19     17     18   4868.848     16.500     -0.330
    17     20     18     19   4228.227     17.500     -0.330
    18     21     19     20   3959.845     18.500     -0.330
    19     22     20     21   2999.398     19.500     -0.330
    20     23     21     22   2932.070     20.500     -0.330
    21     24     22     23   2099.581     21.500     -0.330
    22     25     23     24   2398.440     22.500     -0.330
    23     26     24     25   2480.785     23.500     -0.330
    24     27     25     26   2370.612     24.500     -0.330
    25     28     26     27   3516.071     25.500     -0.330
    26     29     27     28   3286.998     26.500     -0.330
    27     30     28     29   3293.932     27.500     -0.330
    28     31     29     30   3541.656     28.500     -0.330
    29     32     30     31   2917.405     29.500     -0.330
    30     33     31     32   2578.608     30.500     -0.330
    31     34     32     33   2271.237     31.500     -0.330
    32     35     33     34   1763.379     32.500     -0.330
    33     36     34     35   1516.672     33.500     -0.330
    34     37     35     36   1398.282     34.500     -0.330
    35     38     36     37   1286.890     35.500     -0.330
    36     39     37     38   1207.045     36.500     -0.330
    37     40     38     39   1012.074     37.500     -0.330
    38     41     39     40   1395.504     38.500     -0.330
    39     42     40     41   1092.970     39.500     -0.330
    40     43     41     42   1592.887     40.500     -0.330
    41     44     42     43   1634.682     41.500     -0.330
    42     45     43     44   2330.381     42.500     -0.330
    43     46     44     45   2428.299     43.500     -0.330
    44     47     45     46   3950.012     44.500     -0.330
    45     48     46     47   4603.565     45.500     -0.330
     1      7      3      5   1453.263      3.000     -0.660
     2      8      4      6   1921.306      4.000     -0.660
     3      9      5      7   2122.544      5.000     -0.660
     4     10      6      8   2102.413      6.000     -0.660
     5     11      7      9   2565.720      7.000     -0.660
     6     12      8     10   3491.748      8.000     -0.660
     7     13      9     11   3679.480      9.000     -0.660
     8     14     10     12   3670.323     10.000     -0.660
     9     15     11     13   4233.159     11.000     -0.660
    10     16     12     14   4499.302     12.000     -0.660
    11     17     13     15   4334.486     13.000     -0.660
    12     18     14     16   4295.566     14.000     -0.660
    13     19     15     17   4656.357     15.000     -0.660
    14     20     16     18   4478.222     16.000     -0.660
    15     21     17     19   4231.229     17.000     -0.660
    16     22     18     20   3832.189     18.000     -0.660
    17     23     19     21   3568.415     19.000     -0.660
    18     24     20     22   3228.110     20.000     -0.660
    19     25     21     23   2996.579     21.000     -0.660
    20     26     22     24   2958.243     22.000     -0.660
    21     27     23     25   2765.891     23.000     -0.660
    22     28     24     26   2605.021     24.000     -0.660
    23     29     25     27   2916.851     25.000     -0.660
    24     30     26     28   3176.349     26.000     -0.660
    25     31     27     29   2752.339     27.000     -0.660
    26     32     28     30   2643.736     28.000     -0.660
    27     33     29     31   2680.872     29.000     -0.660
    28     34     30     32   2398.341     30.000     -0.660
    29     35     31     33   2143.083     31.000     -0.660
    30     36     32     34   1913.765     32.000     -0.660
    31     37     33     35   1654.632     33.000     -0.660
    32     38     34     36   1547.012     34.000     -0.660
    33     39     35     37   1425.601     35.000     -0.660
    34     40     36     38   1134.283     36.000     -0.660
    35     41     37     39   1014.065     37.000     -0.660
    36     42     38     40   1228.285     38.000     -0.660
    37     43     39     41   1361.249     39.000     -0.660
    38     44     40     42   1366.421     40.000     -0.660
    39     45     41     43   1502.530     41.000     -0.660
    40     46     42     44   1895.652     42.000     -0.660
    41     47     43     45   2257.775     43.000     -0.660
    42     48     44     46   3148.097     44.000     -0.660
     1     10      4      7   1719.957      4.500     -0.990
     2     11      5      8   1672.718      5.500     -0.990
     3     12      6      9   1921.565      6.500     -0.990
     4     13      7     10   2459.594      7.500     -0.990
     5     14      8     11   2984.122      8.500     -0.990
     6     15      9     12   3549.138      9.500     -0.990
     7     16     10     13   3637.723     10.500     -0.990
     8     17     11     14   3297.627     11.500     -0.990
     9     18     12     15   3207.506     12.500     -0.990
    10     19     13     16   3479.412     13.500     -0.990
    11     20     14     17   3492.149     14.500     -0.990
    12     21     15     18   3767.177     15.500     -0.990
    13     22     16     19   3800.211     16.500     -0.990
    14     23     17     20   3563.182     17.500     -0.990
    15     24     18     21   3300.510     18.500     -0.990
    16     25     19     22   3207.893     19.500     -0.990
    17     26     20     23   2979.169     20.500     -0.990
    18     27     21     24   2822.097     21.500     -0.990
    19     28     22     25   2548.413     22.500     -0.990
    20     29     23     26   2531.953     23.500     -0.990
    21     30     24     27   2573.519     24.500     -0.990
    22     31     25     28   2591.654     25.500     -0.990
    23     32     26     29   2536.385     26.500     -0.990
    24     33     27     30   2317.096     27.500     -0.990
    25     34     28     31   2116.498     28.500     -0.990
    26     35     29     32   1924.246     29.500     -0.990
    27     36     30     33   1816.179     30.500     -0.990
    28     37     31     34   1653.826     31.500     -0.990
    29     38     32     35   1518.119     32.500     -0.990
    30     39     33     36   1482.706     33.500     -0.990
    31     40     34     37   1351.033     34.500     -0.990
    32     41     35     38   1210.996     35.500     -0.990
    33     42     36     39   1044.671     36.500     -0.990
    34     43     37     40   1104.511     37.500     -0.990
    35     44     38     41   1127.211     38.500     -0.990
    36     45     39     42   1347.333     39.500     -0.990
    37     46     40     43   1366.219     40.500     -0.990
    38     47     41     44   1629.343     41.500     -0.990
    39     48     42     45   1787.486     42.500     -0.990
     1     13      5      9   1423.572      6.000     -1.320
     2     14      6     10   1850.539      7.000     -1.320
     3     15      7     11   2165.758      8.000     -1.320
     4     16      8     12   2577.241      9.000     -1.320
     5     17      9     13   2718.613     10.000     -1.320
     6     18     10     14   2694.874     11.000     -1.320
     7     19     11     15   2528.789     12.000     -1.320
     8     20     12     16   2311.258     13.000     -1.320
     9     21     13     17   2522.770     14.000     -1.320
    10     22     14     18   2703.299     15.000     -1.320
    11     23     15     19   2941.788     16.000     -1.320
    12     24     16     20   3066.089     17.000     -1.320
    13     25     17     21   2930.393     18.000     -1.320
    14     26     18     22   2816.249     19.000     -1.320
    15     27     19     23   2432.304     20.000     -1.320
    16     28     20     24   2305.081     21.000     -1.320
    17     29     21     25   2226.901     22.000     -1.320
    18     30     22     26   2035.897     23.000     -1.320
    19     31     23     27   2198.410     24.000     -1.320
    20     32     24     28   2143.082     25.000     -1.320
    21     33     25     29   2060.456     26.000     -1.320
    22     34     26     30   2166.039     27.000     -1.320
    23     35     27     31   1834.369     28.000     -1.320
    24     36     28     32   1662.430     29.000     -1.320
    25     37     29     33   1492.014     30.000     -1.320
    26     38     30     34   1323.317     31.000     -1.320
    27     39     31     35   1321.065     32.000     -1.320
    28     40     32     36   1224.431     33.000     -1.320
    29     41     33     37   1124.703     34.000     -1.320
    30     42     34     38   1117.494     35.000     -1.320
    31     43     35     39   1058.908     36.000     -1.320
    32     44     36     40   1030.839     37.000     -1.320
    33     45     37     41   1039.731     38.000     -1.320
    34     46     38     42   1123.478     39.000     -1.320
    35     47     39     43   1232.759     40.000     -1.320
    36     48     40     44   1356.615     41.000     -1.320
     1     16      6     11   1575.339      7.500     -1.650
     2     17      7     12   1673.099      8.500     -1.650
     3     18      8     13   1791.584      9.500     -1.650
     4     19      9     14   1844.413     10.500     -1.650
     5     20     10     15   1877.403     11.500     -1.650
     6     21     11     16   1949.877     12.500     -1.650
     7     22     12     17   1885.846     13.500     -1.650
     8     23     13     18   1922.047     14.500     -1.650
     9     24     14     19   1956.078     15.500     -1.650
    10     25     15     20   2265.051     16.500     -1.650
    11     26     16     21   2340.381     17.500     -1.650
    12     27     17     22   2118.211     18.500     -1.650
    13     28     18     23   1955.314     19.500     -1.650
    14     29     19     24   1819.595     20.500     -1.650
    15     30     20     25   1651.349     21.500     -1.650
    16     31     21     26   1632.368     22.500     -1.650
    17     32     22     27   1651.159     23.500     -1.650
    18     33     23     28   1688.816     24.500     -1.650
    19     34     24     29   1685.077     25.500     -1.650
    20     35     25     30   1732.856     26.500     -1.650
    21     36     26     31   1714.979     27.500     -1.650
    22     37     27     32   1492.752     28.500     -1.650
    23     38     28     33   1306.790     29.500     -1.650
    24     39     29     34   1225.891     30.500     -1.650
    25     40     30     35   1059.149     31.500     -1.650
    26     41     31     36    994.284     32.500     -1.650
    27     42     32     37    972.503     33.500     -1.650
    28     43     33     38    912.319     34.500     -1.650
    29     44     34     39    870.668     35.500     -1.650
    30     45     35     40    947.179     36.500     -1.650
    31     46     36     41    933.025     37.500     -1.650
    32     47     37     42    980.298     38.500     -1.650
    33     48     38     43   1019.127     39.500     -1.650
     1     19      7     13   1177.388      9.000     -1.980
     2     20      8     14   1278.448     10.000     -1.980
     3     21      9     15   1357.619     11.000     -1.980
     4     22     10     16   1387.062     12.000     -1.980
     5     23     11     17   1510.800     13.000     -1.980
     6     24     12     18   1505.376     14.000     -1.980
     7     25     13     19   1595.570     15.000     -1.980
     8     26     14     20   1547.898     16.000     -1.980
     9     27     15     21   1462.973     17.000     -1.980
    10     28     16     22   1533.100     18.000     -1.980
    11     29     17     23   1371.200     19.000     -1.980
    12     30     18     24   1322.170     20.000     -1.980
    13     31     19     25   1271.872     21.000     -1.980
    14     32     20     26   1186.272     22.000     -1.980
    15     33     21     27   1206.444     23.000     -1.980
    16     34     22     28   1219.569     24.000     -1.980
    17     35     23     29   1307.093     25.000     -1.980
    18     36     24     30   1335.818     26.000     -1.980
    19     37     25     31   1376.133     27.000     -1.980
    20     38     26     32   1406.547     28.000     -1.980
    21     39     27     33   1233.786     29.000     -1.980
    22     40     28     34   1091.990     30.000     -1.980
    23     41     29     35    971.829     31.000     -1.980
    24     42     30     36    899.559     32.000     -1.980
    25     43     31     37    822.478     33.000     -1.980
    26     44     32     38    741.132     34.000     -1.980
    27     45     33     39    731.142     35.000     -1.980
    28     46     34     40    757.758     36.000     -1.980
    29     47     35     41    760.891     37.000     -1.980
    30     48     36     42    799.497     38.000     -1.980
     1     22      8     15    969.384     10.500     -2.310
     2     23      9     16   1068.469     11.500     -2.310
     3     24     10     17   1128.709     12.500     -2.310
     4     25     11     18   1180.869     13.500     -2.310
     5     26     12     19   1210.728     14.500     -2.310
     6     27     13     20   1154.220     15.500     -2.310
     7     28     14     21   1047.266     16.500     -2.310
     8     29     15     22    953.121     17.500     -2.310
     9     30     16     23    903.534     18.500     -2.310
    10     31     17     24    905.929     19.500     -2.310
    11     32     18     25    840.292     20.500     -2.310
    12     33     19     26    889.906     21.500     -2.310
    13     34     20     27    891.421     22.500     -2.310
    14     35     21     28    907.185     23.500     -2.310
    15     36     22     29    911.581     24.500     -2.310
    16     37     23     30    994.002     25.500     -2.310
    17     38     24     31   1064.689     26.500     -2.310
    18     39     25     32   1112.400     27.500     -2.310
    19     40     26     33   1139.879     28.500     -2.310
    20     41     27     34   1017.359     29.500     -2.310
    21     42     28     35    912.567     30.500     -2.310
    22     43     29     36    849.000     31.500     -2.310
    23     44     30     37    733.014     32.500     -2.310
    24     45     31     38    687.665     33.500     -2.310
    25     46     32     39    608.773     34.500     -2.310
    26     47     33     40    589.187     35.500     -2.310
    27     48     34     41    617.099     36.500     -2.310
     1     25      9     17    885.230     12.000     -2.640
     2     26     10     18    925.698     13.000     -2.640
     3     27     11     19    815.344     14.000     -2.640
     4     28     12     20    787.635     15.000     -2.640
     5     29     13     21    758.029     16.000     -2.640
     6     30     14     22    660.700     17.000     -2.640
     7     31     15     23    641.082     18.000     -2.640
     8     32     16     24    580.444     19.000     -2.640
     9     33     17     25    530.784     20.000     -2.640
    10     34     18     26    547.148     21.000     -2.640
    11     35     19     27    629.746     22.000     -2.640
    12     36     20     28    663.846     23.000     -2.640
    13     37     21     29    672.407     24.000     -2.640
    14     38     22     30    727.331     25.000     -2.640
    15     39     23     31    792.585     26.000     -2.640
    16     40     24     32    820.672     27.000     -2.640
    17     41     25     33    889.025     28.000     -2.640
    18     42     26     34    916.125     29.000     -2.640
    19     43     27     35    840.158     30.000     -2.640
    20     44     28     36    769.945     31.000     -2.640
    21     45     29     37    703.474     32.000     -2.640
    22     46     30     38    626.433     33.000     -2.640
    23     47     31     39    564.504     34.000     -2.640
    24     48     32     40    500.247     35.000     -2.640
     1     28     10     19    606.455     13.500     -2.970
     2     29     11     20    555.370     14.500     -2.970
     3     30     12     21    442.705     15.500     -2.970
     4     31     13     22    478.773     16.500     -2.970
     5     32     14     23    421.274     17.500     -2.970
     6     33     15     24    377.981     18.500     -2.970
     7     34     16     25    423.315     19.500     -2.970
     8     35     17     26    361.228     20.500     -2.970
     9     36     18     27    377.903     21.500     -2.970
    10     37     19     28    454.676     22.500     -2.970
    11     38     20     29    481.684     23.500     -2.970
    12     39     21     30    532.099     24.500     -2.970
    13     40     22     31    563.024     25.500     -2.970
    14     41     23     32    637.649     26.500     -2.970
    15     42     24     33    659.324     27.500     -2.970
    16     43     25     34    694.964     28.500     -2.970
    17     44     26     35    727.206     29.500     -2.970
    18     45     27     36    685.328     30.500     -2.970
    19     46     28     37    629.280     31.500     -2.970
    20     47     29     38    565.216     32.500     -2.970
    21     48     30     39    495.830     33.500     -2.970
     1     31     11     21    366.081     15.000     -3.300
     2     32     12     22    299.508     16.000     -3.300
     3     33     13     23    292.496     17.000     -3.300
     4     34     14     24    300.152     18.000     -3.300
     5     35     15     25    290.222     19.000     -3.300
     6     36     16     26    292.495     20.000     -3.300
     7     37     17     27    309.622     21.000     -3.300
     8     38     18     28    302.759     22.000     -3.300
     9     39     19     29    341.327     23.000     -3.300
    10     40     20     30    386.117     24.000     -3.300
    11     41     21     31    427.431     25.000     -3.300
    12     42     22     32    495.309     26.000     -3.300
    13     43     23     33    501.198     27.000     -3.300
    14     44     24     34    524.893     28.000     -3.300
    15     45     25     35    554.756     29.000     -3.300
    16     46     26     36    566.584     30.000     -3.300
    17     47     27     37    528.570     31.000     -3.300
    18     48     28     38    460.980     32.000     -3.300
     1     34     12     23    179.592     16.500     -3.630
     2     35     13     24    227.216     17.500     -3.630
     3     36     14     25    163.957     18.500     -3.630
     4     37     15     26    231.104     19.500     -3.630
     5     38     16     27    255.717     20.500     -3.630
     6     39     17     28    229.188     21.500     -3.630
     7     40     18     29    258.395     22.500     -3.630
     8     41     19     30    272.914     23.500     -3.630
     9     42     20     31    306.726     24.500     -3.630
    10     43     21     32    313.122     25.500     -3.630
    11     44     22     33    366.537     26.500     -3.630
    12     45     23     34    437.785     27.500     -3.630
    13     46     24     35    405.313     28.500     -3.630
    14     47     25     36    436.914     29.500     -3.630
    15     48     26     37    393.164     30.500     -3.630
     1     37     13     25    177.244     18.000     -3.960
     2     38     14     26    153.067     19.000     -3.960
     3     39     15     27    134.555     20.000     -3.960
     4     40     16     28    219.345     21.000     -3.960
     5     41     17     29    211.332     22.000     -3.960
     6     42     18     30    228.261     23.000     -3.960
     7     43     19     31    248.679     24.000     -3.960
     8     44     20     32    252.911     25.000     -3.960
     9     45     21     33    295.301     26.000     -3.960
    10     46     22     34    303.000     27.000     -3.960
    11     47     23     35    336.789     28.000     -3.960
    12     48     24     36    344.414     29.000     -3.960
     1     40     14     27    134.745     19.500     -4.290
     2     41     15     28    156.518     20.500     -4.290
     3     42     16     29    149.514     21.500     -4.290
     4     43     17     30    196.877     22.500     -4.290
     5     44     18     31    186.277     23.500     -4.290
     6     45     19     32    227.785     24.500     -4.290
     7     46     20     33    219.542     25.500     -4.290
     8     47     21     34    208.296     26.500     -4.290
     9     48     22     35    233.437     27.500     -4.290
     1     43     15     29    140.138     21.000     -4.620
     2     44     16     30    150.919     22.000     -4.620
     3     45     17     31    124.163     23.000     -4.620
     4     46     18     32    190.285     24.000     -4.620
     5     47     19     33    197.870     25.000     -4.620
     6     48     20     34    156.982     26.000     -4.620
     1     46     16     31    135.181     22.500     -4.950
     2     47     17     32    143.365     23.500     -4.950
     3     48     18     33    136.846     24.500     -4.950
     1      2      4      3   1418.181      1.500     -0.585
     2      3      5      4   1263.786      2.500     -0.585
     3      4      6      5   1342.340      3.500     -0.585
     4      5      7      6   2177.652      4.500     -0.585
     5      6      8      7   1793.372      5.500     -0.585
     6      7      9      8   1898.526      6.500     -0.585
     7      8     10      9   2310.736      7.500     -0.585
     8      9     11     10   3827.233      8.500     -0.585
     9     10     12     11   6516.203      9.500     -0.585
    10     11     13     12   4500.045     10.500     -0.585
    11     12     14     13   5219.564     11.500     -0.585
    12     13     15     14   3976.538     12.500     -0.585
    13     14     16     15   4676.373     13.500     -0.585
    14     15     17     16   6352.449     14.500     -0.585
    15     16     18     17   5417.421     15.500     -0.585
    16     17     19     18   4690.228     16.500     -0.585
    17     18     20     19   4764.529     17.500     -0.585
    18     19     21     20   3820.225     18.500     -0.585
    19     20     22     21   3366.934     19.500     -0.585
    20     21     23     22   1971.335     20.500     -0.585
    21     22     24     23   2190.369     21.500     -0.585
    22     23     25     24   1764.080     22.500     -0.585
    23     24     26     25   1955.440     23.500     -0.585
    24     25     27     26   3026.924     24.500     -0.585
    25     26     28     27   2666.434     25.500     -0.585
    26     27     29     28   4015.350     26.500     -0.585
    27     28     30     29   4187.430     27.500     -0.585
    28     29     31     30   3111.379     28.500     -0.585
    29     30     32     31   3367.219     29.500     -0.585
    30     31     33     32   2964.893     30.500     -0.585
    31     32     34     33   2006.492     31.500     -0.585
    32     33     35     34   1690.969     32.500     -0.585
    33     34     36     35   1539.086     33.500     -0.585
    34     35     37     36   1300.209     34.500     -0.585
    35     36     38     37   1177.942     35.500     -0.585
    36     37     39     38   1261.612     36.500     -0.585
    37     38     40     39   1375.120     37.500     -0.585
    38     39     41     40    766.022     38.500     -0.585
    39     40     42     41   1392.061     39.500     -0.585
    40     41     43     42   1272.950     40.500     -0.585
    41     42     44     43   1944.459     41.500     -0.585
    42     43     45     44   1945.633     42.500     -0.585
    43     44     46     45   2884.170     43.500     -0.585
    44     45     47     46   2869.251     44.500     -0.585
    45     46     48     47   5237.200     45.500     -0.585
     1      2      5      4   1188.839      2.000     -0.780
     2      3      6      5   1447.171      3.000     -0.780
     3      4      7      6   1963.933      4.000     -0.780
     4      5      8      7   2015.074      5.000     -0.780
     5      6      9      8   2849.591      6.000     -0.780
     6      7     10      9   2953.638      7.000     -0.780
     7      8     11     10   2774.919      8.000     -0.780
     8      9     12     11   4368.440      9.000     -0.780
     9     10     13     12   5361.662     10.000     -0.780
    10     11     14     13   4543.021     11.000     -0.780
    11     12     15     14   4258.177     12.000     -0.780
    12     13     16     15   5498.777     13.000     -0.780
    13     14     17     16   5862.672     14.000     -0.780
    14     15     18     17   5774.182     15.000     -0.780
    15     16     19     18   5342.552     16.000     -0.780
    16     17     20     19   5004.240     17.000     -0.780
    17     18     21     20   3863.362     18.000     -0.780
    18     19     22     21   3845.070     19.000     -0.780
    19     20     23     22   2676.818     20.000     -0.780
    20     21     24     23   2649.861     21.000     -0.780
    21     22     25     24   2590.451     22.000     -0.780
    22     23     26     25   2057.431     23.000     -0.780
    23     24     27     26   3608.563     24.000     -0.780
    24     25     28     27   2825.055     25.000     -0.780
    25     26     29     28   2849.991     26.000     -0.780
    26     27     30     29   4103.507     27.000     -0.780
    27     28     31     30   3626.802     28.000     -0.780
    28     29     32     31   3313.097     29.000     -0.780
    29     30     33     32   3239.957     30.000     -0.780
    30     31     34     33   2470.351     31.000     -0.780
    31     32     35     34   1992.254     32.000     -0.780
    32     33     36     35   1705.247     33.000     -0.780
    33     34     37     36   1348.242     34.000     -0.780
    34     35     38     37   1210.727     35.000     -0.780
    35     36     39     38   1255.011     36.000     -0.780
    36     37     40     39   1482.395     37.000     -0.780
    37     38     41     40    995.146     38.000     -0.780
    38     39     42     41    884.340     39.000     -0.780
    39     40     43     42   1481.065     40.000     -0.780
    40     41     44     43   1618.785     41.000     -0.780
    41     42     45     44   1976.762     42.000     -0.780
    42     43     46     45   2318.325     43.000     -0.780
    43     44     47     46   2893.803     44.000     -0.780
    44     45     48     47   3489.333     45.000     -0.780
     1      2      6      5   1328.430      2.500     -0.975
     2      3      7      6   1768.009      3.500     -0.975
     3      4      8      7   1651.482      4.500     -0.975
     4      5      9      8   2920.851      5.500     -0.975
     5      6     10      9   3594.412      6.500     -0.975
     6      7     11     10   3489.785      7.500     -0.975
     7      8     12     11   3021.748      8.500     -0.975
     8      9     13     12   3792.386      9.500     -0.975
     9     10     14     13   5087.993     10.500     -0.975
    10     11     15     14   4493.804     11.500     -0.975
    11     12     16     15   5365.739     12.500     -0.975
    12     13     17     16   6087.011     13.500     -0.975
    13     14     18     17   5365.181     14.500     -0.975
    14     15     19     18   5236.421     15.500     -0.975
    15     16     20     19   5286.326     16.500     -0.975
    16     17     21     20   4321.889     17.500     -0.975
    17     18     22     21   4185.804     18.500     -0.975
    18     19     23     22   3280.719     19.500     -0.975
    19     20     24     23   3359.742     20.500     -0.975
    20     21     25     24   2865.211     21.500     -0.975
    21     22     26     25   2795.147     22.500     -0.975
    22     23     27     26   3342.249     23.500     -0.975
    23     24     28     27   3375.547     24.500     -0.975
    24     25     29     28   2864.583     25.500     -0.975
    25     26     30     29   2986.317     26.500     -0.975
    26     27     31     30   3643.471     27.500     -0.975
    27     28     32     31   3248.904     28.500     -0.975
    28     29     33     32   2948.477     29.500     -0.975
    29     30     34     33   2718.912     30.500     -0.975
    30     31     35     34   2341.725     31.500     -0.975
    31     32     36     35   1871.838     32.500     -0.975
    32     33     37     36   1488.608     33.500     -0.975
    33     34     38     37   1196.611     34.500     -0.975
    34     35     39     38   1148.054     35.500     -0.975
    35     36     40     39   1550.657     36.500     -0.975
    36     37     41     40   1063.650     37.500     -0.975
    37     38     42     41   1025.699     38.500     -0.975
    38     39     43     42    870.414     39.500     -0.975
    39     40     44     43   1659.068     40.500     -0.975
    40     41     45     44   1457.195     41.500     -0.975
    41     42     46     45   2142.813     42.500     -0.975
    42     43     47     46   2230.750     43.500     -0.975
    43     44     48     47   3323.277     44.500     -0.975
     1      2      7      6   1531.794      3.000     -1.170
     2      3      8      7   1433.589      4.000     -1.170
     3      4      9      8   2156.500      5.000     -1.170
     4      5     10      9   3494.317      6.000     -1.170
     5      6     11     10   3845.052      7.000     -1.170
     6      7     12     11   3367.165      8.000     -1.170
     7      8     13     12   2432.235      9.000     -1.170
     8      9     14     13   4129.063     10.000     -1.170
     9     10     15     14   4997.889     11.000     -1.170
    10     11     16     15   5020.711     12.000     -1.170
    11     12     17     16   6696.136     13.000     -1.170
    12     13     18     17   6052.709     14.000     -1.170
    13     14     19     18   4960.638     15.000     -1.170
    14     15     20     19   4885.093     16.000     -1.170
    15     16     21     20   4139.276     17.000     -1.170
    16     17     22     21   4254.700     18.000     -1.170
    17     18     23     22   3336.375     19.000     -1.170
    18     19     24     23   3769.327     20.000     -1.170
    19     20     25     24   3313.285     21.000     -1.170
    20     21     26     25   2857.469     22.000     -1.170
    21     22     27     26   4141.757     23.000     -1.170
    22     23     28     27   2878.961     24.000     -1.170
    23     24     29     28   3207.677     25.000     -1.170
    24     25     30     29   2863.057     26.000     -1.170
    25     26     31     30   2670.037     27.000     -1.170
    26     27     32     31   3275.148     28.000     -1.170
    27     28     33     32   2900.159     29.000     -1.170
    28     29     34     33   2297.410     30.000     -1.170
    29     30     35     34   2526.259     31.000     -1.170
    30     31     36     35   2196.268     32.000     -1.170
    31     32     37     36   1618.227     33.000     -1.170
    32     33     38     37   1285.333     34.000     -1.170
    33     34     39     38   1082.113     35.000     -1.170
    34     35     40     39   1329.559     36.000     -1.170
    35     36     41     40   1095.340     37.000     -1.170
    36     37     42     41   1073.568     38.000     -1.170
    37     38     43     42    956.919     39.000     -1.170
    38     39     44     43    989.542     40.000     -1.170
    39     40     45     44   1348.620     41.000     -1.170
    40     41     46     45   1535.475     42.000     -1.170
    41     42     47     46   2066.724     43.000     -1.170
    42     43     48     47   2453.502     44.000     -1.170
     1      2      8      7   1243.194      3.500     -1.365
     2      3      9      8   1917.133      4.500     -1.365
     3      4     10      9   2467.251      5.500     -1.365
     4      5     11     10   3541.906      6.500     -1.365
     5      6     12     11   3879.470      7.500     -1.365
     6      7     13     12   3259.129      8.500     -1.365
     7      8     14     13   2611.257      9.500     -1.365
     8      9     15     14   2776.842     10.500     -1.365
     9     10     16     15   5704.791     11.500     -1.365
    10     11     17     16   5833.161     12.500     -1.365
    11     12     18     17   5310.197     13.500     -1.365
    12     13     19     18   5905.653     14.500     -1.365
    13     14     20     19   4364.876     15.500     -1.365
    14     15     21     20   3766.655     16.500     -1.365
    15     16     22     21   4716.033     17.500     -1.365
    16     17     23     22   3480.311     18.500     -1.365
    17     18     24     23   3633.639     19.500     -1.365
    18     19     25     24   3392.678     20.500     -1.365
    19     20     26     25   3124.456     21.500     -1.365
    20     21     27     26   4012.340     22.500     -1.365
    21     22     28     27   3421.304     23.500     -1.365
    22     23     29     28   2566.510     24.500     -1.365
    23     24     30     29   3073.991     25.500     -1.365
    24     25     31     30   2406.691     26.500     -1.365
    25     26     32     31   2343.552     27.500     -1.365
    26     27     33     32   2813.638     28.500     -1.365
    27     28     34     33   2184.803     29.500     -1.365
    28     29     35     34   2042.083     30.500     -1.365
    29     30     36     35   2307.197     31.500     -1.365
    30     31     37     36   1738.479     32.500     -1.365
    31     32     38     37   1312.126     33.500     -1.365
    32     33     39     38   1146.196     34.500     -1.365
    33     34     40     39   1254.762     35.500     -1.365
    34     35     41     40    954.313     36.500     -1.365
    35     36     42     41   1104.748     37.500     -1.365
    36     37     43     42    986.121     38.500     -1.365
    37     38     44     43   1027.368     39.500     -1.365
    38     39     45     44    902.114     40.500     -1.365
    39     40     46     45   1647.019     41.500     -1.365
    40     41     47     46   1558.515     42.500     -1.365
    41     42     48     47   2241.730     43.500     -1.365
     1      3      9      7   1530.085      4.000     -1.560
     2      4     10      8   2218.333      5.000     -1.560
     3      5     11      9   3120.289      6.000     -1.560
     4      6     12     10   3701.753      7.000     -1.560
     5      7     13     11   3349.948      8.000     -1.560
     6      8     14     12   2644.599      9.000     -1.560
     7      9     15     13   3187.100     10.000     -1.560
     8     10     16     14   4381.612     11.000     -1.560
     9     11     17     15   5383.496     12.000     -1.560
    10     12     18     16   5800.164     13.000     -1.560
    11     13     19     17   5611.339     14.000     -1.560
    12     14     20     18   4901.392     15.000     -1.560
    13     15     21     19   4309.972     16.000     -1.560
    14     16     22     20   4087.622     17.000     -1.560
    15     17     23     21   4014.768     18.000     -1.560
    16     18     24     22   3493.960     19.000     -1.560
    17     19     25     23   3570.779     20.000     -1.560
    18     20     26     24   3274.098     21.000     -1.560
    19     21     27     25   3378.740     22.000     -1.560
    20     22     28     26   3814.810     23.000     -1.560
    21     23     29     27   2941.135     24.000     -1.560
    22     24     30     28   2909.301     25.000     -1.560
    23     25     31     29   2761.284     26.000     -1.560
    24     26     32     30   2455.511     27.000     -1.560
    25     27     33     31   2771.116     28.000     -1.560
    26     28     34     32   2609.529     29.000     -1.560
    27     29     35     33   2152.980     30.000     -1.560
    28     30     36     34   2244.241     31.000     -1.560
    29     31     37     35   2060.474     32.000     -1.560
    30     32     38     36   1544.366     33.000     -1.560
    31     33     39     37   1235.172     34.000     -1.560
    32     34     40     38   1156.742     35.000     -1.560
    33     35     41     39   1160.226     36.000     -1.560
    34     36     42     40   1041.014     37.000     -1.560
    35     37     43     41   1046.576     38.000     -1.560
    36     38     44     42    995.063     39.000     -1.560
    37     39     45     43    960.858     40.000     -1.560
    38     40     46     44   1257.937     41.000     -1.560
    39     41     47     45   1552.531     42.000     -1.560
    40     42     48     46   1911.269     43.000     -1.560
     1      3     11      9   2183.411      5.000     -1.950
     2      4     12     10   2227.787      6.000     -1.950
     3      5     13     11   2696.242      7.000     -1.950
     4      6     14     12   2511.558      8.000     -1.950
     5      7     15     13   2376.080      9.000     -1.950
     6      8     16     14   2131.066     10.000     -1.950
     7      9     17     15   2785.262     11.000     -1.950
     8     10     18     16   4524.924     12.000     -1.950
     9     11     19     17   3983.999     13.000     -1.950
    10     12     20     18   3919.055     14.000     -1.950
    11     13     21     19   3685.358     15.000     -1.950
    12     14     22     20   3281.884     16.000     -1.950
    13     15     23     21   3008.249     17.000     -1.950
    14     16     24     22   2961.091     18.000     -1.950
    15     17     25     23   3306.407     19.000     -1.950
    16     18     26     24   3140.994     20.000     -1.950
    17     19     27     25   3529.069     21.000     -1.950
    18     20     28     26   3874.860     22.000     -1.950
    19     21     29     27   3029.612     23.000     -1.950
    20     22     30     28   2716.280     24.000     -1.950
    21     23     31     29   2275.480     25.000     -1.950
    22     24     32     30   2118.559     26.000     -1.950
    23     25     33     31   1945.276     27.000     -1.950
    24     26     34     32   1632.685     28.000     -1.950
    25     27     35     33   1721.139     29.000     -1.950
    26     28     36     34   1735.044     30.000     -1.950
    27     29     37     35   1510.433     31.000     -1.950
    28     30     38     36   1453.918     32.000     -1.950
    29     31     39     37   1324.988     33.000     -1.950
    30     32     40     38   1208.610     34.000     -1.950
    31     33     41     39   1101.956     35.000     -1.950
    32     34     42     40    895.858     36.000     -1.950
    33     35     43     41    878.105     37.000     -1.950
    34     36     44     42    929.229     38.000     -1.950
    35     37     45     43    977.577     39.000     -1.950
    36     38     46     44    920.255     40.000     -1.950
    37     39     47     45    991.095     41.000     -1.950
    38     40     48     46   1346.634     42.000     -1.950
     1      3     13     11   1056.423      6.000     -2.340
     2      4     14     12   1516.752      7.000     -2.340
     3      5     15     13   1392.227      8.000     -2.340
     4      6     16     14   1585.215      9.000     -2.340
     5      7     17     15   2170.021     10.000     -2.340
     6      8     18     16   1934.922     11.000     -2.340
     7      9     19     17   1696.098     12.000     -2.340
     8     10     20     18   1931.152     13.000     -2.340
     9     11     21     19   2626.467     14.000     -2.340
    10     12     22     20   2440.958     15.000     -2.340
    11     13     23     21   2516.197     16.000     -2.340
    12     14     24     22   2087.294     17.000     -2.340
    13     15     25     23   2449.025     18.000     -2.340
    14     16     26     24   2333.658     19.000     -2.340
    15     17     27     25   3070.223     20.000     -2.340
    16     18     28     26   3514.070     21.000     -2.340
    17     19     29     27   2929.621     22.000     -2.340
    18     20     30     28   2554.613     23.000     -2.340
    19     21     31     29   2141.777     24.000     -2.340
    20     22     32     30   1808.042     25.000     -2.340
    21     23     33     31   1416.808     26.000     -2.340
    22     24     34     32   1257.097     27.000     -2.340
    23     25     35     33   1066.169     28.000     -2.340
    24     26     36     34   1008.435     29.000     -2.340
    25     27     37     35   1103.785     30.000     -2.340
    26     28     38     36    997.323     31.000     -2.340
    27     29     39     37    848.471     32.000     -2.340
    28     30     40     38   1078.934     33.000     -2.340
    29     31     41     39   1081.000     34.000     -2.340
    30     32     42     40    869.575     35.000     -2.340
    31     33     43     41    836.325     36.000     -2.340
    32     34     44     42    844.445     37.000     -2.340
    33     35     45     43    793.934     38.000     -2.340
    34     36     46     44    849.776     39.000     -2.340
    35     37     47     45    941.303     40.000     -2.340
    36     38     48     46    959.750     41.000     -2.340
     1      3     15     13   1611.153      7.000     -2.730
     2      4     16     14   1300.762      8.000     -2.730
     3      5     17     15   1680.526      9.000     -2.730
     4      6     18     16   1202.340     10.000     -2.730
     5      7     19     17   1424.921     11.000     -2.730
     6      8     20     18   1046.785     12.000     -2.730
     7      9     21     19    964.703     13.000     -2.730
     8     10     22     20   1418.495     14.000     -2.730
     9     11     23     21   1249.854     15.000     -2.730
    10     12     24     22   1930.634     16.000     -2.730
    11     13     25     23   1611.481     17.000     -2.730
    12     14     26     24   1593.180     18.000     -2.730
    13     15     27     25   2344.010     19.000     -2.730
    14     16     28     26   2604.249     20.000     -2.730
    15     17     29     27   2443.986     21.000     -2.730
    16     18     30     28   2217.658     22.000     -2.730
    17     19     31     29   1970.917     23.000     -2.730
    18     20     32     30   1614.067     24.000     -2.730
    19     21     33     31   1249.656     25.000     -2.730
    20     22     34     32    990.908     26.000     -2.730
    21     23     35     33    739.945     27.000     -2.730
    22     24     36     34    721.462     28.000     -2.730
    23     25     37     35    639.562     29.000     -2.730
    24     26     38     36    517.021     30.000     -2.730
    25     27     39     37    633.715     31.000     -2.730
    26     28     40     38    646.738     32.000     -2.730
    27     29     41     39    689.040     33.000     -2.730
    28     30     42     40    678.550     34.000     -2.730
    29     31     43     41    894.376     35.000     -2.730
    30     32     44     42    754.129     36.000     -2.730
    31     33     45     43    709.769     37.000     -2.730
    32     34     46     44    837.087     38.000     -2.730
    33     35     47     45    748.083     39.000     -2.730
    34     36     48     46    657.827     40.000     -2.730
     1      4     16     13   1083.350      7.500     -2.925
     2      5     17     14   1328.993      8.500     -2.925
     3      6     18     15   1309.158      9.500     -2.925
     4      7     19     16   1464.060     10.500     -2.925
     5      8     20     17   1135.719     11.500     -2.925
     6      9     21     18    927.800     12.500     -2.925
     7     10     22     19   1440.442     13.500     -2.925
     8     11     23     20   1471.594     14.500     -2.925
     9     12     24     21   1450.903     15.500     -2.925
    10     13     25     22   1672.896     16.500     -2.925
    11     14     26     23   1858.721     17.500     -2.925
    12     15     27     24   1907.404     18.500     -2.925
    13     16     28     25   2405.857     19.500     -2.925
    14     17     29     26   2705.509     20.500     -2.925
    15     18     30     27   2418.898     21.500     -2.925
    16     19     31     28   2165.017     22.500     -2.925
    17     20     32     29   1865.637     23.500     -2.925
    18     21     33     30   1475.773     24.500     -2.925
    19     22     34     31   1196.898     25.500     -2.925
    20     23     35     32    904.185     26.500     -2.925
    21     24     36     33    800.712     27.500     -2.925
    22     25     37     34    704.393     28.500     -2.925
    23     26     38     35    642.560     29.500     -2.925
    24     27     39     36    652.915     30.500     -2.925
    25     28     40     37    650.327     31.500     -2.925
    26     29     41     38    704.461     32.500     -2.925
    27     30     42     39    781.576     33.500     -2.925
    28     31     43     40    751.266     34.500     -2.925
    29     32     44     41    933.236     35.500     -2.925
    30     33     45     42    776.713     36.500     -2.925
    31     34     46     43    754.359     37.500     -2.925
    32     35     47     44    721.811     38.500     -2.925
    33     36     48     45    919.091     39.500     -2.925
     1      4     19     16    816.684      9.000     -3.510
     2      5     20     17    743.566     10.000     -3.510
     3      6     21     18    860.850     11.000     -3.510
     4      7     22     19    668.069     12.000     -3.510
     5      8     23     20    453.968     13.000     -3.510
     6      9     24     21    821.562     14.000     -3.510
     7     10     25     22    894.849     15.000     -3.510
     8     11     26     23   1186.720     16.000     -3.510
     9     12     27     24   1466.093     17.000     -3.510
    10     13     28     25   1182.343     18.000     -3.510
    11     14     29     26   1494.888     19.000     -3.510
    12     15     30     27   1337.841     20.000     -3.510
    13     16     31     28   1372.290     21.000     -3.510
    14     17     32     29   1339.469     22.000     -3.510
    15     18     33     30   1146.027     23.000     -3.510
    16     19     34     31    941.129     24.000     -3.510
    17     20     35     32    717.739     25.000     -3.510
    18     21     36     33    562.422     26.000     -3.510
    19     22     37     34    471.141     27.000     -3.510
    20     23     38     35    370.496     28.000     -3.510
    21     24     39     36    329.577     29.000     -3.510
    22     25     40     37    303.992     30.000     -3.510
    23     26     41     38    354.427     31.000     -3.510
    24     27     42     39    420.677     32.000     -3.510
    25     28     43     40    539.101     33.000     -3.510
    26     29     44     41    470.628     34.000     -3.510
    27     30     45     42    685.506     35.000     -3.510
    28     31     46     43   1016.825     36.000     -3.510
    29     32     47     44    905.953     37.000     -3.510
    30     33     48     45    691.557     38.000     -3.510
     1      4     22     19    460.383     10.500     -4.095
     2      5     23     20    248.972     11.500     -4.095
     3      6     24     21    461.874     12.500     -4.095
     4      7     25     22    269.824     13.500     -4.095
     5      8     26     23    406.567     14.500     -4.095
     6      9     27     24    518.848     15.500     -4.095
     7     10     28     25    904.238     16.500     -4.095
     8     11     29     26    946.058     17.500     -4.095
     9     12     30     27    852.303     18.500     -4.095
    10     13     31     28    697.609     19.500     -4.095
    11     14     32     29    741.033     20.500     -4.095
    12     15     33     30    632.909     21.500     -4.095
    13     16     34     31    588.753     22.500     -4.095
    14     17     35     32    468.418     23.500     -4.095
    15     18     36     33    428.497     24.500     -4.095
    16     19     37     34    365.361     25.500     -4.095
    17     20     38     35    297.177     26.500     -4.095
    18     21     39     36    228.974     27.500     -4.095
    19     22     40     37    218.761     28.500     -4.095
    20     23     41     38    193.823     29.500     -4.095
    21     24     42     39    214.803     30.500     -4.095
    22     25     43     40    204.768     31.500     -4.095
    23     26     44     41     18.537     32.500     -4.095
    24     27     45     42     98.790     33.500     -4.095
    25     28     46     43    132.112     34.500     -4.095
    26     29     47     44    356.145     35.500     -4.095
    27     30     48     45   1724.339     36.500     -4.095
     1      5     25     21    212.050     12.000     -4.680
     2      6     26     22    263.239     13.000     -4.680
     3      7     27     23    197.426     14.000     -4.680
     4      8     28     24    365.271     15.000     -4.680
     5      9     29     25    475.461     16.000     -4.680
     6     10     30     26    566.271     17.000     -4.680
     7     11     31     27    554.584     18.000     -4.680
     8     12     32     28    572.695     19.000     -4.680
     9     13     33     29    488.068     20.000     -4.680
    10     14     34     30    459.115     21.000     -4.680
    11     15     35     31    394.695     22.000     -4.680
    12     16     36     32    314.818     23.000     -4.680
    13     17     37     33    314.305     24.000     -4.680
    14     18     38     34    276.365     25.000     -4.680
    15     19     39     35    243.853     26.000     -4.680
    16     20     40     36    216.242     27.000     -4.680
    17     21     41     37    185.103     28.000     -4.680
    18     22     42     38    178.196     29.000     -4.680
    19     23     43     39    164.760     30.000     -4.680
    20     24     44     40    132.716     31.000     -4.680
    21     25     45     41    112.992     32.000     -4.680
    22     26     46     42   -116.029     33.000     -4.680
    23     27     47     43    -36.631     34.000     -4.680
    24     28     48     44   -269.398     35.000     -4.680
     1      5     29     25    178.324     14.000     -5.460
     2      6     30     26    221.280     15.000     -5.460
     3      7     31     27    165.187     16.000     -5.460
     4      8     32     28    186.483     17.000     -5.460
     5      9     33     29    193.724     18.000     -5.460
     6     10     34     30    212.408     19.000     -5.460
     7     11     35     31    224.046     20.000     -5.460
     8     12     36     32    182.034     21.000     -5.460
     9     13     37     33    164.564     22.000     -5.460
    10     14     38     34    148.229     23.000     -5.460
    11     15     39     35    134.691     24.000     -5.460
    12     16     40     36    153.613     25.000     -5.460
    13     17     41     37    135.272     26.000     -5.460
    14     18     42     38    149.971     27.000     -5.460
    15     19     43     39    151.765     28.000     -5.460
    16     20     44     40    126.115     29.000     -5.460
    17     21     45     41    128.859     30.000     -5.460
    18     22     46     42     88.457     31.000     -5.460
    19     23     47     43     88.695     32.000     -5.460
    20     24     48     44     20.610     33.000     -5.460
     1      6     31     26    193.909     15.000     -5.850
     2      7     32     27    168.070     16.000     -5.850
     3      8     33     28    148.840     17.000     -5.850
     4      9     34     29    170.464     18.000     -5.850
     5     10     35     30    184.839     19.000     -5.850
     6     11     36     31    183.481     20.000     -5.850
     7     12     37     32    158.148     21.000     -5.850
     8     13     38     33    144.180     22.000     -5.850
     9     14     39     34    138.695     23.000     -5.850
    10     15     40     35    139.505     24.000     -5.850
    11     16     41     36    126.669     25.000     -5.850
    12     17     42     37    134.586     26.000     -5.850
    13     18     43     38    137.319     27.000     -5.850
    14     19     44     39    145.273     28.000     -5.850
    15     20     45     40    122.880     29.000     -5.850
    16     21     46     41    114.775     30.000     -5.850
    17     22     47     42    113.644     31.000     -5.850
    18     23     48     43    127.234     32.000     -5.850
     1      6     36     31     88.490     17.500     -6.825
     2      7     37     32     68.342     18.500     -6.825
     3      8     38     33     65.518     19.500     -6.825
     4      9     39     34     68.764     20.500     -6.825
     5     10     40     35     77.222     21.500     -6.825
     6     11     41     36     80.323     22.500     -6.825
     7     12     42     37     88.240     23.500     -6.825
     8     13     43     38     91.011     24.500     -6.825
     9     14     44     39    104.601     25.500     -6.825
    10     15     45     40     77.024     26.500     -6.825
    11     16     46     41     92.396     27.500     -6.825
    12     17     47     42    128.088     28.500     -6.825
    13     18     48     43    211.445     29.500     -6.825
     1      7     37     31     82.421     18.000     -7.020
     2      8     38     32     67.741     19.000     -7.020
     3      9     39     33     67.135     20.000     -7.020
     4     10     40     34     78.218     21.000     -7.020
     5     11     41     35     83.647     22.000     -7.020
     6     12     42     36     91.677     23.000     -7.020
     7     13     43     37     92.876     24.000     -7.020
     8     14     44     38    103.665     25.000     -7.020
     9     15     45     39    109.071     26.000     -7.020
    10     16     46     40     89.234     27.000     -7.020
    11     17     47     41    121.354     28.000     -7.020
    12     18     48     42    301.925     29.000     -7.020
     1      7     43     37     59.083     21.000     -8.190
     2      8     44     38     62.859     22.000     -8.190
     3      9     45     39     65.274     23.000     -8.190
     4     10     46     40     61.989     24.000     -8.190
     5     11     47     41     52.211     25.000     -8.190
     6     12     48     42    128.133     26.000     -8.190
     1     10     46     37     65.568     22.500     -8.775
     2     11     47     38     76.052     23.500     -8.775
     3     12     48     39    118.667     24.500     -8.775
