48# Number of electrodes
# x z
0.000     0.000
1.000     0.000
2.000     0.000
3.000     0.000
4.000     0.000
5.000     0.000
6.000     0.000
7.000     0.000
8.000     0.000
9.000     0.000
10.000     0.000
11.000     0.000
12.000     0.000
13.000     0.000
14.000     0.000
15.000     0.000
16.000     0.000
17.000     0.000
18.000     0.000
19.000     0.000
20.000     0.000
21.000     0.000
22.000     0.000
23.000     0.000
24.000     0.000
25.000     0.000
26.000     0.000
27.000     0.000
28.000     0.000
29.000     0.000
30.000     0.000
31.000     0.000
32.000     0.000
33.000     0.000
34.000     0.000
35.000     0.000
36.000     0.000
37.000     0.000
38.000     0.000
39.000     0.000
40.000     0.000
41.000     0.000
42.000     0.000
43.000     0.000
44.000     0.000
45.000     0.000
46.000     0.000
47.000     0.000
909# Number of data
# a   b   m   n      rhoa      x      z
     1      4      2      3   1075.279      1.500     -0.330
     2      5      3      4   1327.722      2.500     -0.330
     3      6      4      5   1668.863      3.500     -0.330
     4      7      5      6   1698.409      4.500     -0.330
     5      8      6      7   2076.727      5.500     -0.330
     6      9      7      8   2021.105      6.500     -0.330
     7     10      8      9   2891.171      7.500     -0.330
     8     11      9     10   4141.732      8.500     -0.330
     9     12     10     11   3886.245      9.500     -0.330
    10     13     11     12   5152.879     10.500     -0.330
    11     14     12     13   4203.438     11.500     -0.330
    12     15     13     14   4725.476     12.500     -0.330
    13     16     14     15   4765.105     13.500     -0.330
    14     17     15     16   4837.035     14.500     -0.330
    15     18     16     17   5228.374     15.500     -0.330
    16     19     17     18   4743.469     16.500     -0.330
    17     20     18     19   4168.794     17.500     -0.330
    18     21     19     20   3889.796     18.500     -0.330
    19     22     20     21   2949.723     19.500     -0.330
    20     23     21     22   2870.888     20.500     -0.330
    21     24     22     23   2074.933     21.500     -0.330
    22     25     23     24   2354.228     22.500     -0.330
    23     26     24     25   2429.922     23.500     -0.330
    24     27     25     26   2326.145     24.500     -0.330
    25     28     26     27   3422.997     25.500     -0.330
    26     29     27     28   3200.071     26.500     -0.330
    27     30     28     29   3214.669     27.500     -0.330
    28     31     29     30   3464.708     28.500     -0.330
    29     32     30     31   2865.499     29.500     -0.330
    30     33     31     32   2525.515     30.500     -0.330
    31     34     32     33   2224.805     31.500     -0.330
    32     35     33     34   1718.521     32.500     -0.330
    33     36     34     35   1476.438     33.500     -0.330
    34     37     35     36   1367.462     34.500     -0.330
    35     38     36     37   1254.427     35.500     -0.330
    36     39     37     38   1180.581     36.500     -0.330
    37     40     38     39    989.728     37.500     -0.330
    38     41     39     40   1365.611     38.500     -0.330
    39     42     40     41   1067.083     39.500     -0.330
    40     43     41     42   1567.976     40.500     -0.330
    41     44     42     43   1597.986     41.500     -0.330
    42     45     43     44   2280.112     42.500     -0.330
    43     46     44     45   2383.258     43.500     -0.330
    44     47     45     46   3868.158     44.500     -0.330
    45     48     46     47   4516.542     45.500     -0.330
     1      7      3      5   1428.390      3.000     -0.660
     2      8      4      6   1882.485      4.000     -0.660
     3      9      5      7   2081.971      5.000     -0.660
     4     10      6      8   2071.824      6.000     -0.660
     5     11      7      9   2522.052      7.000     -0.660
     6     12      8     10   3423.461      8.000     -0.660
     7     13      9     11   3632.426      9.000     -0.660
     8     14     10     12   3624.371     10.000     -0.660
     9     15     11     13   4131.930     11.000     -0.660
    10     16     12     14   4413.558     12.000     -0.660
    11     17     13     15   4285.307     13.000     -0.660
    12     18     14     16   4253.052     14.000     -0.660
    13     19     15     17   4571.998     15.000     -0.660
    14     20     16     18   4400.437     16.000     -0.660
    15     21     17     19   4167.732     17.000     -0.660
    16     22     18     20   3797.017     18.000     -0.660
    17     23     19     21   3530.068     19.000     -0.660
    18     24     20     22   3174.454     20.000     -0.660
    19     25     21     23   2956.073     21.000     -0.660
    20     26     22     24   2924.079     22.000     -0.660
    21     27     23     25   2727.690     23.000     -0.660
    22     28     24     26   2570.847     24.000     -0.660
    23     29     25     27   2875.970     25.000     -0.660
    24     30     26     28   3124.634     26.000     -0.660
    25     31     27     29   2706.546     27.000     -0.660
    26     32     28     30   2612.641     28.000     -0.660
    27     33     29     31   2644.729     29.000     -0.660
    28     34     30     32   2365.409     30.000     -0.660
    29     35     31     33   2111.575     31.000     -0.660
    30     36     32     34   1886.921     32.000     -0.660
    31     37     33     35   1626.487     33.000     -0.660
    32     38     34     36   1522.646     34.000     -0.660
    33     39     35     37   1403.994     35.000     -0.660
    34     40     36     38   1116.797     36.000     -0.660
    35     41     37     39    998.560     37.000     -0.660
    36     42     38     40   1207.059     38.000     -0.660
    37     43     39     41   1336.962     39.000     -0.660
    38     44     40     42   1350.791     40.000     -0.660
    39     45     41     43   1485.853     41.000     -0.660
    40     46     42     44   1866.442     42.000     -0.660
    41     47     43     45   2225.249     43.000     -0.660
    42     48     44     46   3100.051     44.000     -0.660
     1     10      4      7   1699.764      4.500     -0.990
     2     11      5      8   1657.046      5.500     -0.990
     3     12      6      9   1901.145      6.500     -0.990
     4     13      7     10   2439.181      7.500     -0.990
     5     14      8     11   2956.388      8.500     -0.990
     6     15      9     12   3509.359      9.500     -0.990
     7     16     10     13   3570.910     10.500     -0.990
     8     17     11     14   3259.112     11.500     -0.990
     9     18     12     15   3177.524     12.500     -0.990
    10     19     13     16   3453.637     13.500     -0.990
    11     20     14     17   3462.554     14.500     -0.990
    12     21     15     18   3730.796     15.500     -0.990
    13     22     16     19   3744.039     16.500     -0.990
    14     23     17     20   3532.648     17.500     -0.990
    15     24     18     21   3277.734     18.500     -0.990
    16     25     19     22   3173.622     19.500     -0.990
    17     26     20     23   2946.485     20.500     -0.990
    18     27     21     24   2790.419     21.500     -0.990
    19     28     22     25   2529.788     22.500     -0.990
    20     29     23     26   2515.605     23.500     -0.990
    21     30     24     27   2549.700     24.500     -0.990
    22     31     25     28   2558.652     25.500     -0.990
    23     32     26     29   2501.199     26.500     -0.990
    24     33     27     30   2292.890     27.500     -0.990
    25     34     28     31   2101.566     28.500     -0.990
    26     35     29     32   1916.922     29.500     -0.990
    27     36     30     33   1802.910     30.500     -0.990
    28     37     31     34   1635.921     31.500     -0.990
    29     38     32     35   1498.190     32.500     -0.990
    30     39     33     36   1466.215     33.500     -0.990
    31     40     34     37   1337.175     34.500     -0.990
    32     41     35     38   1200.616     35.500     -0.990
    33     42     36     39   1033.096     36.500     -0.990
    34     43     37     40   1091.547     37.500     -0.990
    35     44     38     41   1113.012     38.500     -0.990
    36     45     39     42   1336.897     39.500     -0.990
    37     46     40     43   1356.015     40.500     -0.990
    38     47     41     44   1616.753     41.500     -0.990
    39     48     42     45   1766.877     42.500     -0.990
     1     13      5      9   1421.015      6.000     -1.320
     2     14      6     10   1846.950      7.000     -1.320
     3     15      7     11   2159.413      8.000     -1.320
     4     16      8     12   2556.456      9.000     -1.320
     5     17      9     13   2682.275     10.000     -1.320
     6     18     10     14   2670.832     11.000     -1.320
     7     19     11     15   2508.023     12.000     -1.320
     8     20     12     16   2294.683     13.000     -1.320
     9     21     13     17   2507.360     14.000     -1.320
    10     22     14     18   2690.406     15.000     -1.320
    11     23     15     19   2928.590     16.000     -1.320
    12     24     16     20   3046.940     17.000     -1.320
    13     25     17     21   2902.242     18.000     -1.320
    14     26     18     22   2796.956     19.000     -1.320
    15     27     19     23   2418.920     20.000     -1.320
    16     28     20     24   2292.840     21.000     -1.320
    17     29     21     25   2216.868     22.000     -1.320
    18     30     22     26   2029.535     23.000     -1.320
    19     31     23     27   2181.362     24.000     -1.320
    20     32     24     28   2124.470     25.000     -1.320
    21     33     25     29   2041.786     26.000     -1.320
    22     34     26     30   2141.453     27.000     -1.320
    23     35     27     31   1822.543     28.000     -1.320
    24     36     28     32   1657.127     29.000     -1.320
    25     37     29     33   1490.199     30.000     -1.320
    26     38     30     34   1321.904     31.000     -1.320
    27     39     31     35   1311.107     32.000     -1.320
    28     40     32     36   1214.469     33.000     -1.320
    29     41     33     37   1114.859     34.000     -1.320
    30     42     34     38   1107.926     35.000     -1.320
    31     43     35     39   1052.790     36.000     -1.320
    32     44     36     40   1024.269     37.000     -1.320
    33     45     37     41   1032.446     38.000     -1.320
    34     46     38     42   1118.556     39.000     -1.320
    35     47     39     43   1225.614     40.000     -1.320
    36     48     40     44   1347.059     41.000     -1.320
     1     16      6     11   1577.909      7.500     -1.650
     2     17      7     12   1679.724      8.500     -1.650
     3     18      8     13   1779.550      9.500     -1.650
     4     19      9     14   1836.216     10.500     -1.650
     5     20     10     15   1866.216     11.500     -1.650
     6     21     11     16   1933.896     12.500     -1.650
     7     22     12     17   1878.475     13.500     -1.650
     8     23     13     18   1915.258     14.500     -1.650
     9     24     14     19   1956.078     15.500     -1.650
    10     25     15     20   2261.033     16.500     -1.650
    11     26     16     21   2333.524     17.500     -1.650
    12     27     17     22   2123.212     18.500     -1.650
    13     28     18     23   1949.250     19.500     -1.650
    14     29     19     24   1820.610     20.500     -1.650
    15     30     20     25   1651.634     21.500     -1.650
    16     31     21     26   1627.795     22.500     -1.650
    17     32     22     27   1645.572     23.500     -1.650
    18     33     23     28   1676.724     24.500     -1.650
    19     34     24     29   1673.657     25.500     -1.650
    20     35     25     30   1724.578     26.500     -1.650
    21     36     26     31   1704.508     27.500     -1.650
    22     37     27     32   1483.663     28.500     -1.650
    23     38     28     33   1303.887     29.500     -1.650
    24     39     29     34   1226.894     30.500     -1.650
    25     40     30     35   1059.075     31.500     -1.650
    26     41     31     36    993.738     32.500     -1.650
    27     42     32     37    967.554     33.500     -1.650
    28     43     33     38    905.455     34.500     -1.650
    29     44     34     39    864.658     35.500     -1.650
    30     45     35     40    943.393     36.500     -1.650
    31     46     36     41    929.633     37.500     -1.650
    32     47     37     42    977.593     38.500     -1.650
    33     48     38     43   1013.402     39.500     -1.650
     1     19      7     13   1174.936      9.000     -1.980
     2     20      8     14   1274.867     10.000     -1.980
     3     21      9     15   1350.252     11.000     -1.980
     4     22     10     16   1383.986     12.000     -1.980
     5     23     11     17   1504.707     13.000     -1.980
     6     24     12     18   1502.015     14.000     -1.980
     7     25     13     19   1592.908     15.000     -1.980
     8     26     14     20   1548.374     16.000     -1.980
     9     27     15     21   1465.677     17.000     -1.980
    10     28     16     22   1538.132     18.000     -1.980
    11     29     17     23   1389.125     19.000     -1.980
    12     30     18     24   1337.236     20.000     -1.980
    13     31     19     25   1271.006     21.000     -1.980
    14     32     20     26   1188.025     22.000     -1.980
    15     33     21     27   1203.758     23.000     -1.980
    16     34     22     28   1218.248     24.000     -1.980
    17     35     23     29   1302.766     25.000     -1.980
    18     36     24     30   1331.229     26.000     -1.980
    19     37     25     31   1372.507     27.000     -1.980
    20     38     26     32   1400.188     28.000     -1.980
    21     39     27     33   1230.566     29.000     -1.980
    22     40     28     34   1090.172     30.000     -1.980
    23     41     29     35    973.212     31.000     -1.980
    24     42     30     36    900.473     32.000     -1.980
    25     43     31     37    821.522     33.000     -1.980
    26     44     32     38    740.751     34.000     -1.980
    27     45     33     39    728.719     35.000     -1.980
    28     46     34     40    755.135     36.000     -1.980
    29     47     35     41    759.623     37.000     -1.980
    30     48     36     42    797.252     38.000     -1.980
     1     22      8     15    968.543     10.500     -2.310
     2     23      9     16   1067.435     11.500     -2.310
     3     24     10     17   1125.596     12.500     -2.310
     4     25     11     18   1178.094     13.500     -2.310
     5     26     12     19   1209.913     14.500     -2.310
     6     27     13     20   1154.113     15.500     -2.310
     7     28     14     21   1051.176     16.500     -2.310
     8     29     15     22    960.579     17.500     -2.310
     9     30     16     23    912.038     18.500     -2.310
    10     31     17     24    920.024     19.500     -2.310
    11     32     18     25    856.519     20.500     -2.310
    12     33     19     26    893.916     21.500     -2.310
    13     34     20     27    889.993     22.500     -2.310
    14     35     21     28    908.389     23.500     -2.310
    15     36     22     29    911.468     24.500     -2.310
    16     37     23     30    993.546     25.500     -2.310
    17     38     24     31   1063.448     26.500     -2.310
    18     39     25     32   1110.501     27.500     -2.310
    19     40     26     33   1136.721     28.500     -2.310
    20     41     27     34   1016.643     29.500     -2.310
    21     42     28     35    912.364     30.500     -2.310
    22     43     29     36    849.776     31.500     -2.310
    23     44     30     37    734.313     32.500     -2.310
    24     45     31     38    688.067     33.500     -2.310
    25     46     32     39    609.728     34.500     -2.310
    26     47     33     40    589.522     35.500     -2.310
    27     48     34     41    613.319     36.500     -2.310
     1     25      9     17    884.631     12.000     -2.640
     2     26     10     18    924.807     13.000     -2.640
     3     27     11     19    816.496     14.000     -2.640
     4     28     12     20    791.549     15.000     -2.640
     5     29     13     21    762.418     16.000     -2.640
     6     30     14     22    668.461     17.000     -2.640
     7     31     15     23    646.986     18.000     -2.640
     8     32     16     24    587.108     19.000     -2.640
     9     33     17     25    542.039     20.000     -2.640
    10     34     18     26    559.505     21.000     -2.640
    11     35     19     27    637.424     22.000     -2.640
    12     36     20     28    667.441     23.000     -2.640
    13     37     21     29    672.580     24.000     -2.640
    14     38     22     30    728.799     25.000     -2.640
    15     39     23     31    794.406     26.000     -2.640
    16     40     24     32    821.804     27.000     -2.640
    17     41     25     33    889.732     28.000     -2.640
    18     42     26     34    914.466     29.000     -2.640
    19     43     27     35    839.440     30.000     -2.640
    20     44     28     36    772.717     31.000     -2.640
    21     45     29     37    706.311     32.000     -2.640
    22     46     30     38    628.079     33.000     -2.640
    23     47     31     39    564.792     34.000     -2.640
    24     48     32     40    502.678     35.000     -2.640
     1     28     10     19    609.110     13.500     -2.970
     2     29     11     20    560.320     14.500     -2.970
     3     30     12     21    449.620     15.500     -2.970
     4     31     13     22    481.476     16.500     -2.970
     5     32     14     23    426.209     17.500     -2.970
     6     33     15     24    384.836     18.500     -2.970
     7     34     16     25    428.602     19.500     -2.970
     8     35     17     26    370.512     20.500     -2.970
     9     36     18     27    383.730     21.500     -2.970
    10     37     19     28    460.759     22.500     -2.970
    11     38     20     29    488.128     23.500     -2.970
    12     39     21     30    537.950     24.500     -2.970
    13     40     22     31    566.335     25.500     -2.970
    14     41     23     32    638.282     26.500     -2.970
    15     42     24     33    660.582     27.500     -2.970
    16     43     25     34    696.448     28.500     -2.970
    17     44     26     35    726.886     29.500     -2.970
    18     45     27     36    686.797     30.500     -2.970
    19     46     28     37    630.500     31.500     -2.970
    20     47     29     38    569.361     32.500     -2.970
    21     48     30     39    498.902     33.500     -2.970
     1     31     11     21    369.813     15.000     -3.300
     2     32     12     22    304.754     16.000     -3.300
     3     33     13     23    296.318     17.000     -3.300
     4     34     14     24    303.561     18.000     -3.300
     5     35     15     25    295.246     19.000     -3.300
     6     36     16     26    297.408     20.000     -3.300
     7     37     17     27    315.924     21.000     -3.300
     8     38     18     28    309.410     22.000     -3.300
     9     39     19     29    343.127     23.000     -3.300
    10     40     20     30    392.267     24.000     -3.300
    11     41     21     31    434.423     25.000     -3.300
    12     42     22     32    496.596     26.000     -3.300
    13     43     23     33    502.442     27.000     -3.300
    14     44     24     34    527.067     28.000     -3.300
    15     45     25     35    555.419     29.000     -3.300
    16     46     26     36    570.114     30.000     -3.300
    17     47     27     37    532.277     31.000     -3.300
    18     48     28     38    464.862     32.000     -3.300
     1     34     12     23    184.077     16.500     -3.630
     2     35     13     24    229.831     17.500     -3.630
     3     36     14     25    170.101     18.500     -3.630
     4     37     15     26    234.523     19.500     -3.630
     5     38     16     27    260.247     20.500     -3.630
     6     39     17     28    236.781     21.500     -3.630
     7     40     18     29    262.800     22.500     -3.630
     8     41     19     30    276.583     23.500     -3.630
     9     42     20     31    312.051     24.500     -3.630
    10     43     21     32    324.760     25.500     -3.630
    11     44     22     33    370.998     26.500     -3.630
    12     45     23     34    437.757     27.500     -3.630
    13     46     24     35    407.470     28.500     -3.630
    14     47     25     36    439.205     29.500     -3.630
    15     48     26     37    398.597     30.500     -3.630
     1     37     13     25    179.179     18.000     -3.960
     2     38     14     26    158.978     19.000     -3.960
     3     39     15     27    142.811     20.000     -3.960
     4     40     16     28    222.617     21.000     -3.960
     5     41     17     29    215.362     22.000     -3.960
     6     42     18     30    232.150     23.000     -3.960
     7     43     19     31    252.348     24.000     -3.960
     8     44     20     32    257.664     25.000     -3.960
     9     45     21     33    297.782     26.000     -3.960
    10     46     22     34    307.755     27.000     -3.960
    11     47     23     35    337.694     28.000     -3.960
    12     48     24     36    347.059     29.000     -3.960
     1     40     14     27    139.779     19.500     -4.290
     2     41     15     28    160.879     20.500     -4.290
     3     42     16     29    154.513     21.500     -4.290
     4     43     17     30    200.856     22.500     -4.290
     5     44     18     31    192.849     23.500     -4.290
     6     45     19     32    231.732     24.500     -4.290
     7     46     20     33    222.437     25.500     -4.290
     8     47     21     34    213.626     26.500     -4.290
     9     48     22     35    236.066     27.500     -4.290
     1     43     15     29    143.185     21.000     -4.620
     2     44     16     30    154.890     22.000     -4.620
     3     45     17     31    132.830     23.000     -4.620
     4     46     18     32    193.753     24.000     -4.620
     5     47     19     33    200.735     25.000     -4.620
     6     48     20     34    166.235     26.000     -4.620
     1     46     16     31    138.325     22.500     -4.950
     2     47     17     32    149.598     23.500     -4.950
     3     48     18     33    145.548     24.500     -4.950
     1      2      4      3   1386.726      1.500     -0.585
     2      3      5      4   1225.928      2.500     -0.585
     3      4      6      5   1304.906      3.500     -0.585
     4      5      7      6   2131.406      4.500     -0.585
     5      6      8      7   1738.986      5.500     -0.585
     6      7      9      8   1843.232      6.500     -0.585
     7      8     10      9   2252.307      7.500     -0.585
     8      9     11     10   3732.137      8.500     -0.585
     9     10     12     11   6334.881      9.500     -0.585
    10     11     13     12   4341.464     10.500     -0.585
    11     12     14     13   5098.115     11.500     -0.585
    12     13     15     14   3776.331     12.500     -0.585
    13     14     16     15   4565.447     13.500     -0.585
    14     15     17     16   6195.306     14.500     -0.585
    15     16     18     17   5241.036     15.500     -0.585
    16     17     19     18   4637.453     16.500     -0.585
    17     18     20     19   4648.046     17.500     -0.585
    18     19     21     20   3736.907     18.500     -0.585
    19     20     22     21   3307.313     19.500     -0.585
    20     21     23     22   1949.463     20.500     -0.585
    21     22     24     23   2123.444     21.500     -0.585
    22     23     25     24   1733.990     22.500     -0.585
    23     24     26     25   1928.606     23.500     -0.585
    24     25     27     26   2947.875     24.500     -0.585
    25     26     28     27   2583.694     25.500     -0.585
    26     27     29     28   3879.017     26.500     -0.585
    27     28     30     29   4062.400     27.500     -0.585
    28     29     31     30   3051.563     28.500     -0.585
    29     30     32     31   3305.352     29.500     -0.585
    30     31     33     32   2907.535     30.500     -0.585
    31     32     34     33   1947.701     31.500     -0.585
    32     33     35     34   1638.883     32.500     -0.585
    33     34     36     35   1491.736     33.500     -0.585
    34     35     37     36   1259.751     34.500     -0.585
    35     36     38     37   1154.549     35.500     -0.585
    36     37     39     38   1227.487     36.500     -0.585
    37     38     40     39   1338.813     37.500     -0.585
    38     39     41     40    748.772     38.500     -0.585
    39     40     42     41   1369.950     39.500     -0.585
    40     41     43     42   1238.021     40.500     -0.585
    41     42     44     43   1905.767     41.500     -0.585
    42     43     45     44   1900.097     42.500     -0.585
    43     44     46     45   2810.843     43.500     -0.585
    44     45     47     46   2810.313     44.500     -0.585
    45     46     48     47   5123.422     45.500     -0.585
     1      2      5      4   1169.099      2.000     -0.780
     2      3      6      5   1409.097      3.000     -0.780
     3      4      7      6   1924.884      4.000     -0.780
     4      5      8      7   1965.104      5.000     -0.780
     5      6      9      8   2766.109      6.000     -0.780
     6      7     10      9   2881.632      7.000     -0.780
     7      8     11     10   2723.448      8.000     -0.780
     8      9     12     11   4279.582      9.000     -0.780
     9     10     13     12   5203.202     10.000     -0.780
    10     11     14     13   4499.869     11.000     -0.780
    11     12     15     14   4199.246     12.000     -0.780
    12     13     16     15   5262.462     13.000     -0.780
    13     14     17     16   5731.928     14.000     -0.780
    14     15     18     17   5624.435     15.000     -0.780
    15     16     19     18   5274.276     16.000     -0.780
    16     17     20     19   4949.905     17.000     -0.780
    17     18     21     20   3780.822     18.000     -0.780
    18     19     22     21   3776.739     19.000     -0.780
    19     20     23     22   2651.918     20.000     -0.780
    20     21     24     23   2609.538     21.000     -0.780
    21     22     25     24   2529.636     22.000     -0.780
    22     23     26     25   2042.329     23.000     -0.780
    23     24     27     26   3539.181     24.000     -0.780
    24     25     28     27   2755.986     25.000     -0.780
    25     26     29     28   2796.299     26.000     -0.780
    26     27     30     29   4000.943     27.000     -0.780
    27     28     31     30   3554.241     28.000     -0.780
    28     29     32     31   3246.536     29.000     -0.780
    29     30     33     32   3198.589     30.000     -0.780
    30     31     34     33   2421.399     31.000     -0.780
    31     32     35     34   1945.409     32.000     -0.780
    32     33     36     35   1668.421     33.000     -0.780
    33     34     37     36   1318.895     34.000     -0.780
    34     35     38     37   1179.550     35.000     -0.780
    35     36     39     38   1232.144     36.000     -0.780
    36     37     40     39   1447.581     37.000     -0.780
    37     38     41     40    972.317     38.000     -0.780
    38     39     42     41    876.272     39.000     -0.780
    39     40     43     42   1443.934     40.000     -0.780
    40     41     44     43   1578.725     41.000     -0.780
    41     42     45     44   1950.533     42.000     -0.780
    42     43     46     45   2270.834     43.000     -0.780
    43     44     47     46   2837.651     44.000     -0.780
    44     45     48     47   3439.907     45.000     -0.780
     1      2      6      5   1304.285      2.500     -0.975
     2      3      7      6   1732.175      3.500     -0.975
     3      4      8      7   1616.843      4.500     -0.975
     4      5      9      8   2850.346      5.500     -0.975
     5      6     10      9   3506.362      6.500     -0.975
     6      7     11     10   3433.438      7.500     -0.975
     7      8     12     11   2982.515      8.500     -0.975
     8      9     13     12   3716.952      9.500     -0.975
     9     10     14     13   5045.613     10.500     -0.975
    10     11     15     14   4418.958     11.500     -0.975
    11     12     16     15   5342.454     12.500     -0.975
    12     13     17     16   5935.585     13.500     -0.975
    13     14     18     17   5344.771     14.500     -0.975
    14     15     19     18   5182.182     15.500     -0.975
    15     16     20     19   5222.392     16.500     -0.975
    16     17     21     20   4274.327     17.500     -0.975
    17     18     22     21   4094.037     18.500     -0.975
    18     19     23     22   3248.083     19.500     -0.975
    19     20     24     23   3313.884     20.500     -0.975
    20     21     25     24   2821.858     21.500     -0.975
    21     22     26     25   2749.750     22.500     -0.975
    22     23     27     26   3291.226     23.500     -0.975
    23     24     28     27   3315.273     24.500     -0.975
    24     25     29     28   2823.002     25.500     -0.975
    25     26     30     29   2969.006     26.500     -0.975
    26     27     31     30   3585.214     27.500     -0.975
    27     28     32     31   3195.396     28.500     -0.975
    28     29     33     32   2902.883     29.500     -0.975
    29     30     34     33   2688.615     30.500     -0.975
    30     31     35     34   2301.977     31.500     -0.975
    31     32     36     35   1840.003     32.500     -0.975
    32     33     37     36   1463.327     33.500     -0.975
    33     34     38     37   1174.842     34.500     -0.975
    34     35     39     38   1119.031     35.500     -0.975
    35     36     40     39   1526.970     36.500     -0.975
    36     37     41     40   1043.409     37.500     -0.975
    37     38     42     41   1017.372     38.500     -0.975
    38     39     43     42    852.924     39.500     -0.975
    39     40     44     43   1620.345     40.500     -0.975
    40     41     45     44   1425.748     41.500     -0.975
    41     42     46     45   2123.690     42.500     -0.975
    42     43     47     46   2198.416     43.500     -0.975
    43     44     48     47   3267.321     44.500     -0.975
     1      2      7      6   1517.826      3.000     -1.170
     2      3      8      7   1403.151      4.000     -1.170
     3      4      9      8   2109.077      5.000     -1.170
     4      5     10      9   3419.900      6.000     -1.170
     5      6     11     10   3758.086      7.000     -1.170
     6      7     12     11   3337.772      8.000     -1.170
     7      8     13     12   2386.909      9.000     -1.170
     8      9     14     13   4057.386     10.000     -1.170
     9     10     15     14   4930.539     11.000     -1.170
    10     11     16     15   5010.005     12.000     -1.170
    11     12     17     16   6520.149     13.000     -1.170
    12     13     18     17   5783.613     14.000     -1.170
    13     14     19     18   4978.571     15.000     -1.170
    14     15     20     19   4844.103     16.000     -1.170
    15     16     21     20   4068.417     17.000     -1.170
    16     17     22     21   4209.751     18.000     -1.170
    17     18     23     22   3294.480     19.000     -1.170
    18     19     24     23   3715.406     20.000     -1.170
    19     20     25     24   3275.265     21.000     -1.170
    20     21     26     25   2835.056     22.000     -1.170
    21     22     27     26   4041.760     23.000     -1.170
    22     23     28     27   2838.649     24.000     -1.170
    23     24     29     28   3175.980     25.000     -1.170
    24     25     30     29   2849.190     26.000     -1.170
    25     26     31     30   2676.184     27.000     -1.170
    26     27     32     31   3225.361     28.000     -1.170
    27     28     33     32   2854.445     29.000     -1.170
    28     29     34     33   2263.971     30.000     -1.170
    29     30     35     34   2499.591     31.000     -1.170
    30     31     36     35   2183.646     32.000     -1.170
    31     32     37     36   1592.034     33.000     -1.170
    32     33     38     37   1268.250     34.000     -1.170
    33     34     39     38   1065.139     35.000     -1.170
    34     35     40     39   1301.842     36.000     -1.170
    35     36     41     40   1082.662     37.000     -1.170
    36     37     42     41   1066.746     38.000     -1.170
    37     38     43     42    940.045     39.000     -1.170
    38     39     44     43    983.432     40.000     -1.170
    39     40     45     44   1342.607     41.000     -1.170
    40     41     46     45   1520.019     42.000     -1.170
    41     42     47     46   2076.714     43.000     -1.170
    42     43     48     47   2459.358     44.000     -1.170
     1      2      8      7   1230.051      3.500     -1.365
     2      3      9      8   1885.210      4.500     -1.365
     3      4     10      9   2415.347      5.500     -1.365
     4      5     11     10   3491.662      6.500     -1.365
     5      6     12     11   3780.973      7.500     -1.365
     6      7     13     12   3169.758      8.500     -1.365
     7      8     14     13   2576.849      9.500     -1.365
     8      9     15     14   2840.335     10.500     -1.365
     9     10     16     15   5637.906     11.500     -1.365
    10     11     17     16   5707.680     12.500     -1.365
    11     12     18     17   5343.216     13.500     -1.365
    12     13     19     18   5707.251     14.500     -1.365
    13     14     20     19   4355.686     15.500     -1.365
    14     15     21     20   3772.903     16.500     -1.365
    15     16     22     21   4633.005     17.500     -1.365
    16     17     23     22   3448.168     18.500     -1.365
    17     18     24     23   3572.093     19.500     -1.365
    18     19     25     24   3354.941     20.500     -1.365
    19     20     26     25   3108.167     21.500     -1.365
    20     21     27     26   3944.018     22.500     -1.365
    21     22     28     27   3341.417     23.500     -1.365
    22     23     29     28   2550.931     24.500     -1.365
    23     24     30     29   3073.573     25.500     -1.365
    24     25     31     30   2411.207     26.500     -1.365
    25     26     32     31   2340.520     27.500     -1.365
    26     27     33     32   2778.474     28.500     -1.365
    27     28     34     33   2150.688     29.500     -1.365
    28     29     35     34   2006.635     30.500     -1.365
    29     30     36     35   2294.392     31.500     -1.365
    30     31     37     36   1730.714     32.500     -1.365
    31     32     38     37   1302.943     33.500     -1.365
    32     33     39     38   1131.166     34.500     -1.365
    33     34     40     39   1236.767     35.500     -1.365
    34     35     41     40    931.300     36.500     -1.365
    35     36     42     41   1102.614     37.500     -1.365
    36     37     43     42    968.410     38.500     -1.365
    37     38     44     43   1011.277     39.500     -1.365
    38     39     45     44    888.966     40.500     -1.365
    39     40     46     45   1615.679     41.500     -1.365
    40     41     47     46   1524.735     42.500     -1.365
    41     42     48     47   2241.064     43.500     -1.365
     1      3      9      7   1502.774      4.000     -1.560
     2      4     10      8   2174.814      5.000     -1.560
     3      5     11      9   3065.305      6.000     -1.560
     4      6     12     10   3622.245      7.000     -1.560
     5      7     13     11   3292.537      8.000     -1.560
     6      8     14     12   2606.798      9.000     -1.560
     7      9     15     13   3167.273     10.000     -1.560
     8     10     16     14   4351.653     11.000     -1.560
     9     11     17     15   5330.265     12.000     -1.560
    10     12     18     16   5713.063     13.000     -1.560
    11     13     19     17   5468.559     14.000     -1.560
    12     14     20     18   4852.318     15.000     -1.560
    13     15     21     19   4296.360     16.000     -1.560
    14     16     22     20   4030.428     17.000     -1.560
    15     17     23     21   3972.864     18.000     -1.560
    16     18     24     22   3453.072     19.000     -1.560
    17     19     25     23   3522.215     20.000     -1.560
    18     20     26     24   3245.638     21.000     -1.560
    19     21     27     25   3343.111     22.000     -1.560
    20     22     28     26   3733.192     23.000     -1.560
    21     23     29     27   2896.600     24.000     -1.560
    22     24     30     28   2894.002     25.000     -1.560
    23     25     31     29   2759.159     26.000     -1.560
    24     26     32     30   2458.690     27.000     -1.560
    25     27     33     31   2742.484     28.000     -1.560
    26     28     34     32   2569.364     29.000     -1.560
    27     29     35     33   2118.591     30.000     -1.560
    28     30     36     34   2220.870     31.000     -1.560
    29     31     37     35   2050.449     32.000     -1.560
    30     32     38     36   1530.875     33.000     -1.560
    31     33     39     37   1221.248     34.000     -1.560
    32     34     40     38   1141.179     35.000     -1.560
    33     35     41     39   1138.785     36.000     -1.560
    34     36     42     40   1029.275     37.000     -1.560
    35     37     43     41   1038.315     38.000     -1.560
    36     38     44     42    979.128     39.000     -1.560
    37     39     45     43    948.252     40.000     -1.560
    38     40     46     44   1243.575     41.000     -1.560
    39     41     47     45   1532.216     42.000     -1.560
    40     42     48     46   1916.279     43.000     -1.560
     1      3     11      9   2159.018      5.000     -1.950
     2      4     12     10   2208.813      6.000     -1.950
     3      5     13     11   2662.166      7.000     -1.950
     4      6     14     12   2477.491      8.000     -1.950
     5      7     15     13   2364.739      9.000     -1.950
     6      8     16     14   2140.252     10.000     -1.950
     7      9     17     15   2769.496     11.000     -1.950
     8     10     18     16   4509.298     12.000     -1.950
     9     11     19     17   4021.977     13.000     -1.950
    10     12     20     18   3955.412     14.000     -1.950
    11     13     21     19   3643.188     15.000     -1.950
    12     14     22     20   3258.698     16.000     -1.950
    13     15     23     21   2986.786     17.000     -1.950
    14     16     24     22   2955.519     18.000     -1.950
    15     17     25     23   3279.554     19.000     -1.950
    16     18     26     24   3116.151     20.000     -1.950
    17     19     27     25   3501.839     21.000     -1.950
    18     20     28     26   3828.547     22.000     -1.950
    19     21     29     27   2996.973     23.000     -1.950
    20     22     30     28   2691.810     24.000     -1.950
    21     23     31     29   2278.032     25.000     -1.950
    22     24     32     30   2127.846     26.000     -1.950
    23     25     33     31   1945.052     27.000     -1.950
    24     26     34     32   1634.289     28.000     -1.950
    25     27     35     33   1706.632     29.000     -1.950
    26     28     36     34   1719.848     30.000     -1.950
    27     29     37     35   1500.058     31.000     -1.950
    28     30     38     36   1453.967     32.000     -1.950
    29     31     39     37   1318.873     33.000     -1.950
    30     32     40     38   1201.527     34.000     -1.950
    31     33     41     39   1093.067     35.000     -1.950
    32     34     42     40    889.543     36.000     -1.950
    33     35     43     41    872.368     37.000     -1.950
    34     36     44     42    915.478     38.000     -1.950
    35     37     45     43    966.141     39.000     -1.950
    36     38     46     44    909.619     40.000     -1.950
    37     39     47     45    986.491     41.000     -1.950
    38     40     48     46   1325.764     42.000     -1.950
     1      3     13     11   1042.652      6.000     -2.340
     2      4     14     12   1514.870      7.000     -2.340
     3      5     15     13   1415.404      8.000     -2.340
     4      6     16     14   1620.800      9.000     -2.340
     5      7     17     15   2166.075     10.000     -2.340
     6      8     18     16   1935.878     11.000     -2.340
     7      9     19     17   1763.927     12.000     -2.340
     8     10     20     18   2001.099     13.000     -2.340
     9     11     21     19   2654.719     14.000     -2.340
    10     12     22     20   2447.939     15.000     -2.340
    11     13     23     21   2457.869     16.000     -2.340
    12     14     24     22   2081.413     17.000     -2.340
    13     15     25     23   2451.174     18.000     -2.340
    14     16     26     24   2336.810     19.000     -2.340
    15     17     27     25   3059.675     20.000     -2.340
    16     18     28     26   3471.832     21.000     -2.340
    17     19     29     27   2901.822     22.000     -2.340
    18     20     30     28   2553.474     23.000     -2.340
    19     21     31     29   2151.217     24.000     -2.340
    20     22     32     30   1806.217     25.000     -2.340
    21     23     33     31   1418.113     26.000     -2.340
    22     24     34     32   1262.821     27.000     -2.340
    23     25     35     33   1067.143     28.000     -2.340
    24     26     36     34   1016.053     29.000     -2.340
    25     27     37     35   1098.560     30.000     -2.340
    26     28     38     36    983.547     31.000     -2.340
    27     29     39     37    837.872     32.000     -2.340
    28     30     40     38   1074.591     33.000     -2.340
    29     31     41     39   1080.962     34.000     -2.340
    30     32     42     40    875.298     35.000     -2.340
    31     33     43     41    837.599     36.000     -2.340
    32     34     44     42    843.002     37.000     -2.340
    33     35     45     43    795.028     38.000     -2.340
    34     36     46     44    849.246     39.000     -2.340
    35     37     47     45    926.201     40.000     -2.340
    36     38     48     46    964.956     41.000     -2.340
     1      3     15     13   1571.406      7.000     -2.730
     2      4     16     14   1270.398      8.000     -2.730
     3      5     17     15   1673.335      9.000     -2.730
     4      6     18     16   1227.233     10.000     -2.730
     5      7     19     17   1458.409     11.000     -2.730
     6      8     20     18   1082.825     12.000     -2.730
     7      9     21     19    983.440     13.000     -2.730
     8     10     22     20   1467.698     14.000     -2.730
     9     11     23     21   1343.523     15.000     -2.730
    10     12     24     22   1923.047     16.000     -2.730
    11     13     25     23   1595.924     17.000     -2.730
    12     14     26     24   1612.497     18.000     -2.730
    13     15     27     25   2330.736     19.000     -2.730
    14     16     28     26   2592.611     20.000     -2.730
    15     17     29     27   2438.893     21.000     -2.730
    16     18     30     28   2221.999     22.000     -2.730
    17     19     31     29   1985.814     23.000     -2.730
    18     20     32     30   1625.229     24.000     -2.730
    19     21     33     31   1256.121     25.000     -2.730
    20     22     34     32    992.359     26.000     -2.730
    21     23     35     33    741.555     27.000     -2.730
    22     24     36     34    724.592     28.000     -2.730
    23     25     37     35    647.157     29.000     -2.730
    24     26     38     36    529.936     30.000     -2.730
    25     27     39     37    628.745     31.000     -2.730
    26     28     40     38    633.649     32.000     -2.730
    27     29     41     39    686.137     33.000     -2.730
    28     30     42     40    674.367     34.000     -2.730
    29     31     43     41    896.896     35.000     -2.730
    30     32     44     42    745.737     36.000     -2.730
    31     33     45     43    703.910     37.000     -2.730
    32     34     46     44    815.561     38.000     -2.730
    33     35     47     45    750.992     39.000     -2.730
    34     36     48     46    706.333     40.000     -2.730
     1      4     16     13   1090.837      7.500     -2.925
     2      5     17     14   1328.018      8.500     -2.925
     3      6     18     15   1321.697      9.500     -2.925
     4      7     19     16   1485.770     10.500     -2.925
     5      8     20     17   1173.712     11.500     -2.925
     6      9     21     18    993.317     12.500     -2.925
     7     10     22     19   1478.097     13.500     -2.925
     8     11     23     20   1523.093     14.500     -2.925
     9     12     24     21   1489.232     15.500     -2.925
    10     13     25     22   1662.412     16.500     -2.925
    11     14     26     23   1852.800     17.500     -2.925
    12     15     27     24   1920.755     18.500     -2.925
    13     16     28     25   2398.529     19.500     -2.925
    14     17     29     26   2689.489     20.500     -2.925
    15     18     30     27   2407.803     21.500     -2.925
    16     19     31     28   2167.318     22.500     -2.925
    17     20     32     29   1874.362     23.500     -2.925
    18     21     33     30   1482.491     24.500     -2.925
    19     22     34     31   1194.879     25.500     -2.925
    20     23     35     32    906.928     26.500     -2.925
    21     24     36     33    805.372     27.500     -2.925
    22     25     37     34    709.179     28.500     -2.925
    23     26     38     35    650.364     29.500     -2.925
    24     27     39     36    656.296     30.500     -2.925
    25     28     40     37    643.094     31.500     -2.925
    26     29     41     38    702.527     32.500     -2.925
    27     30     42     39    785.687     33.500     -2.925
    28     31     43     40    750.921     34.500     -2.925
    29     32     44     41    927.453     35.500     -2.925
    30     33     45     42    771.991     36.500     -2.925
    31     34     46     43    768.315     37.500     -2.925
    32     35     47     44    723.376     38.500     -2.925
    33     36     48     45    900.194     39.500     -2.925
     1      4     19     16    822.609      9.000     -3.510
     2      5     20     17    750.824     10.000     -3.510
     3      6     21     18    853.257     11.000     -3.510
     4      7     22     19    672.827     12.000     -3.510
     5      8     23     20    477.384     13.000     -3.510
     6      9     24     21    832.148     14.000     -3.510
     7     10     25     22    898.751     15.000     -3.510
     8     11     26     23   1187.873     16.000     -3.510
     9     12     27     24   1453.754     17.000     -3.510
    10     13     28     25   1194.433     18.000     -3.510
    11     14     29     26   1494.130     19.000     -3.510
    12     15     30     27   1347.250     20.000     -3.510
    13     16     31     28   1383.713     21.000     -3.510
    14     17     32     29   1352.023     22.000     -3.510
    15     18     33     30   1153.933     23.000     -3.510
    16     19     34     31    947.779     24.000     -3.510
    17     20     35     32    729.128     25.000     -3.510
    18     21     36     33    564.039     26.000     -3.510
    19     22     37     34    472.510     27.000     -3.510
    20     23     38     35    371.774     28.000     -3.510
    21     24     39     36    330.459     29.000     -3.510
    22     25     40     37    308.328     30.000     -3.510
    23     26     41     38    357.401     31.000     -3.510
    24     27     42     39    425.244     32.000     -3.510
    25     28     43     40    543.987     33.000     -3.510
    26     29     44     41    466.113     34.000     -3.510
    27     30     45     42    679.014     35.000     -3.510
    28     31     46     43    978.982     36.000     -3.510
    29     32     47     44    876.770     37.000     -3.510
    30     33     48     45    665.771     38.000     -3.510
     1      4     22     19    465.157     10.500     -4.095
     2      5     23     20    259.762     11.500     -4.095
     3      6     24     21    443.788     12.500     -4.095
     4      7     25     22    280.346     13.500     -4.095
     5      8     26     23    408.471     14.500     -4.095
     6      9     27     24    506.873     15.500     -4.095
     7     10     28     25    893.154     16.500     -4.095
     8     11     29     26    934.519     17.500     -4.095
     9     12     30     27    852.363     18.500     -4.095
    10     13     31     28    701.845     19.500     -4.095
    11     14     32     29    752.017     20.500     -4.095
    12     15     33     30    643.003     21.500     -4.095
    13     16     34     31    598.689     22.500     -4.095
    14     17     35     32    480.154     23.500     -4.095
    15     18     36     33    432.119     24.500     -4.095
    16     19     37     34    368.329     25.500     -4.095
    17     20     38     35    298.048     26.500     -4.095
    18     21     39     36    230.003     27.500     -4.095
    19     22     40     37    218.504     28.500     -4.095
    20     23     41     38    195.505     29.500     -4.095
    21     24     42     39    215.377     30.500     -4.095
    22     25     43     40    207.309     31.500     -4.095
    23     26     44     41     25.108     32.500     -4.095
    24     27     45     42    108.151     33.500     -4.095
    25     28     46     43     81.167     34.500     -4.095
    26     29     47     44    368.183     35.500     -4.095
    27     30     48     45   1770.732     36.500     -4.095
     1      5     25     21    225.447     12.000     -4.680
     2      6     26     22    264.823     13.000     -4.680
     3      7     27     23    202.562     14.000     -4.680
     4      8     28     24    362.840     15.000     -4.680
     5      9     29     25    470.214     16.000     -4.680
     6     10     30     26    564.853     17.000     -4.680
     7     11     31     27    555.459     18.000     -4.680
     8     12     32     28    575.047     19.000     -4.680
     9     13     33     29    493.632     20.000     -4.680
    10     14     34     30    465.675     21.000     -4.680
    11     15     35     31    399.671     22.000     -4.680
    12     16     36     32    322.192     23.000     -4.680
    13     17     37     33    318.754     24.000     -4.680
    14     18     38     34    278.054     25.000     -4.680
    15     19     39     35    244.682     26.000     -4.680
    16     20     40     36    216.589     27.000     -4.680
    17     21     41     37    186.309     28.000     -4.680
    18     22     42     38    179.448     29.000     -4.680
    19     23     43     39    167.475     30.000     -4.680
    20     24     44     40    135.551     31.000     -4.680
    21     25     45     41    112.524     32.000     -4.680
    22     26     46     42    -98.355     33.000     -4.680
    23     27     47     43    -39.883     34.000     -4.680
    24     28     48     44   -269.051     35.000     -4.680
     1      5     29     25    178.255     14.000     -5.460
     2      6     30     26    221.212     15.000     -5.460
     3      7     31     27    166.116     16.000     -5.460
     4      8     32     28    188.193     17.000     -5.460
     5      9     33     29    188.790     18.000     -5.460
     6     10     34     30    216.578     19.000     -5.460
     7     11     35     31    224.389     20.000     -5.460
     8     12     36     32    184.567     21.000     -5.460
     9     13     37     33    162.110     22.000     -5.460
    10     14     38     34    148.282     23.000     -5.460
    11     15     39     35    136.090     24.000     -5.460
    12     16     40     36    153.401     25.000     -5.460
    13     17     41     37    142.819     26.000     -5.460
    14     18     42     38    151.158     27.000     -5.460
    15     19     43     39    154.246     28.000     -5.460
    16     20     44     40    128.780     29.000     -5.460
    17     21     45     41    130.390     30.000     -5.460
    18     22     46     42     95.925     31.000     -5.460
    19     23     47     43     90.991     32.000     -5.460
    20     24     48     44     33.488     33.000     -5.460
     1      6     31     26    194.776     15.000     -5.850
     2      7     32     27    169.619     16.000     -5.850
     3      8     33     28    151.667     17.000     -5.850
     4      9     34     29    173.770     18.000     -5.850
     5     10     35     30    185.065     19.000     -5.850
     6     11     36     31    187.440     20.000     -5.850
     7     12     37     32    161.578     21.000     -5.850
     8     13     38     33    145.631     22.000     -5.850
     9     14     39     34    140.222     23.000     -5.850
    10     15     40     35    137.847     24.000     -5.850
    11     16     41     36    125.990     25.000     -5.850
    12     17     42     37    135.132     26.000     -5.850
    13     18     43     38    137.206     27.000     -5.850
    14     19     44     39    145.123     28.000     -5.850
    15     20     45     40    125.010     29.000     -5.850
    16     21     46     41    115.698     30.000     -5.850
    17     22     47     42    113.908     31.000     -5.850
    18     23     48     43    123.672     32.000     -5.850
     1      6     36     31     88.748     17.500     -6.825
     2      7     37     32     68.052     18.500     -6.825
     3      8     38     33     64.601     19.500     -6.825
     4      9     39     34     68.461     20.500     -6.825
     5     10     40     35     74.814     21.500     -6.825
     6     11     41     36     80.521     22.500     -6.825
     7     12     42     37     89.790     23.500     -6.825
     8     13     43     38     94.771     24.500     -6.825
     9     14     44     39    108.428     25.500     -6.825
    10     15     45     40     89.856     26.500     -6.825
    11     16     46     41    100.412     27.500     -6.825
    12     17     47     42    123.173     28.500     -6.825
    13     18     48     43    197.426     29.500     -6.825
     1      7     37     31     82.778     18.000     -7.020
     2      8     38     32     68.202     19.000     -7.020
     3      9     39     33     67.972     20.000     -7.020
     4     10     40     34     80.186     21.000     -7.020
     5     11     41     35     81.611     22.000     -7.020
     6     12     42     36     88.533     23.000     -7.020
     7     13     43     37     90.175     24.000     -7.020
     8     14     44     38    100.725     25.000     -7.020
     9     15     45     39    107.918     26.000     -7.020
    10     16     46     40     91.111     27.000     -7.020
    11     17     47     41    122.484     28.000     -7.020
    12     18     48     42    284.327     29.000     -7.020
     1      7     43     37     59.067     21.000     -8.190
     2      8     44     38     60.564     22.000     -8.190
     3      9     45     39     67.372     23.000     -8.190
     4     10     46     40     61.236     24.000     -8.190
     5     11     47     41     70.737     25.000     -8.190
     6     12     48     42    143.334     26.000     -8.190
     1     10     46     37     66.501     22.500     -8.775
     2     11     47     38     73.016     23.500     -8.775
     3     12     48     39    110.796     24.500     -8.775
