48# Number of electrodes
# x z
0.000     0.000
1.000     0.000
2.000     0.000
3.000     0.000
4.000     0.000
5.000     0.000
6.000     0.000
7.000     0.000
8.000     0.000
9.000     0.000
10.000     0.000
11.000     0.000
12.000     0.000
13.000     0.000
14.000     0.000
15.000     0.000
16.000     0.000
17.000     0.000
18.000     0.000
19.000     0.000
20.000     0.000
21.000     0.000
22.000     0.000
23.000     0.000
24.000     0.000
25.000     0.000
26.000     0.000
27.000     0.000
28.000     0.000
29.000     0.000
30.000     0.000
31.000     0.000
32.000     0.000
33.000     0.000
34.000     0.000
35.000     0.000
36.000     0.000
37.000     0.000
38.000     0.000
39.000     0.000
40.000     0.000
41.000     0.000
42.000     0.000
43.000     0.000
44.000     0.000
45.000     0.000
46.000     0.000
47.000     0.000
909# Number of data
# a   b   m   n      rhoa      x      z
     1      4      2      3    990.112      1.500     -0.330
     2      5      3      4   1021.418      2.500     -0.330
     3      6      4      5   1417.140      3.500     -0.330
     4      7      5      6   1379.669      4.500     -0.330
     5      8      6      7   1707.025      5.500     -0.330
     6      9      7      8   1764.783      6.500     -0.330
     7     10      8      9   2475.334      7.500     -0.330
     8     11      9     10   3933.770      8.500     -0.330
     9     12     10     11   3751.929      9.500     -0.330
    10     13     11     12   4795.119     10.500     -0.330
    11     14     12     13   4490.692     11.500     -0.330
    12     15     13     14   4403.800     12.500     -0.330
    13     16     14     15   4921.245     13.500     -0.330
    14     17     15     16   4834.459     14.500     -0.330
    15     18     16     17   5127.070     15.500     -0.330
    16     19     17     18   4562.230     16.500     -0.330
    17     20     18     19   4044.720     17.500     -0.330
    18     21     19     20   3709.614     18.500     -0.330
    19     22     20     21   2648.514     19.500     -0.330
    20     23     21     22   2685.880     20.500     -0.330
    21     24     22     23   1687.829     21.500     -0.330
    22     25     23     24   1858.186     22.500     -0.330
    23     26     24     25   2122.452     23.500     -0.330
    24     27     25     26   1934.657     24.500     -0.330
    25     28     26     27   2982.593     25.500     -0.330
    26     29     27     28   2906.654     26.500     -0.330
    27     30     28     29   3012.365     27.500     -0.330
    28     31     29     30   2963.356     28.500     -0.330
    29     32     30     31   2820.896     29.500     -0.330
    30     33     31     32   2323.184     30.500     -0.330
    31     34     32     33   2287.196     31.500     -0.330
    32     35     33     34   1716.099     32.500     -0.330
    33     36     34     35   1435.750     33.500     -0.330
    34     37     35     36   1220.999     34.500     -0.330
    35     38     36     37   1110.826     35.500     -0.330
    36     39     37     38   1010.126     36.500     -0.330
    37     40     38     39    848.143     37.500     -0.330
    38     41     39     40   1143.177     38.500     -0.330
    39     42     40     41    973.614     39.500     -0.330
    40     43     41     42   1085.555     40.500     -0.330
    41     44     42     43   1417.175     41.500     -0.330
    42     45     43     44   1693.570     42.500     -0.330
    43     46     44     45   1886.138     43.500     -0.330
    44     47     45     46   3050.225     44.500     -0.330
    45     48     46     47   3436.757     45.500     -0.330
     1      7      3      5   1086.689      3.000     -0.660
     2      8      4      6   1442.539      4.000     -0.660
     3      9      5      7   1697.907      5.000     -0.660
     4     10      6      8   1675.146      6.000     -0.660
     5     11      7      9   2010.237      7.000     -0.660
     6     12      8     10   2871.832      8.000     -0.660
     7     13      9     11   3041.558      9.000     -0.660
     8     14     10     12   3055.824     10.000     -0.660
     9     15     11     13   3535.796     11.000     -0.660
    10     16     12     14   3842.018     12.000     -0.660
    11     17     13     15   3644.430     13.000     -0.660
    12     18     14     16   3716.314     14.000     -0.660
    13     19     15     17   3993.752     15.000     -0.660
    14     20     16     18   3709.608     16.000     -0.660
    15     21     17     19   3576.565     17.000     -0.660
    16     22     18     20   3273.556     18.000     -0.660
    17     23     19     21   3005.779     19.000     -0.660
    18     24     20     22   2662.537     20.000     -0.660
    19     25     21     23   2342.454     21.000     -0.660
    20     26     22     24   2235.835     22.000     -0.660
    21     27     23     25   2278.586     23.000     -0.660
    22     28     24     26   2146.258     24.000     -0.660
    23     29     25     27   2263.622     25.000     -0.660
    24     30     26     28   2593.869     26.000     -0.660
    25     31     27     29   2380.054     27.000     -0.660
    26     32     28     30   2133.126     28.000     -0.660
    27     33     29     31   2145.889     29.000     -0.660
    28     34     30     32   2056.299     30.000     -0.660
    29     35     31     33   1872.438     31.000     -0.660
    30     36     32     34   1628.332     32.000     -0.660
    31     37     33     35   1383.036     33.000     -0.660
    32     38     34     36   1240.809     34.000     -0.660
    33     39     35     37   1173.482     35.000     -0.660
    34     40     36     38    965.883     36.000     -0.660
    35     41     37     39    830.021     37.000     -0.660
    36     42     38     40   1036.302     38.000     -0.660
    37     43     39     41   1146.905     39.000     -0.660
    38     44     40     42   1035.817     40.000     -0.660
    39     45     41     43   1196.556     41.000     -0.660
    40     46     42     44   1541.884     42.000     -0.660
    41     47     43     45   1793.586     43.000     -0.660
    42     48     44     46   2437.160     44.000     -0.660
     1     10      4      7   1363.211      4.500     -0.990
     2     11      5      8   1320.688      5.500     -0.990
     3     12      6      9   1515.730      6.500     -0.990
     4     13      7     10   1915.758      7.500     -0.990
     5     14      8     11   2426.086      8.500     -0.990
     6     15      9     12   2828.377      9.500     -0.990
     7     16     10     13   2936.969     10.500     -0.990
     8     17     11     14   2608.376     11.500     -0.990
     9     18     12     15   2564.824     12.500     -0.990
    10     19     13     16   2753.510     13.500     -0.990
    11     20     14     17   2848.597     14.500     -0.990
    12     21     15     18   2952.088     15.500     -0.990
    13     22     16     19   3010.732     16.500     -0.990
    14     23     17     20   2921.050     17.500     -0.990
    15     24     18     21   2777.539     18.500     -0.990
    16     25     19     22   2608.936     19.500     -0.990
    17     26     20     23   2347.048     20.500     -0.990
    18     27     21     24   2163.892     21.500     -0.990
    19     28     22     25   1976.681     22.500     -0.990
    20     29     23     26   2034.516     23.500     -0.990
    21     30     24     27   2142.679     24.500     -0.990
    22     31     25     28   2121.162     25.500     -0.990
    23     32     26     29   2075.658     26.500     -0.990
    24     33     27     30   1806.084     27.500     -0.990
    25     34     28     31   1677.369     28.500     -0.990
    26     35     29     32   1489.948     29.500     -0.990
    27     36     30     33   1532.649     30.500     -0.990
    28     37     31     34   1422.615     31.500     -0.990
    29     38     32     35   1321.097     32.500     -0.990
    30     39     33     36   1164.760     33.500     -0.990
    31     40     34     37   1068.188     34.500     -0.990
    32     41     35     38    941.543     35.500     -0.990
    33     42     36     39    889.263     36.500     -0.990
    34     43     37     40    928.072     37.500     -0.990
    35     44     38     41    975.770     38.500     -0.990
    36     45     39     42   1072.187     39.500     -0.990
    37     46     40     43   1139.792     40.500     -0.990
    38     47     41     44   1317.673     41.500     -0.990
    39     48     42     45   1485.087     42.500     -0.990
     1     13      5      9   1074.182      6.000     -1.320
     2     14      6     10   1479.995      7.000     -1.320
     3     15      7     11   1804.096      8.000     -1.320
     4     16      8     12   2020.826      9.000     -1.320
     5     17      9     13   2173.203     10.000     -1.320
     6     18     10     14   2108.655     11.000     -1.320
     7     19     11     15   2000.025     12.000     -1.320
     8     20     12     16   1825.690     13.000     -1.320
     9     21     13     17   1902.037     14.000     -1.320
    10     22     14     18   2085.212     15.000     -1.320
    11     23     15     19   2420.628     16.000     -1.320
    12     24     16     20   2495.397     17.000     -1.320
    13     25     17     21   2371.967     18.000     -1.320
    14     26     18     22   2307.698     19.000     -1.320
    15     27     19     23   1956.732     20.000     -1.320
    16     28     20     24   1792.467     21.000     -1.320
    17     29     21     25   1722.188     22.000     -1.320
    18     30     22     26   1561.009     23.000     -1.320
    19     31     23     27   1763.704     24.000     -1.320
    20     32     24     28   1817.069     25.000     -1.320
    21     33     25     29   1686.551     26.000     -1.320
    22     34     26     30   1724.661     27.000     -1.320
    23     35     27     31   1468.502     28.000     -1.320
    24     36     28     32   1337.594     29.000     -1.320
    25     37     29     33   1239.709     30.000     -1.320
    26     38     30     34   1148.299     31.000     -1.320
    27     39     31     35   1147.043     32.000     -1.320
    28     40     32     36   1055.940     33.000     -1.320
    29     41     33     37    928.029     34.000     -1.320
    30     42     34     38    885.554     35.000     -1.320
    31     43     35     39    828.894     36.000     -1.320
    32     44     36     40    859.292     37.000     -1.320
    33     45     37     41    896.706     38.000     -1.320
    34     46     38     42    925.510     39.000     -1.320
    35     47     39     43   1075.123     40.000     -1.320
    36     48     40     44   1139.434     41.000     -1.320
     1     16      6     11   1286.636      7.500     -1.650
     2     17      7     12   1307.896      8.500     -1.650
     3     18      8     13   1477.996      9.500     -1.650
     4     19      9     14   1474.587     10.500     -1.650
     5     20     10     15   1476.683     11.500     -1.650
     6     21     11     16   1534.432     12.500     -1.650
     7     22     12     17   1477.083     13.500     -1.650
     8     23     13     18   1496.178     14.500     -1.650
     9     24     14     19   1633.912     15.500     -1.650
    10     25     15     20   1863.820     16.500     -1.650
    11     26     16     21   1981.417     17.500     -1.650
    12     27     17     22   1718.104     18.500     -1.650
    13     28     18     23   1574.658     19.500     -1.650
    14     29     19     24   1408.206     20.500     -1.650
    15     30     20     25   1312.507     21.500     -1.650
    16     31     21     26   1263.389     22.500     -1.650
    17     32     22     27   1270.660     23.500     -1.650
    18     33     23     28   1325.821     24.500     -1.650
    19     34     24     29   1381.420     25.500     -1.650
    20     35     25     30   1401.224     26.500     -1.650
    21     36     26     31   1441.623     27.500     -1.650
    22     37     27     32   1280.144     28.500     -1.650
    23     38     28     33   1120.380     29.500     -1.650
    24     39     29     34   1042.509     30.500     -1.650
    25     40     30     35    952.379     31.500     -1.650
    26     41     31     36    869.434     32.500     -1.650
    27     42     32     37    864.962     33.500     -1.650
    28     43     33     38    774.302     34.500     -1.650
    29     44     34     39    730.738     35.500     -1.650
    30     45     35     40    771.155     36.500     -1.650
    31     46     36     41    795.156     37.500     -1.650
    32     47     37     42    808.614     38.500     -1.650
    33     48     38     43    895.887     39.500     -1.650
     1     19      7     13    951.416      9.000     -1.980
     2     20      8     14   1012.475     10.000     -1.980
     3     21      9     15   1101.805     11.000     -1.980
     4     22     10     16   1111.847     12.000     -1.980
     5     23     11     17   1242.808     13.000     -1.980
     6     24     12     18   1246.046     14.000     -1.980
     7     25     13     19   1303.646     15.000     -1.980
     8     26     14     20   1341.081     16.000     -1.980
     9     27     15     21   1267.715     17.000     -1.980
    10     28     16     22   1269.575     18.000     -1.980
    11     29     17     23   1149.665     19.000     -1.980
    12     30     18     24   1093.001     20.000     -1.980
    13     31     19     25   1007.551     21.000     -1.980
    14     32     20     26    918.738     22.000     -1.980
    15     33     21     27    910.518     23.000     -1.980
    16     34     22     28    916.813     24.000     -1.980
    17     35     23     29   1029.533     25.000     -1.980
    18     36     24     30   1079.539     26.000     -1.980
    19     37     25     31   1134.083     27.000     -1.980
    20     38     26     32   1217.870     28.000     -1.980
    21     39     27     33   1110.259     29.000     -1.980
    22     40     28     34    976.532     30.000     -1.980
    23     41     29     35    847.498     31.000     -1.980
    24     42     30     36    811.229     32.000     -1.980
    25     43     31     37    750.571     33.000     -1.980
    26     44     32     38    675.861     34.000     -1.980
    27     45     33     39    643.536     35.000     -1.980
    28     46     34     40    664.472     36.000     -1.980
    29     47     35     41    670.511     37.000     -1.980
    30     48     36     42    665.255     38.000     -1.980
     1     22      8     15    769.575     10.500     -2.310
     2     23      9     16    904.316     11.500     -2.310
     3     24     10     17    970.196     12.500     -2.310
     4     25     11     18   1002.062     13.500     -2.310
     5     26     12     19   1046.642     14.500     -2.310
     6     27     13     20    999.648     15.500     -2.310
     7     28     14     21    921.983     16.500     -2.310
     8     29     15     22    825.582     17.500     -2.310
     9     30     16     23    747.403     18.500     -2.310
    10     31     17     24    729.523     19.500     -2.310
    11     32     18     25    741.839     20.500     -2.310
    12     33     19     26    645.393     21.500     -2.310
    13     34     20     27    683.477     22.500     -2.310
    14     35     21     28    675.582     23.500     -2.310
    15     36     22     29    691.074     24.500     -2.310
    16     37     23     30    789.888     25.500     -2.310
    17     38     24     31    879.511     26.500     -2.310
    18     39     25     32    922.851     27.500     -2.310
    19     40     26     33    990.170     28.500     -2.310
    20     41     27     34    924.129     29.500     -2.310
    21     42     28     35    840.638     30.500     -2.310
    22     43     29     36    762.984     31.500     -2.310
    23     44     30     37    678.624     32.500     -2.310
    24     45     31     38    632.318     33.500     -2.310
    25     46     32     39    578.377     34.500     -2.310
    26     47     33     40    558.719     35.500     -2.310
    27     48     34     41    562.815     36.500     -2.310
     1     25      9     17    770.239     12.000     -2.640
     2     26     10     18    802.883     13.000     -2.640
     3     27     11     19    769.928     14.000     -2.640
     4     28     12     20    716.126     15.000     -2.640
     5     29     13     21    657.866     16.000     -2.640
     6     30     14     22    621.223     17.000     -2.640
     7     31     15     23    564.409     18.000     -2.640
     8     32     16     24    496.200     19.000     -2.640
     9     33     17     25    440.414     20.000     -2.640
    10     34     18     26    479.223     21.000     -2.640
    11     35     19     27    494.663     22.000     -2.640
    12     36     20     28    521.013     23.000     -2.640
    13     37     21     29    521.560     24.000     -2.640
    14     38     22     30    546.990     25.000     -2.640
    15     39     23     31    635.104     26.000     -2.640
    16     40     24     32    689.855     27.000     -2.640
    17     41     25     33    753.351     28.000     -2.640
    18     42     26     34    804.741     29.000     -2.640
    19     43     27     35    763.844     30.000     -2.640
    20     44     28     36    715.027     31.000     -2.640
    21     45     29     37    654.121     32.000     -2.640
    22     46     30     38    599.758     33.000     -2.640
    23     47     31     39    545.706     34.000     -2.640
    24     48     32     40    492.740     35.000     -2.640
     1     28     10     19    557.901     13.500     -2.970
     2     29     11     20    525.250     14.500     -2.970
     3     30     12     21    438.647     15.500     -2.970
     4     31     13     22    436.978     16.500     -2.970
     5     32     14     23    389.376     17.500     -2.970
     6     33     15     24    373.498     18.500     -2.970
     7     34     16     25    362.191     19.500     -2.970
     8     35     17     26    314.221     20.500     -2.970
     9     36     18     27    332.819     21.500     -2.970
    10     37     19     28    362.634     22.500     -2.970
    11     38     20     29    397.010     23.500     -2.970
    12     39     21     30    418.896     24.500     -2.970
    13     40     22     31    446.618     25.500     -2.970
    14     41     23     32    508.461     26.500     -2.970
    15     42     24     33    565.074     27.500     -2.970
    16     43     25     34    600.541     28.500     -2.970
    17     44     26     35    642.930     29.500     -2.970
    18     45     27     36    627.620     30.500     -2.970
    19     46     28     37    589.732     31.500     -2.970
    20     47     29     38    530.449     32.500     -2.970
    21     48     30     39    491.505     33.500     -2.970
     1     31     11     21    358.379     15.000     -3.300
     2     32     12     22    287.785     16.000     -3.300
     3     33     13     23    264.118     17.000     -3.300
     4     34     14     24    279.141     18.000     -3.300
     5     35     15     25    270.367     19.000     -3.300
     6     36     16     26    275.938     20.000     -3.300
     7     37     17     27    274.946     21.000     -3.300
     8     38     18     28    270.119     22.000     -3.300
     9     39     19     29    285.430     23.000     -3.300
    10     40     20     30    327.696     24.000     -3.300
    11     41     21     31    323.399     25.000     -3.300
    12     42     22     32    395.628     26.000     -3.300
    13     43     23     33    429.187     27.000     -3.300
    14     44     24     34    447.379     28.000     -3.300
    15     45     25     35    484.241     29.000     -3.300
    16     46     26     36    511.872     30.000     -3.300
    17     47     27     37    487.451     31.000     -3.300
    18     48     28     38    452.879     32.000     -3.300
     1     34     12     23    200.154     16.500     -3.630
     2     35     13     24    204.583     17.500     -3.630
     3     36     14     25    182.172     18.500     -3.630
     4     37     15     26    222.678     19.500     -3.630
     5     38     16     27    229.469     20.500     -3.630
     6     39     17     28    227.556     21.500     -3.630
     7     40     18     29    240.069     22.500     -3.630
     8     41     19     30    234.354     23.500     -3.630
     9     42     20     31    263.770     24.500     -3.630
    10     43     21     32    247.291     25.500     -3.630
    11     44     22     33    303.951     26.500     -3.630
    12     45     23     34    376.351     27.500     -3.630
    13     46     24     35    372.350     28.500     -3.630
    14     47     25     36    383.651     29.500     -3.630
    15     48     26     37    371.184     30.500     -3.630
     1     37     13     25    171.104     18.000     -3.960
     2     38     14     26    165.550     19.000     -3.960
     3     39     15     27    164.428     20.000     -3.960
     4     40     16     28    202.573     21.000     -3.960
     5     41     17     29    201.020     22.000     -3.960
     6     42     18     30    222.188     23.000     -3.960
     7     43     19     31    212.196     24.000     -3.960
     8     44     20     32    222.975     25.000     -3.960
     9     45     21     33    250.044     26.000     -3.960
    10     46     22     34    258.583     27.000     -3.960
    11     47     23     35    285.820     28.000     -3.960
    12     48     24     36    313.972     29.000     -3.960
     1     40     14     27    159.882     19.500     -4.290
     2     41     15     28    160.854     20.500     -4.290
     3     42     16     29    158.343     21.500     -4.290
     4     43     17     30    186.314     22.500     -4.290
     5     44     18     31    174.190     23.500     -4.290
     6     45     19     32    198.212     24.500     -4.290
     7     46     20     33    186.023     25.500     -4.290
     8     47     21     34    179.407     26.500     -4.290
     9     48     22     35    201.874     27.500     -4.290
     1     43     15     29    158.819     21.000     -4.620
     2     44     16     30    158.186     22.000     -4.620
     3     45     17     31    138.693     23.000     -4.620
     4     46     18     32    168.647     24.000     -4.620
     5     47     19     33    153.123     25.000     -4.620
     6     48     20     34    148.339     26.000     -4.620
     1     46     16     31    117.805     22.500     -4.950
     2     47     17     32    116.438     23.500     -4.950
     3     48     18     33    106.844     24.500     -4.950
     1      2      4      3   1051.907      1.500     -0.585
     2      3      5      4   1266.483      2.500     -0.585
     3      4      6      5   1091.763      3.500     -0.585
     4      5      7      6   1731.180      4.500     -0.585
     5      6      8      7   1450.737      5.500     -0.585
     6      7      9      8   1569.204      6.500     -0.585
     7      8     10      9   2133.567      7.500     -0.585
     8      9     11     10   3426.883      8.500     -0.585
     9     10     12     11   6265.068      9.500     -0.585
    10     11     13     12   4746.047     10.500     -0.585
    11     12     14     13   4745.756     11.500     -0.585
    12     13     15     14   4517.279     12.500     -0.585
    13     14     16     15   4679.133     13.500     -0.585
    14     15     17     16   6354.184     14.500     -0.585
    15     16     18     17   5584.929     15.500     -0.585
    16     17     19     18   4822.314     16.500     -0.585
    17     18     20     19   4347.137     17.500     -0.585
    18     19     21     20   3667.865     18.500     -0.585
    19     20     22     21   3564.325     19.500     -0.585
    20     21     23     22   1616.161     20.500     -0.585
    21     22     24     23   1809.768     21.500     -0.585
    22     23     25     24   1538.333     22.500     -0.585
    23     24     26     25   1459.764     23.500     -0.585
    24     25     27     26   2538.900     24.500     -0.585
    25     26     28     27   2411.307     25.500     -0.585
    26     27     29     28   3699.086     26.500     -0.585
    27     28     30     29   3664.096     27.500     -0.585
    28     29     31     30   2955.257     28.500     -0.585
    29     30     32     31   2842.312     29.500     -0.585
    30     31     33     32   3137.978     30.500     -0.585
    31     32     34     33   2079.247     31.500     -0.585
    32     33     35     34   1841.787     32.500     -0.585
    33     34     36     35   1557.392     33.500     -0.585
    34     35     37     36   1165.465     34.500     -0.585
    35     36     38     37    926.292     35.500     -0.585
    36     37     39     38   1050.903     36.500     -0.585
    37     38     40     39   1221.510     37.500     -0.585
    38     39     41     40    681.512     38.500     -0.585
    39     40     42     41   1000.301     39.500     -0.585
    40     41     43     42   1189.021     40.500     -0.585
    41     42     44     43   1267.591     41.500     -0.585
    42     43     45     44   1610.609     42.500     -0.585
    43     44     46     45   2149.862     43.500     -0.585
    44     45     47     46   2162.180     44.500     -0.585
    45     46     48     47   4054.928     45.500     -0.585
     1      2      5      4    861.792      2.000     -0.780
     2      3      6      5   1195.080      3.000     -0.780
     3      4      7      6   1373.295      4.000     -0.780
     4      5      8      7   1566.659      5.000     -0.780
     5      6      9      8   2069.038      6.000     -0.780
     6      7     10      9   2456.049      7.000     -0.780
     7      8     11     10   2374.155      8.000     -0.780
     8      9     12     11   3546.122      9.000     -0.780
     9     10     13     12   5258.367     10.000     -0.780
    10     11     14     13   3906.757     11.000     -0.780
    11     12     15     14   3905.871     12.000     -0.780
    12     13     16     15   5120.830     13.000     -0.780
    13     14     17     16   5075.919     14.000     -0.780
    14     15     18     17   5272.334     15.000     -0.780
    15     16     19     18   4907.659     16.000     -0.780
    16     17     20     19   4493.595     17.000     -0.780
    17     18     21     20   3413.097     18.000     -0.780
    18     19     22     21   3478.990     19.000     -0.780
    19     20     23     22   2210.556     20.000     -0.780
    20     21     24     23   2010.726     21.000     -0.780
    21     22     25     24   2152.763     22.000     -0.780
    22     23     26     25   1450.667     23.000     -0.780
    23     24     27     26   2571.430     24.000     -0.780
    24     25     28     27   2556.751     25.000     -0.780
    25     26     29     28   2424.275     26.000     -0.780
    26     27     30     29   3257.640     27.000     -0.780
    27     28     31     30   3354.719     28.000     -0.780
    28     29     32     31   2984.123     29.000     -0.780
    29     30     33     32   2696.211     30.000     -0.780
    30     31     34     33   2281.459     31.000     -0.780
    31     32     35     34   1752.655     32.000     -0.780
    32     33     36     35   1511.358     33.000     -0.780
    33     34     37     36   1207.513     34.000     -0.780
    34     35     38     37    977.096     35.000     -0.780
    35     36     39     38    961.134     36.000     -0.780
    36     37     40     39   1260.490     37.000     -0.780
    37     38     41     40    881.246     38.000     -0.780
    38     39     42     41    655.526     39.000     -0.780
    39     40     43     42   1315.094     40.000     -0.780
    40     41     44     43   1301.300     41.000     -0.780
    41     42     45     44   1278.432     42.000     -0.780
    42     43     46     45   1901.568     43.000     -0.780
    43     44     47     46   2127.654     44.000     -0.780
    44     45     48     47   2744.107     45.000     -0.780
     1      2      6      5    925.503      2.500     -0.975
     2      3      7      6   1432.170      3.500     -0.975
     3      4      8      7   1201.201      4.500     -0.975
     4      5      9      8   2144.679      5.500     -0.975
     5      6     10      9   2780.303      6.500     -0.975
     6      7     11     10   2868.619      7.500     -0.975
     7      8     12     11   2449.436      8.500     -0.975
     8      9     13     12   3067.312      9.500     -0.975
     9     10     14     13   4084.742     10.500     -0.975
    10     11     15     14   3792.134     11.500     -0.975
    11     12     16     15   4386.514     12.500     -0.975
    12     13     17     16   5202.752     13.500     -0.975
    13     14     18     17   4494.399     14.500     -0.975
    14     15     19     18   4632.067     15.500     -0.975
    15     16     20     19   4544.008     16.500     -0.975
    16     17     21     20   3697.674     17.500     -0.975
    17     18     22     21   3336.613     18.500     -0.975
    18     19     23     22   2419.477     19.500     -0.975
    19     20     24     23   2791.878     20.500     -0.975
    20     21     25     24   2408.923     21.500     -0.975
    21     22     26     25   2075.411     22.500     -0.975
    22     23     27     26   2375.345     23.500     -0.975
    23     24     28     27   2649.964     24.500     -0.975
    24     25     29     28   2493.991     25.500     -0.975
    25     26     30     29   2171.098     26.500     -0.975
    26     27     31     30   3062.982     27.500     -0.975
    27     28     32     31   2856.728     28.500     -0.975
    28     29     33     32   2660.292     29.500     -0.975
    29     30     34     33   1992.754     30.500     -0.975
    30     31     35     34   1954.774     31.500     -0.975
    31     32     36     35   1458.785     32.500     -0.975
    32     33     37     36   1313.397     33.500     -0.975
    33     34     38     37    993.562     34.500     -0.975
    34     35     39     38    967.719     35.500     -0.975
    35     36     40     39   1242.283     36.500     -0.975
    36     37     41     40    948.462     37.500     -0.975
    37     38     42     41    750.412     38.500     -0.975
    38     39     43     42    817.642     39.500     -0.975
    39     40     44     43   1305.385     40.500     -0.975
    40     41     45     44   1178.812     41.500     -0.975
    41     42     46     45   1407.974     42.500     -0.975
    42     43     47     46   1817.128     43.500     -0.975
    43     44     48     47   2529.528     44.500     -0.975
     1      2      7      6   1136.457      3.000     -1.170
     2      3      8      7   1222.661      4.000     -1.170
     3      4      9      8   1522.275      5.000     -1.170
     4      5     10      9   2785.415      6.000     -1.170
     5      6     11     10   2997.477      7.000     -1.170
     6      7     12     11   2670.519      8.000     -1.170
     7      8     13     12   2132.951      9.000     -1.170
     8      9     14     13   2669.753     10.000     -1.170
     9     10     15     14   4077.932     11.000     -1.170
    10     11     16     15   4520.821     12.000     -1.170
    11     12     17     16   5333.245     13.000     -1.170
    12     13     18     17   5290.121     14.000     -1.170
    13     14     19     18   4068.605     15.000     -1.170
    14     15     20     19   4056.862     16.000     -1.170
    15     16     21     20   3433.232     17.000     -1.170
    16     17     22     21   3399.669     18.000     -1.170
    17     18     23     22   2255.319     19.000     -1.170
    18     19     24     23   2919.996     20.000     -1.170
    19     20     25     24   3055.555     21.000     -1.170
    20     21     26     25   2200.166     22.000     -1.170
    21     22     27     26   3191.573     23.000     -1.170
    22     23     28     27   2248.424     24.000     -1.170
    23     24     29     28   2500.825     25.000     -1.170
    24     25     30     29   2269.323     26.000     -1.170
    25     26     31     30   2109.254     27.000     -1.170
    26     27     32     31   2617.811     28.000     -1.170
    27     28     33     32   2569.229     29.000     -1.170
    28     29     34     33   1857.111     30.000     -1.170
    29     30     35     34   1649.415     31.000     -1.170
    30     31     36     35   1484.546     32.000     -1.170
    31     32     37     36   1254.721     33.000     -1.170
    32     33     38     37   1080.702     34.000     -1.170
    33     34     39     38    914.056     35.000     -1.170
    34     35     40     39   1160.885     36.000     -1.170
    35     36     41     40    931.819     37.000     -1.170
    36     37     42     41    813.928     38.000     -1.170
    37     38     43     42    907.770     39.000     -1.170
    38     39     44     43    815.920     40.000     -1.170
    39     40     45     44   1127.653     41.000     -1.170
    40     41     46     45   1298.406     42.000     -1.170
    41     42     47     46   1340.665     43.000     -1.170
    42     43     48     47   2143.275     44.000     -1.170
     1      2      8      7   1014.538      3.500     -1.365
     2      3      9      8   1597.121      4.500     -1.365
     3      4     10      9   1835.370      5.500     -1.365
     4      5     11     10   2695.289      6.500     -1.365
     5      6     12     11   2942.883      7.500     -1.365
     6      7     13     12   2695.329      8.500     -1.365
     7      8     14     13   1669.172      9.500     -1.365
     8      9     15     14   2227.415     10.500     -1.365
     9     10     16     15   4202.654     11.500     -1.365
    10     11     17     16   4510.229     12.500     -1.365
    11     12     18     17   3003.949     13.500     -1.365
    12     13     19     18   3742.924     14.500     -1.365
    13     14     20     19   3529.817     15.500     -1.365
    14     15     21     20   3178.522     16.500     -1.365
    15     16     22     21   3570.892     17.500     -1.365
    16     17     23     22   2465.395     18.500     -1.365
    17     18     24     23   2649.791     19.500     -1.365
    18     19     25     24   3009.108     20.500     -1.365
    19     20     26     25   2623.975     21.500     -1.365
    20     21     27     26   3224.465     22.500     -1.365
    21     22     28     27   2904.844     23.500     -1.365
    22     23     29     28   1989.813     24.500     -1.365
    23     24     30     29   2198.772     25.500     -1.365
    24     25     31     30   2137.734     26.500     -1.365
    25     26     32     31   1912.072     27.500     -1.365
    26     27     33     32   2425.623     28.500     -1.365
    27     28     34     33   1733.987     29.500     -1.365
    28     29     35     34   1561.440     30.500     -1.365
    29     30     36     35   1382.850     31.500     -1.365
    30     31     37     36   1388.649     32.500     -1.365
    31     32     38     37    968.886     33.500     -1.365
    32     33     39     38    974.045     34.500     -1.365
    33     34     40     39   1142.667     35.500     -1.365
    34     35     41     40    914.330     36.500     -1.365
    35     36     42     41    792.159     37.500     -1.365
    36     37     43     42    961.447     38.500     -1.365
    37     38     44     43    854.079     39.500     -1.365
    38     39     45     44    756.743     40.500     -1.365
    39     40     46     45   1361.524     41.500     -1.365
    40     41     47     46   1257.172     42.500     -1.365
    41     42     48     47   1556.779     43.500     -1.365
     1      3      9      7   1283.115      4.000     -1.560
     2      4     10      8   1724.087      5.000     -1.560
     3      5     11      9   2482.093      6.000     -1.560
     4      6     12     10   2871.440      7.000     -1.560
     5      7     13     11   2670.408      8.000     -1.560
     6      8     14     12   2130.690      9.000     -1.560
     7      9     15     13   2203.588     10.000     -1.560
     8     10     16     14   3499.457     11.000     -1.560
     9     11     17     15   4437.431     12.000     -1.560
    10     12     18     16   4414.404     13.000     -1.560
    11     13     19     17   4247.240     14.000     -1.560
    12     14     20     18   3878.095     15.000     -1.560
    13     15     21     19   3503.133     16.000     -1.560
    14     16     22     20   3296.458     17.000     -1.560
    15     17     23     21   3031.704     18.000     -1.560
    16     18     24     22   2461.360     19.000     -1.560
    17     19     25     23   2845.073     20.000     -1.560
    18     20     26     24   2885.818     21.000     -1.560
    19     21     27     25   2746.480     22.000     -1.560
    20     22     28     26   3083.228     23.000     -1.560
    21     23     29     27   2375.609     24.000     -1.560
    22     24     30     28   2200.315     25.000     -1.560
    23     25     31     29   2192.667     26.000     -1.560
    24     26     32     30   2031.661     27.000     -1.560
    25     27     33     31   2268.566     28.000     -1.560
    26     28     34     32   2224.895     29.000     -1.560
    27     29     35     33   1711.492     30.000     -1.560
    28     30     36     34   1512.487     31.000     -1.560
    29     31     37     35   1400.503     32.000     -1.560
    30     32     38     36   1190.149     33.000     -1.560
    31     33     39     37   1019.488     34.000     -1.560
    32     34     40     38   1027.701     35.000     -1.560
    33     35     41     39   1053.657     36.000     -1.560
    34     36     42     40    869.384     37.000     -1.560
    35     37     43     41    855.529     38.000     -1.560
    36     38     44     42    908.552     39.000     -1.560
    37     39     45     43    801.224     40.000     -1.560
    38     40     46     44   1057.764     41.000     -1.560
    39     41     47     45   1301.993     42.000     -1.560
    40     42     48     46   1385.731     43.000     -1.560
     1      3     11      9   1899.938      5.000     -1.950
     2      4     12     10   1852.506      6.000     -1.950
     3      5     13     11   2074.544      7.000     -1.950
     4      6     14     12   1852.797      8.000     -1.950
     5      7     15     13   1776.552      9.000     -1.950
     6      8     16     14   1691.252     10.000     -1.950
     7      9     17     15   2200.093     11.000     -1.950
     8     10     18     16   3197.988     12.000     -1.950
     9     11     19     17   3443.673     13.000     -1.950
    10     12     20     18   3105.218     14.000     -1.950
    11     13     21     19   2669.469     15.000     -1.950
    12     14     22     20   2403.906     16.000     -1.950
    13     15     23     21   2215.651     17.000     -1.950
    14     16     24     22   2056.169     18.000     -1.950
    15     17     25     23   2586.350     19.000     -1.950
    16     18     26     24   2533.443     20.000     -1.950
    17     19     27     25   2858.662     21.000     -1.950
    18     20     28     26   3459.880     22.000     -1.950
    19     21     29     27   2768.199     23.000     -1.950
    20     22     30     28   2274.051     24.000     -1.950
    21     23     31     29   1769.995     25.000     -1.950
    22     24     32     30   1708.960     26.000     -1.950
    23     25     33     31   1702.587     27.000     -1.950
    24     26     34     32   1428.094     28.000     -1.950
    25     27     35     33   1361.427     29.000     -1.950
    26     28     36     34   1257.940     30.000     -1.950
    27     29     37     35   1105.405     31.000     -1.950
    28     30     38     36   1029.856     32.000     -1.950
    29     31     39     37    973.572     33.000     -1.950
    30     32     40     38   1012.975     34.000     -1.950
    31     33     41     39   1034.448     35.000     -1.950
    32     34     42     40    800.751     36.000     -1.950
    33     35     43     41    756.964     37.000     -1.950
    34     36     44     42    833.084     38.000     -1.950
    35     37     45     43    838.197     39.000     -1.950
    36     38     46     44    822.433     40.000     -1.950
    37     39     47     45    847.526     41.000     -1.950
    38     40     48     46   1158.447     42.000     -1.950
     1      3     13     11   1384.847      6.000     -2.340
     2      4     14     12   1461.445      7.000     -2.340
     3      5     15     13   1200.367      8.000     -2.340
     4      6     16     14   1455.463      9.000     -2.340
     5      7     17     15   1731.623     10.000     -2.340
     6      8     18     16   1393.851     11.000     -2.340
     7      9     19     17   1283.089     12.000     -2.340
     8     10     20     18   1843.585     13.000     -2.340
     9     11     21     19   2292.740     14.000     -2.340
    10     12     22     20   1787.111     15.000     -2.340
    11     13     23     21   1887.391     16.000     -2.340
    12     14     24     22   1411.779     17.000     -2.340
    13     15     25     23   1782.693     18.000     -2.340
    14     16     26     24   1997.865     19.000     -2.340
    15     17     27     25   2466.525     20.000     -2.340
    16     18     28     26   2907.031     21.000     -2.340
    17     19     29     27   2633.969     22.000     -2.340
    18     20     30     28   2325.832     23.000     -2.340
    19     21     31     29   1880.967     24.000     -2.340
    20     22     32     30   1620.708     25.000     -2.340
    21     23     33     31   1221.263     26.000     -2.340
    22     24     34     32   1067.241     27.000     -2.340
    23     25     35     33    895.503     28.000     -2.340
    24     26     36     34    820.515     29.000     -2.340
    25     27     37     35    810.282     30.000     -2.340
    26     28     38     36    847.288     31.000     -2.340
    27     29     39     37    679.523     32.000     -2.340
    28     30     40     38    788.703     33.000     -2.340
    29     31     41     39    897.571     34.000     -2.340
    30     32     42     40    756.282     35.000     -2.340
    31     33     43     41    718.681     36.000     -2.340
    32     34     44     42    820.664     37.000     -2.340
    33     35     45     43    744.067     38.000     -2.340
    34     36     46     44    711.869     39.000     -2.340
    35     37     47     45    833.502     40.000     -2.340
    36     38     48     46    904.895     41.000     -2.340
     1      3     15     13   1055.559      7.000     -2.730
     2      4     16     14   1171.134      8.000     -2.730
     3      5     17     15   1289.554      9.000     -2.730
     4      6     18     16   1101.973     10.000     -2.730
     5      7     19     17   1185.873     11.000     -2.730
     6      8     20     18    806.153     12.000     -2.730
     7      9     21     19    776.552     13.000     -2.730
     8     10     22     20   1251.807     14.000     -2.730
     9     11     23     21    557.911     15.000     -2.730
    10     12     24     22   1233.915     16.000     -2.730
    11     13     25     23   1300.865     17.000     -2.730
    12     14     26     24   1164.629     18.000     -2.730
    13     15     27     25   1656.131     19.000     -2.730
    14     16     28     26   2199.370     20.000     -2.730
    15     17     29     27   2158.506     21.000     -2.730
    16     18     30     28   1865.096     22.000     -2.730
    17     19     31     29   1697.550     23.000     -2.730
    18     20     32     30   1559.573     24.000     -2.730
    19     21     33     31   1209.808     25.000     -2.730
    20     22     34     32    927.230     26.000     -2.730
    21     23     35     33    625.310     27.000     -2.730
    22     24     36     34    574.228     28.000     -2.730
    23     25     37     35    538.523     29.000     -2.730
    24     26     38     36    422.855     30.000     -2.730
    25     27     39     37    531.192     31.000     -2.730
    26     28     40     38    590.779     32.000     -2.730
    27     29     41     39    626.457     33.000     -2.730
    28     30     42     40    583.799     34.000     -2.730
    29     31     43     41    860.017     35.000     -2.730
    30     32     44     42    830.170     36.000     -2.730
    31     33     45     43    756.729     37.000     -2.730
    32     34     46     44    750.672     38.000     -2.730
    33     35     47     45    477.661     39.000     -2.730
    34     36     48     46    578.044     40.000     -2.730
     1      4     16     13    957.564      7.500     -2.925
     2      5     17     14   1136.035      8.500     -2.925
     3      6     18     15   1283.450      9.500     -2.925
     4      7     19     16   1165.156     10.500     -2.925
     5      8     20     17    916.867     11.500     -2.925
     6      9     21     18    893.555     12.500     -2.925
     7     10     22     19   1041.954     13.500     -2.925
     8     11     23     20   1168.556     14.500     -2.925
     9     12     24     21   1034.626     15.500     -2.925
    10     13     25     22   1199.064     16.500     -2.925
    11     14     26     23   1335.877     17.500     -2.925
    12     15     27     24   1480.778     18.500     -2.925
    13     16     28     25   1870.511     19.500     -2.925
    14     17     29     26   2291.386     20.500     -2.925
    15     18     30     27   2079.136     21.500     -2.925
    16     19     31     28   1886.865     22.500     -2.925
    17     20     32     29   1671.426     23.500     -2.925
    18     21     33     30   1409.204     24.500     -2.925
    19     22     34     31   1119.059     25.500     -2.925
    20     23     35     32    805.209     26.500     -2.925
    21     24     36     33    660.623     27.500     -2.925
    22     25     37     34    593.153     28.500     -2.925
    23     26     38     35    523.922     29.500     -2.925
    24     27     39     36    540.105     30.500     -2.925
    25     28     40     37    602.634     31.500     -2.925
    26     29     41     38    572.197     32.500     -2.925
    27     30     42     39    612.473     33.500     -2.925
    28     31     43     40    676.288     34.500     -2.925
    29     32     44     41    788.305     35.500     -2.925
    30     33     45     42    752.029     36.500     -2.925
    31     34     46     43    684.160     37.500     -2.925
    32     35     47     44    612.479     38.500     -2.925
    33     36     48     45    594.733     39.500     -2.925
     1      4     19     16    656.025      9.000     -3.510
     2      5     20     17    633.248     10.000     -3.510
     3      6     21     18    665.424     11.000     -3.510
     4      7     22     19    511.743     12.000     -3.510
     5      8     23     20    397.302     13.000     -3.510
     6      9     24     21    428.531     14.000     -3.510
     7     10     25     22    512.478     15.000     -3.510
     8     11     26     23    771.754     16.000     -3.510
     9     12     27     24   1115.853     17.000     -3.510
    10     13     28     25    948.650     18.000     -3.510
    11     14     29     26   1186.946     19.000     -3.510
    12     15     30     27   1098.741     20.000     -3.510
    13     16     31     28   1140.836     21.000     -3.510
    14     17     32     29   1153.978     22.000     -3.510
    15     18     33     30   1037.522     23.000     -3.510
    16     19     34     31    885.112     24.000     -3.510
    17     20     35     32    704.371     25.000     -3.510
    18     21     36     33    529.092     26.000     -3.510
    19     22     37     34    424.319     27.000     -3.510
    20     23     38     35    310.871     28.000     -3.510
    21     24     39     36    279.925     29.000     -3.510
    22     25     40     37    278.349     30.000     -3.510
    23     26     41     38    337.372     31.000     -3.510
    24     27     42     39    378.976     32.000     -3.510
    25     28     43     40    394.178     33.000     -3.510
    26     29     44     41    460.239     34.000     -3.510
    27     30     45     42    587.790     35.000     -3.510
    28     31     46     43    921.043     36.000     -3.510
    29     32     47     44   1056.386     37.000     -3.510
    30     33     48     45   1079.176     38.000     -3.510
     1      4     22     19    301.071     10.500     -4.095
     2      5     23     20    195.684     11.500     -4.095
     3      6     24     21    487.303     12.500     -4.095
     4      7     25     22    158.812     13.500     -4.095
     5      8     26     23    298.103     14.500     -4.095
     6      9     27     24    453.233     15.500     -4.095
     7     10     28     25    813.946     16.500     -4.095
     8     11     29     26    702.438     17.500     -4.095
     9     12     30     27    707.663     18.500     -4.095
    10     13     31     28    587.684     19.500     -4.095
    11     14     32     29    607.278     20.500     -4.095
    12     15     33     30    546.378     21.500     -4.095
    13     16     34     31    523.123     22.500     -4.095
    14     17     35     32    433.049     23.500     -4.095
    15     18     36     33    380.620     24.500     -4.095
    16     19     37     34    326.370     25.500     -4.095
    17     20     38     35    275.248     26.500     -4.095
    18     21     39     36    227.034     27.500     -4.095
    19     22     40     37    214.506     28.500     -4.095
    20     23     41     38    191.033     29.500     -4.095
    21     24     42     39    206.114     30.500     -4.095
    22     25     43     40    206.870     31.500     -4.095
    23     26     44     41     93.644     32.500     -4.095
    24     27     45     42    295.265     33.500     -4.095
    25     28     46     43    325.044     34.500     -4.095
    26     29     47     44    489.456     35.500     -4.095
    27     30     48     45   1187.362     36.500     -4.095
     1      5     25     21    110.950     12.000     -4.680
     2      6     26     22    160.269     13.000     -4.680
     3      7     27     23    150.736     14.000     -4.680
     4      8     28     24    317.031     15.000     -4.680
     5      9     29     25    387.698     16.000     -4.680
     6     10     30     26    507.475     17.000     -4.680
     7     11     31     27    448.122     18.000     -4.680
     8     12     32     28    485.489     19.000     -4.680
     9     13     33     29    425.985     20.000     -4.680
    10     14     34     30    393.549     21.000     -4.680
    11     15     35     31    352.743     22.000     -4.680
    12     16     36     32    259.536     23.000     -4.680
    13     17     37     33    278.129     24.000     -4.680
    14     18     38     34    247.593     25.000     -4.680
    15     19     39     35    222.545     26.000     -4.680
    16     20     40     36    210.391     27.000     -4.680
    17     21     41     37    188.119     28.000     -4.680
    18     22     42     38    184.258     29.000     -4.680
    19     23     43     39    167.384     30.000     -4.680
    20     24     44     40    144.870     31.000     -4.680
    21     25     45     41    134.993     32.000     -4.680
    22     26     46     42     -7.624     33.000     -4.680
    23     27     47     43    -39.183     34.000     -4.680
    24     28     48     44    266.322     35.000     -4.680
     1      5     29     25    185.660     14.000     -5.460
     2      6     30     26    159.133     15.000     -5.460
     3      7     31     27    137.283     16.000     -5.460
     4      8     32     28    166.702     17.000     -5.460
     5      9     33     29    165.287     18.000     -5.460
     6     10     34     30    202.987     19.000     -5.460
     7     11     35     31    192.299     20.000     -5.460
     8     12     36     32    151.501     21.000     -5.460
     9     13     37     33    147.569     22.000     -5.460
    10     14     38     34    122.869     23.000     -5.460
    11     15     39     35    119.042     24.000     -5.460
    12     16     40     36    141.737     25.000     -5.460
    13     17     41     37    138.096     26.000     -5.460
    14     18     42     38    149.496     27.000     -5.460
    15     19     43     39    159.313     28.000     -5.460
    16     20     44     40    140.471     29.000     -5.460
    17     21     45     41    136.618     30.000     -5.460
    18     22     46     42    117.327     31.000     -5.460
    19     23     47     43     85.686     32.000     -5.460
    20     24     48     44     69.647     33.000     -5.460
     1      6     31     26    162.479     15.000     -5.850
     2      7     32     27    151.592     16.000     -5.850
     3      8     33     28    130.752     17.000     -5.850
     4      9     34     29    149.454     18.000     -5.850
     5     10     35     30    177.695     19.000     -5.850
     6     11     36     31    166.762     20.000     -5.850
     7     12     37     32    146.442     21.000     -5.850
     8     13     38     33    137.111     22.000     -5.850
     9     14     39     34    126.424     23.000     -5.850
    10     15     40     35    128.610     24.000     -5.850
    11     16     41     36    123.502     25.000     -5.850
    12     17     42     37    130.043     26.000     -5.850
    13     18     43     38    136.904     27.000     -5.850
    14     19     44     39    148.798     28.000     -5.850
    15     20     45     40    135.227     29.000     -5.850
    16     21     46     41    126.782     30.000     -5.850
    17     22     47     42    114.096     31.000     -5.850
    18     23     48     43    114.926     32.000     -5.850
     1      6     36     31     81.702     17.500     -6.825
     2      7     37     32     56.665     18.500     -6.825
     3      8     38     33     59.667     19.500     -6.825
     4      9     39     34     63.691     20.500     -6.825
     5     10     40     35     75.276     21.500     -6.825
     6     11     41     36     74.748     22.500     -6.825
     7     12     42     37     98.070     23.500     -6.825
     8     13     43     38    105.393     24.500     -6.825
     9     14     44     39    114.200     25.500     -6.825
    10     15     45     40     92.264     26.500     -6.825
    11     16     46     41    105.129     27.500     -6.825
    12     17     47     42    127.593     28.500     -6.825
    13     18     48     43    202.869     29.500     -6.825
     1      7     37     31     80.390     18.000     -7.020
     2      8     38     32     58.422     19.000     -7.020
     3      9     39     33     63.810     20.000     -7.020
     4     10     40     34     71.839     21.000     -7.020
     5     11     41     35     81.747     22.000     -7.020
     6     12     42     36     85.615     23.000     -7.020
     7     13     43     37     92.378     24.000     -7.020
     8     14     44     38    101.742     25.000     -7.020
     9     15     45     39    106.515     26.000     -7.020
    10     16     46     40     95.794     27.000     -7.020
    11     17     47     41    114.952     28.000     -7.020
    12     18     48     42    227.032     29.000     -7.020
     1      7     43     37     58.189     21.000     -8.190
     2      8     44     38     59.756     22.000     -8.190
     3      9     45     39     64.364     23.000     -8.190
     4     10     46     40     65.591     24.000     -8.190
     5     11     47     41     76.872     25.000     -8.190
     6     12     48     42    117.723     26.000     -8.190
     1     10     46     37     66.026     22.500     -8.775
     2     11     47     38     74.220     23.500     -8.775
     3     12     48     39    105.842     24.500     -8.775
