48# Number of electrodes
# x z
0.000     0.000
1.000     0.000
2.000     0.000
3.000     0.000
4.000     0.000
5.000     0.000
6.000     0.000
7.000     0.000
8.000     0.000
9.000     0.000
10.000     0.000
11.000     0.000
12.000     0.000
13.000     0.000
14.000     0.000
15.000     0.000
16.000     0.000
17.000     0.000
18.000     0.000
19.000     0.000
20.000     0.000
21.000     0.000
22.000     0.000
23.000     0.000
24.000     0.000
25.000     0.000
26.000     0.000
27.000     0.000
28.000     0.000
29.000     0.000
30.000     0.000
31.000     0.000
32.000     0.000
33.000     0.000
34.000     0.000
35.000     0.000
36.000     0.000
37.000     0.000
38.000     0.000
39.000     0.000
40.000     0.000
41.000     0.000
42.000     0.000
43.000     0.000
44.000     0.000
45.000     0.000
46.000     0.000
47.000     0.000
909# Number of data
# a   b   m   n      rhoa      x      z
     1      4      2      3    960.128      1.500     -0.330
     2      5      3      4   1189.189      2.500     -0.330
     3      6      4      5   1477.022      3.500     -0.330
     4      7      5      6   1480.639      4.500     -0.330
     5      8      6      7   1832.782      5.500     -0.330
     6      9      7      8   1761.090      6.500     -0.330
     7     10      8      9   2556.611      7.500     -0.330
     8     11      9     10   3597.486      8.500     -0.330
     9     12     10     11   3454.684      9.500     -0.330
    10     13     11     12   4579.126     10.500     -0.330
    11     14     12     13   3565.148     11.500     -0.330
    12     15     13     14   4313.858     12.500     -0.330
    13     16     14     15   4152.254     13.500     -0.330
    14     17     15     16   4278.646     14.500     -0.330
    15     18     16     17   4721.505     15.500     -0.330
    16     19     17     18   4135.894     16.500     -0.330
    17     20     18     19   3832.377     17.500     -0.330
    18     21     19     20   3495.232     18.500     -0.330
    19     22     20     21   2669.548     19.500     -0.330
    20     23     21     22   2556.424     20.500     -0.330
    21     24     22     23   1929.787     21.500     -0.330
    22     25     23     24   2140.750     22.500     -0.330
    23     26     24     25   2202.961     23.500     -0.330
    24     27     25     26   2106.895     24.500     -0.330
    25     28     26     27   3033.798     25.500     -0.330
    26     29     27     28   2821.597     26.500     -0.330
    27     30     28     29   2841.669     27.500     -0.330
    28     31     29     30   3120.613     28.500     -0.330
    29     32     30     31   2623.871     29.500     -0.330
    30     33     31     32   2277.566     30.500     -0.330
    31     34     32     33   2023.028     31.500     -0.330
    32     35     33     34   1524.269     32.500     -0.330
    33     36     34     35   1322.156     33.500     -0.330
    34     37     35     36   1242.228     34.500     -0.330
    35     38     36     37   1119.497     35.500     -0.330
    36     39     37     38   1072.021     36.500     -0.330
    37     40     38     39    899.895     37.500     -0.330
    38     41     39     40   1243.483     38.500     -0.330
    39     42     40     41    960.489     39.500     -0.330
    40     43     41     42   1454.904     40.500     -0.330
    41     44     42     43   1430.411     41.500     -0.330
    42     45     43     44   2053.117     42.500     -0.330
    43     46     44     45   2145.619     43.500     -0.330
    44     47     45     46   3479.810     44.500     -0.330
    45     48     46     47   4042.811     45.500     -0.330
     1      7      3      5   1327.141      3.000     -0.660
     2      8      4      6   1725.576      4.000     -0.660
     3      9      5      7   1904.192      5.000     -0.660
     4     10      6      8   1931.208      6.000     -0.660
     5     11      7      9   2340.836      7.000     -0.660
     6     12      8     10   3142.470      8.000     -0.660
     7     13      9     11   3421.796      9.000     -0.660
     8     14     10     12   3414.116     10.000     -0.660
     9     15     11     13   3737.545     11.000     -0.660
    10     16     12     14   4062.283     12.000     -0.660
    11     17     13     15   4063.727     13.000     -0.660
    12     18     14     16   4048.416     14.000     -0.660
    13     19     15     17   4239.324     15.000     -0.660
    14     20     16     18   4056.342     16.000     -0.660
    15     21     17     19   3881.914     17.000     -0.660
    16     22     18     20   3629.434     18.000     -0.660
    17     23     19     21   3346.912     19.000     -0.660
    18     24     20     22   2941.232     20.000     -0.660
    19     25     21     23   2774.363     21.000     -0.660
    20     26     22     24   2778.286     22.000     -0.660
    21     27     23     25   2561.999     23.000     -0.660
    22     28     24     26   2418.298     24.000     -0.660
    23     29     25     27   2729.373     25.000     -0.660
    24     30     26     28   2952.331     26.000     -0.660
    25     31     27     29   2530.852     27.000     -0.660
    26     32     28     30   2485.475     28.000     -0.660
    27     33     29     31   2524.632     29.000     -0.660
    28     34     30     32   2259.651     30.000     -0.660
    29     35     31     33   1997.400     31.000     -0.660
    30     36     32     34   1793.264     32.000     -0.660
    31     37     33     35   1532.792     33.000     -0.660
    32     38     34     36   1443.028     34.000     -0.660
    33     39     35     37   1326.262     35.000     -0.660
    34     40     36     38   1052.060     36.000     -0.660
    35     41     37     39    951.570     37.000     -0.660
    36     42     38     40   1136.990     38.000     -0.660
    37     43     39     41   1250.531     39.000     -0.660
    38     44     40     42   1293.615     40.000     -0.660
    39     45     41     43   1427.610     41.000     -0.660
    40     46     42     44   1765.251     42.000     -0.660
    41     47     43     45   2117.428     43.000     -0.660
    42     48     44     46   2932.857     44.000     -0.660
     1     10      4      7   1622.766      4.500     -0.990
     2     11      5      8   1589.802      5.500     -0.990
     3     12      6      9   1832.814      6.500     -0.990
     4     13      7     10   2357.772      7.500     -0.990
     5     14      8     11   2852.602      8.500     -0.990
     6     15      9     12   3347.377      9.500     -0.990
     7     16     10     13   3317.698     10.500     -0.990
     8     17     11     14   3104.576     11.500     -0.990
     9     18     12     15   3072.745     12.500     -0.990
    10     19     13     16   3356.208     13.500     -0.990
    11     20     14     17   3349.067     14.500     -0.990
    12     21     15     18   3582.817     15.500     -0.990
    13     22     16     19   3522.260     16.500     -0.990
    14     23     17     20   3400.858     17.500     -0.990
    15     24     18     21   3188.842     18.500     -0.990
    16     25     19     22   3044.416     19.500     -0.990
    17     26     20     23   2823.711     20.500     -0.990
    18     27     21     24   2667.521     21.500     -0.990
    19     28     22     25   2456.364     22.500     -0.990
    20     29     23     26   2449.592     23.500     -0.990
    21     30     24     27   2471.869     24.500     -0.990
    22     31     25     28   2453.522     25.500     -0.990
    23     32     26     29   2389.993     26.500     -0.990
    24     33     27     30   2213.136     27.500     -0.990
    25     34     28     31   2058.241     28.500     -0.990
    26     35     29     32   1902.702     29.500     -0.990
    27     36     30     33   1777.738     30.500     -0.990
    28     37     31     34   1595.547     31.500     -0.990
    29     38     32     35   1447.097     32.500     -0.990
    30     39     33     36   1423.795     33.500     -0.990
    31     40     34     37   1300.856     34.500     -0.990
    32     41     35     38   1170.525     35.500     -0.990
    33     42     36     39    999.451     36.500     -0.990
    34     43     37     40   1056.627     37.500     -0.990
    35     44     38     41   1072.043     38.500     -0.990
    36     45     39     42   1312.855     39.500     -0.990
    37     46     40     43   1327.159     40.500     -0.990
    38     47     41     44   1594.449     41.500     -0.990
    39     48     42     45   1724.344     42.500     -0.990
     1     13      5      9   1426.175      6.000     -1.320
     2     14      6     10   1832.048      7.000     -1.320
     3     15      7     11   2149.521      8.000     -1.320
     4     16      8     12   2489.256      9.000     -1.320
     5     17      9     13   2555.117     10.000     -1.320
     6     18     10     14   2604.774     11.000     -1.320
     7     19     11     15   2438.209     12.000     -1.320
     8     20     12     16   2251.968     13.000     -1.320
     9     21     13     17   2468.608     14.000     -1.320
    10     22     14     18   2641.717     15.000     -1.320
    11     23     15     19   2900.869     16.000     -1.320
    12     24     16     20   2983.772     17.000     -1.320
    13     25     17     21   2802.619     18.000     -1.320
    14     26     18     22   2746.773     19.000     -1.320
    15     27     19     23   2382.615     20.000     -1.320
    16     28     20     24   2258.375     21.000     -1.320
    17     29     21     25   2196.369     22.000     -1.320
    18     30     22     26   2014.813     23.000     -1.320
    19     31     23     27   2135.773     24.000     -1.320
    20     32     24     28   2071.829     25.000     -1.320
    21     33     25     29   1982.857     26.000     -1.320
    22     34     26     30   2070.546     27.000     -1.320
    23     35     27     31   1788.432     28.000     -1.320
    24     36     28     32   1646.523     29.000     -1.320
    25     37     29     33   1502.068     30.000     -1.320
    26     38     30     34   1331.750     31.000     -1.320
    27     39     31     35   1298.179     32.000     -1.320
    28     40     32     36   1201.377     33.000     -1.320
    29     41     33     37   1094.694     34.000     -1.320
    30     42     34     38   1090.348     35.000     -1.320
    31     43     35     39   1042.139     36.000     -1.320
    32     44     36     40   1011.040     37.000     -1.320
    33     45     37     41   1018.771     38.000     -1.320
    34     46     38     42   1116.866     39.000     -1.320
    35     47     39     43   1218.796     40.000     -1.320
    36     48     40     44   1344.866     41.000     -1.320
     1     16      6     11   1602.206      7.500     -1.650
     2     17      7     12   1707.074      8.500     -1.650
     3     18      8     13   1755.345      9.500     -1.650
     4     19      9     14   1824.014     10.500     -1.650
     5     20     10     15   1836.247     11.500     -1.650
     6     21     11     16   1897.190     12.500     -1.650
     7     22     12     17   1870.408     13.500     -1.650
     8     23     13     18   1900.452     14.500     -1.650
     9     24     14     19   1981.976     15.500     -1.650
    10     25     15     20   2276.494     16.500     -1.650
    11     26     16     21   2333.589     17.500     -1.650
    12     27     17     22   2152.824     18.500     -1.650
    13     28     18     23   1948.473     19.500     -1.650
    14     29     19     24   1853.831     20.500     -1.650
    15     30     20     25   1663.338     21.500     -1.650
    16     31     21     26   1627.444     22.500     -1.650
    17     32     22     27   1646.423     23.500     -1.650
    18     33     23     28   1650.729     24.500     -1.650
    19     34     24     29   1646.842     25.500     -1.650
    20     35     25     30   1706.228     26.500     -1.650
    21     36     26     31   1678.025     27.500     -1.650
    22     37     27     32   1461.368     28.500     -1.650
    23     38     28     33   1305.358     29.500     -1.650
    24     39     29     34   1246.388     30.500     -1.650
    25     40     30     35   1073.691     31.500     -1.650
    26     41     31     36   1004.778     32.500     -1.650
    27     42     32     37    965.625     33.500     -1.650
    28     43     33     38    899.156     34.500     -1.650
    29     44     34     39    860.272     35.500     -1.650
    30     45     35     40    945.709     36.500     -1.650
    31     46     36     41    930.166     37.500     -1.650
    32     47     37     42    992.155     38.500     -1.650
    33     48     38     43   1024.218     39.500     -1.650
     1     19      7     13   1179.444      9.000     -1.980
     2     20      8     14   1272.959     10.000     -1.980
     3     21      9     15   1339.976     11.000     -1.980
     4     22     10     16   1393.982     12.000     -1.980
     5     23     11     17   1504.189     13.000     -1.980
     6     24     12     18   1510.462     14.000     -1.980
     7     25     13     19   1596.777     15.000     -1.980
     8     26     14     20   1568.798     16.000     -1.980
     9     27     15     21   1514.625     17.000     -1.980
    10     28     16     22   1575.521     18.000     -1.980
    11     29     17     23   1478.631     19.000     -1.980
    12     30     18     24   1418.621     20.000     -1.980
    13     31     19     25   1287.164     21.000     -1.980
    14     32     20     26   1207.510     22.000     -1.980
    15     33     21     27   1215.819     23.000     -1.980
    16     34     22     28   1231.339     24.000     -1.980
    17     35     23     29   1303.308     25.000     -1.980
    18     36     24     30   1326.528     26.000     -1.980
    19     37     25     31   1371.758     27.000     -1.980
    20     38     26     32   1390.837     28.000     -1.980
    21     39     27     33   1228.224     29.000     -1.980
    22     40     28     34   1093.356     30.000     -1.980
    23     41     29     35    991.648     31.000     -1.980
    24     42     30     36    917.358     32.000     -1.980
    25     43     31     37    830.163     33.000     -1.980
    26     44     32     38    750.230     34.000     -1.980
    27     45     33     39    734.611     35.000     -1.980
    28     46     34     40    762.272     36.000     -1.980
    29     47     35     41    766.925     37.000     -1.980
    30     48     36     42    816.176     38.000     -1.980
     1     22      8     15    973.516     10.500     -2.310
     2     23      9     16   1081.355     11.500     -2.310
     3     24     10     17   1139.009     12.500     -2.310
     4     25     11     18   1185.100     13.500     -2.310
     5     26     12     19   1227.786     14.500     -2.310
     6     27     13     20   1171.465     15.500     -2.310
     7     28     14     21   1084.111     16.500     -2.310
     8     29     15     22   1016.912     17.500     -2.310
     9     30     16     23    966.901     18.500     -2.310
    10     31     17     24    991.762     19.500     -2.310
    11     32     18     25    939.662     20.500     -2.310
    12     33     19     26    929.494     21.500     -2.310
    13     34     20     27    898.690     22.500     -2.310
    14     35     21     28    927.398     23.500     -2.310
    15     36     22     29    920.979     24.500     -2.310
    16     37     23     30   1009.746     25.500     -2.310
    17     38     24     31   1075.557     26.500     -2.310
    18     39     25     32   1116.223     27.500     -2.310
    19     40     26     33   1137.997     28.500     -2.310
    20     41     27     34   1022.972     29.500     -2.310
    21     42     28     35    921.437     30.500     -2.310
    22     43     29     36    865.912     31.500     -2.310
    23     44     30     37    749.347     32.500     -2.310
    24     45     31     38    700.011     33.500     -2.310
    25     46     32     39    623.541     34.500     -2.310
    26     47     33     40    605.005     35.500     -2.310
    27     48     34     41    622.849     36.500     -2.310
     1     25      9     17    898.127     12.000     -2.640
     2     26     10     18    936.885     13.000     -2.640
     3     27     11     19    844.596     14.000     -2.640
     4     28     12     20    818.372     15.000     -2.640
     5     29     13     21    793.335     16.000     -2.640
     6     30     14     22    715.058     17.000     -2.640
     7     31     15     23    686.005     18.000     -2.640
     8     32     16     24    628.352     19.000     -2.640
     9     33     17     25    602.204     20.000     -2.640
    10     34     18     26    624.915     21.000     -2.640
    11     35     19     27    680.733     22.000     -2.640
    12     36     20     28    686.368     23.000     -2.640
    13     37     21     29    683.732     24.000     -2.640
    14     38     22     30    747.112     25.000     -2.640
    15     39     23     31    806.554     26.000     -2.640
    16     40     24     32    838.833     27.000     -2.640
    17     41     25     33    905.080     28.000     -2.640
    18     42     26     34    919.335     29.000     -2.640
    19     43     27     35    849.046     30.000     -2.640
    20     44     28     36    789.872     31.000     -2.640
    21     45     29     37    727.803     32.000     -2.640
    22     46     30     38    641.182     33.000     -2.640
    23     47     31     39    572.516     34.000     -2.640
    24     48     32     40    523.961     35.000     -2.640
     1     28     10     19    635.414     13.500     -2.970
     2     29     11     20    593.305     14.500     -2.970
     3     30     12     21    498.618     15.500     -2.970
     4     31     13     22    502.550     16.500     -2.970
     5     32     14     23    459.807     17.500     -2.970
     6     33     15     24    438.063     18.500     -2.970
     7     34     16     25    456.842     19.500     -2.970
     8     35     17     26    415.672     20.500     -2.970
     9     36     18     27    435.117     21.500     -2.970
    10     37     19     28    491.450     22.500     -2.970
    11     38     20     29    515.806     23.500     -2.970
    12     39     21     30    566.167     24.500     -2.970
    13     40     22     31    582.113     25.500     -2.970
    14     41     23     32    649.948     26.500     -2.970
    15     42     24     33    670.239     27.500     -2.970
    16     43     25     34    712.160     28.500     -2.970
    17     44     26     35    742.587     29.500     -2.970
    18     45     27     36    701.134     30.500     -2.970
    19     46     28     37    650.777     31.500     -2.970
    20     47     29     38    594.448     32.500     -2.970
    21     48     30     39    516.142     33.500     -2.970
     1     31     11     21    389.238     15.000     -3.300
     2     32     12     22    335.776     16.000     -3.300
     3     33     13     23    318.740     17.000     -3.300
     4     34     14     24    325.319     18.000     -3.300
     5     35     15     25    327.891     19.000     -3.300
     6     36     16     26    326.600     20.000     -3.300
     7     37     17     27    344.182     21.000     -3.300
     8     38     18     28    339.779     22.000     -3.300
     9     39     19     29    363.990     23.000     -3.300
    10     40     20     30    412.813     24.000     -3.300
    11     41     21     31    458.142     25.000     -3.300
    12     42     22     32    500.227     26.000     -3.300
    13     43     23     33    513.259     27.000     -3.300
    14     44     24     34    539.641     28.000     -3.300
    15     45     25     35    566.206     29.000     -3.300
    16     46     26     36    589.649     30.000     -3.300
    17     47     27     37    555.303     31.000     -3.300
    18     48     28     38    493.731     32.000     -3.300
     1     34     12     23    216.120     16.500     -3.630
     2     35     13     24    245.456     17.500     -3.630
     3     36     14     25    211.797     18.500     -3.630
     4     37     15     26    254.349     19.500     -3.630
     5     38     16     27    276.752     20.500     -3.630
     6     39     17     28    272.325     21.500     -3.630
     7     40     18     29    285.990     22.500     -3.630
     8     41     19     30    298.229     23.500     -3.630
     9     42     20     31    325.411     24.500     -3.630
    10     43     21     32    354.417     25.500     -3.630
    11     44     22     33    391.464     26.500     -3.630
    12     45     23     34    438.940     27.500     -3.630
    13     46     24     35    421.801     28.500     -3.630
    14     47     25     36    454.142     29.500     -3.630
    15     48     26     37    429.393     30.500     -3.630
     1     37     13     25    191.512     18.000     -3.960
     2     38     14     26    185.302     19.000     -3.960
     3     39     15     27    188.848     20.000     -3.960
     4     40     16     28    233.301     21.000     -3.960
     5     41     17     29    237.103     22.000     -3.960
     6     42     18     30    254.624     23.000     -3.960
     7     43     19     31    269.495     24.000     -3.960
     8     44     20     32    269.551     25.000     -3.960
     9     45     21     33    304.658     26.000     -3.960
    10     46     22     34    320.180     27.000     -3.960
    11     47     23     35    346.765     28.000     -3.960
    12     48     24     36    353.283     29.000     -3.960
     1     40     14     27    162.911     19.500     -4.290
     2     41     15     28    184.734     20.500     -4.290
     3     42     16     29    180.878     21.500     -4.290
     4     43     17     30    217.460     22.500     -4.290
     5     44     18     31    216.172     23.500     -4.290
     6     45     19     32    243.969     24.500     -4.290
     7     46     20     33    236.271     25.500     -4.290
     8     47     21     34    229.113     26.500     -4.290
     9     48     22     35    246.321     27.500     -4.290
     1     43     15     29    164.940     21.000     -4.620
     2     44     16     30    177.198     22.000     -4.620
     3     45     17     31    171.941     23.000     -4.620
     4     46     18     32    206.097     24.000     -4.620
     5     47     19     33    209.741     25.000     -4.620
     6     48     20     34    185.436     26.000     -4.620
     1     46     16     31    161.217     22.500     -4.950
     2     47     17     32    169.381     23.500     -4.950
     3     48     18     33    169.017     24.500     -4.950
     1      2      4      3   1236.370      1.500     -0.585
     2      3      5      4   1058.423      2.500     -0.585
     3      4      6      5   1132.305      3.500     -0.585
     4      5      7      6   1888.150      4.500     -0.585
     5      6      8      7   1473.494      5.500     -0.585
     6      7      9      8   1572.521      6.500     -0.585
     7      8     10      9   1906.646      7.500     -0.585
     8      9     11     10   3259.618      8.500     -0.585
     9     10     12     11   5403.842      9.500     -0.585
    10     11     13     12   3693.962     10.500     -0.585
    11     12     14     13   4576.259     11.500     -0.585
    12     13     15     14   3046.124     12.500     -0.585
    13     14     16     15   4056.837     13.500     -0.585
    14     15     17     16   5350.017     14.500     -0.585
    15     16     18     17   4399.709     15.500     -0.585
    16     17     19     18   4303.945     16.500     -0.585
    17     18     20     19   4019.078     17.500     -0.585
    18     19     21     20   3278.254     18.500     -0.585
    19     20     22     21   2927.020     19.500     -0.585
    20     21     23     22   1788.860     20.500     -0.585
    21     22     24     23   1828.214     21.500     -0.585
    22     23     25     24   1573.230     22.500     -0.585
    23     24     26     25   1785.256     23.500     -0.585
    24     25     27     26   2628.335     24.500     -0.585
    25     26     28     27   2207.170     25.500     -0.585
    26     27     29     28   3261.032     26.500     -0.585
    27     28     30     29   3508.218     27.500     -0.585
    28     29     31     30   2746.896     28.500     -0.585
    29     30     32     31   2974.906     29.500     -0.585
    30     31     33     32   2605.375     30.500     -0.585
    31     32     34     33   1674.025     31.500     -0.585
    32     33     35     34   1439.234     32.500     -0.585
    33     34     36     35   1286.994     33.500     -0.585
    34     35     37     36   1095.176     34.500     -0.585
    35     36     38     37   1053.632     35.500     -0.585
    36     37     39     38   1075.563     36.500     -0.585
    37     38     40     39   1176.031     37.500     -0.585
    38     39     41     40    678.303     38.500     -0.585
    39     40     42     41   1263.791     39.500     -0.585
    40     41     43     42   1081.114     40.500     -0.585
    41     42     44     43   1715.122     41.500     -0.585
    42     43     45     44   1670.601     42.500     -0.585
    43     44     46     45   2457.263     43.500     -0.585
    44     45     47     46   2456.725     44.500     -0.585
    45     46     48     47   4532.275     45.500     -0.585
     1      2      5      4   1087.069      2.000     -0.780
     2      3      6      5   1250.410      3.000     -0.780
     3      4      7      6   1746.599      4.000     -0.780
     4      5      8      7   1736.614      5.000     -0.780
     5      6      9      8   2411.615      6.000     -0.780
     6      7     10      9   2530.665      7.000     -0.780
     7      8     11     10   2498.137      8.000     -0.780
     8      9     12     11   3872.240      9.000     -0.780
     9     10     13     12   4559.615     10.000     -0.780
    10     11     14     13   4296.102     11.000     -0.780
    11     12     15     14   3858.689     12.000     -0.780
    12     13     16     15   4425.506     13.000     -0.780
    13     14     17     16   5194.206     14.000     -0.780
    14     15     18     17   4982.727     15.000     -0.780
    15     16     19     18   4930.377     16.000     -0.780
    16     17     20     19   4672.365     17.000     -0.780
    17     18     21     20   3394.215     18.000     -0.780
    18     19     22     21   3436.647     19.000     -0.780
    19     20     23     22   2502.291     20.000     -0.780
    20     21     24     23   2394.676     21.000     -0.780
    21     22     25     24   2265.175     22.000     -0.780
    22     23     26     25   1944.886     23.000     -0.780
    23     24     27     26   3296.170     24.000     -0.780
    24     25     28     27   2480.058     25.000     -0.780
    25     26     29     28   2519.361     26.000     -0.780
    26     27     30     29   3647.425     27.000     -0.780
    27     28     31     30   3327.431     28.000     -0.780
    28     29     32     31   2970.468     29.000     -0.780
    29     30     33     32   3015.146     30.000     -0.780
    30     31     34     33   2216.150     31.000     -0.780
    31     32     35     34   1762.696     32.000     -0.780
    32     33     36     35   1528.915     33.000     -0.780
    33     34     37     36   1191.087     34.000     -0.780
    34     35     38     37   1076.873     35.000     -0.780
    35     36     39     38   1151.524     36.000     -0.780
    36     37     40     39   1313.860     37.000     -0.780
    37     38     41     40    887.578     38.000     -0.780
    38     39     42     41    850.361     39.000     -0.780
    39     40     43     42   1301.134     40.000     -0.780
    40     41     44     43   1422.073     41.000     -0.780
    41     42     45     44   1823.632     42.000     -0.780
    42     43     46     45   2077.260     43.000     -0.780
    43     44     47     46   2595.769     44.000     -0.780
    44     45     48     47   3222.261     45.000     -0.780
     1      2      6      5   1206.808      2.500     -0.975
     2      3      7      6   1581.513      3.500     -0.975
     3      4      8      7   1465.329      4.500     -0.975
     4      5      9      8   2564.518      5.500     -0.975
     5      6     10      9   3104.788      6.500     -0.975
     6      7     11     10   3168.987      7.500     -0.975
     7      8     12     11   2764.840      8.500     -0.975
     8      9     13     12   3451.652      9.500     -0.975
     9     10     14     13   4865.694     10.500     -0.975
    10     11     15     14   4182.669     11.500     -0.975
    11     12     16     15   5114.490     12.500     -0.975
    12     13     17     16   5237.628     13.500     -0.975
    13     14     18     17   5114.957     14.500     -0.975
    14     15     19     18   5005.032     15.500     -0.975
    15     16     20     19   4935.517     16.500     -0.975
    16     17     21     20   4010.132     17.500     -0.975
    17     18     22     21   3672.550     18.500     -0.975
    18     19     23     22   3086.749     19.500     -0.975
    19     20     24     23   3079.059     20.500     -0.975
    20     21     25     24   2613.571     21.500     -0.975
    21     22     26     25   2537.142     22.500     -0.975
    22     23     27     26   3110.453     23.500     -0.975
    23     24     28     27   3087.217     24.500     -0.975
    24     25     29     28   2625.356     25.500     -0.975
    25     26     30     29   2880.460     26.500     -0.975
    26     27     31     30   3459.150     27.500     -0.975
    27     28     32     31   3039.919     28.500     -0.975
    28     29     33     32   2747.789     29.500     -0.975
    29     30     34     33   2564.300     30.500     -0.975
    30     31     35     34   2194.655     31.500     -0.975
    31     32     36     35   1742.364     32.500     -0.975
    32     33     37     36   1372.929     33.500     -0.975
    33     34     38     37   1102.555     34.500     -0.975
    34     35     39     38   1033.917     35.500     -0.975
    35     36     40     39   1454.954     36.500     -0.975
    36     37     41     40    963.553     37.500     -0.975
    37     38     42     41    984.886     38.500     -0.975
    38     39     43     42    796.755     39.500     -0.975
    39     40     44     43   1501.972     40.500     -0.975
    40     41     45     44   1320.815     41.500     -0.975
    41     42     46     45   2056.140     42.500     -0.975
    42     43     47     46   2079.216     43.500     -0.975
    43     44     48     47   3139.000     44.500     -0.975
     1      2      7      6   1437.790      3.000     -1.170
     2      3      8      7   1273.373      4.000     -1.170
     3      4      9      8   1955.176      5.000     -1.170
     4      5     10      9   3106.155      6.000     -1.170
     5      6     11     10   3463.439      7.000     -1.170
     6      7     12     11   3175.954      8.000     -1.170
     7      8     13     12   2310.488      9.000     -1.170
     8      9     14     13   3816.881     10.000     -1.170
     9     10     15     14   4575.074     11.000     -1.170
    10     11     16     15   4939.632     12.000     -1.170
    11     12     17     16   5943.537     13.000     -1.170
    12     13     18     17   4869.644     14.000     -1.170
    13     14     19     18   5041.797     15.000     -1.170
    14     15     20     19   4671.388     16.000     -1.170
    15     16     21     20   3933.001     17.000     -1.170
    16     17     22     21   4040.357     18.000     -1.170
    17     18     23     22   3095.595     19.000     -1.170
    18     19     24     23   3495.439     20.000     -1.170
    19     20     25     24   3068.229     21.000     -1.170
    20     21     26     25   2697.862     22.000     -1.170
    21     22     27     26   3688.342     23.000     -1.170
    22     23     28     27   2688.765     24.000     -1.170
    23     24     29     28   3040.201     25.000     -1.170
    24     25     30     29   2810.833     26.000     -1.170
    25     26     31     30   2700.313     27.000     -1.170
    26     27     32     31   3129.683     28.000     -1.170
    27     28     33     32   2765.004     29.000     -1.170
    28     29     34     33   2132.473     30.000     -1.170
    29     30     35     34   2443.815     31.000     -1.170
    30     31     36     35   2110.498     32.000     -1.170
    31     32     37     36   1507.731     33.000     -1.170
    32     33     38     37   1220.565     34.000     -1.170
    33     34     39     38   1003.382     35.000     -1.170
    34     35     40     39   1216.618     36.000     -1.170
    35     36     41     40   1041.544     37.000     -1.170
    36     37     42     41   1039.717     38.000     -1.170
    37     38     43     42    873.275     39.000     -1.170
    38     39     44     43    935.867     40.000     -1.170
    39     40     45     44   1283.894     41.000     -1.170
    40     41     46     45   1459.286     42.000     -1.170
    41     42     47     46   2049.095     43.000     -1.170
    42     43     48     47   2384.968     44.000     -1.170
     1      2      8      7   1160.028      3.500     -1.365
     2      3      9      8   1725.755      4.500     -1.365
     3      4     10      9   2301.301      5.500     -1.365
     4      5     11     10   3327.244      6.500     -1.365
     5      6     12     11   3420.598      7.500     -1.365
     6      7     13     12   2815.371      8.500     -1.365
     7      8     14     13   2452.901      9.500     -1.365
     8      9     15     14   3001.238     10.500     -1.365
     9     10     16     15   5405.607     11.500     -1.365
    10     11     17     16   5361.102     12.500     -1.365
    11     12     18     17   5174.608     13.500     -1.365
    12     13     19     18   4973.824     14.500     -1.365
    13     14     20     19   4506.792     15.500     -1.365
    14     15     21     20   3592.492     16.500     -1.365
    15     16     22     21   4185.784     17.500     -1.365
    16     17     23     22   3362.832     18.500     -1.365
    17     18     24     23   3341.859     19.500     -1.365
    18     19     25     24   3203.018     20.500     -1.365
    19     20     26     25   3002.617     21.500     -1.365
    20     21     27     26   3708.420     22.500     -1.365
    21     22     28     27   3058.775     23.500     -1.365
    22     23     29     28   2481.404     24.500     -1.365
    23     24     30     29   3099.821     25.500     -1.365
    24     25     31     30   2460.633     26.500     -1.365
    25     26     32     31   2360.176     27.500     -1.365
    26     27     33     32   2736.205     28.500     -1.365
    27     28     34     33   2093.410     29.500     -1.365
    28     29     35     34   1955.169     30.500     -1.365
    29     30     36     35   2287.241     31.500     -1.365
    30     31     37     36   1712.611     32.500     -1.365
    31     32     38     37   1270.345     33.500     -1.365
    32     33     39     38   1095.940     34.500     -1.365
    33     34     40     39   1190.168     35.500     -1.365
    34     35     41     40    880.050     36.500     -1.365
    35     36     42     41   1115.732     37.500     -1.365
    36     37     43     42    898.476     38.500     -1.365
    37     38     44     43    977.292     39.500     -1.365
    38     39     45     44    873.031     40.500     -1.365
    39     40     46     45   1538.208     41.500     -1.365
    40     41     47     46   1478.751     42.500     -1.365
    41     42     48     47   2284.984     43.500     -1.365
     1      3      9      7   1383.594      4.000     -1.560
     2      4     10      8   2011.939      5.000     -1.560
     3      5     11      9   2864.434      6.000     -1.560
     4      6     12     10   3351.187      7.000     -1.560
     5      7     13     11   3061.711      8.000     -1.560
     6      8     14     12   2485.416      9.000     -1.560
     7      9     15     13   3080.929     10.000     -1.560
     8     10     16     14   4226.696     11.000     -1.560
     9     11     17     15   5155.425     12.000     -1.560
    10     12     18     16   5394.150     13.000     -1.560
    11     13     19     17   4916.299     14.000     -1.560
    12     14     20     18   4708.019     15.000     -1.560
    13     15     21     19   4224.949     16.000     -1.560
    14     16     22     20   3833.144     17.000     -1.560
    15     17     23     21   3787.086     18.000     -1.560
    16     18     24     22   3281.251     19.000     -1.560
    17     19     25     23   3319.718     20.000     -1.560
    18     20     26     24   3092.893     21.000     -1.560
    19     21     27     25   3181.884     22.000     -1.560
    20     22     28     26   3445.552     23.000     -1.560
    21     23     29     27   2729.943     24.000     -1.560
    22     24     30     28   2837.762     25.000     -1.560
    23     25     31     29   2774.450     26.000     -1.560
    24     26     32     30   2485.514     27.000     -1.560
    25     27     33     31   2703.796     28.000     -1.560
    26     28     34     32   2505.892     29.000     -1.560
    27     29     35     33   2031.554     30.000     -1.560
    28     30     36     34   2184.227     31.000     -1.560
    29     31     37     35   2015.437     32.000     -1.560
    30     32     38     36   1488.896     33.000     -1.560
    31     33     39     37   1188.852     34.000     -1.560
    32     34     40     38   1095.593     35.000     -1.560
    33     35     41     39   1076.529     36.000     -1.560
    34     36     42     40   1005.096     37.000     -1.560
    35     37     43     41   1010.388     38.000     -1.560
    36     38     44     42    920.408     39.000     -1.560
    37     39     45     43    912.926     40.000     -1.560
    38     40     46     44   1197.206     41.000     -1.560
    39     41     47     45   1474.101     42.000     -1.560
    40     42     48     46   1907.157     43.000     -1.560
     1      3     11      9   2023.571      5.000     -1.950
     2      4     12     10   2167.543      6.000     -1.950
     3      5     13     11   2511.014      7.000     -1.950
     4      6     14     12   2420.707      8.000     -1.950
     5      7     15     13   2349.988      9.000     -1.950
     6      8     16     14   2165.729     10.000     -1.950
     7      9     17     15   2876.189     11.000     -1.950
     8     10     18     16   4402.497     12.000     -1.950
     9     11     19     17   4225.858     13.000     -1.950
    10     12     20     18   4134.517     14.000     -1.950
    11     13     21     19   3467.966     15.000     -1.950
    12     14     22     20   3166.253     16.000     -1.950
    13     15     23     21   3015.283     17.000     -1.950
    14     16     24     22   2939.402     18.000     -1.950
    15     17     25     23   3218.640     19.000     -1.950
    16     18     26     24   2999.182     20.000     -1.950
    17     19     27     25   3390.721     21.000     -1.950
    18     20     28     26   3673.132     22.000     -1.950
    19     21     29     27   2863.808     23.000     -1.950
    20     22     30     28   2597.272     24.000     -1.950
    21     23     31     29   2312.933     25.000     -1.950
    22     24     32     30   2210.718     26.000     -1.950
    23     25     33     31   1978.624     27.000     -1.950
    24     26     34     32   1665.401     28.000     -1.950
    25     27     35     33   1695.207     29.000     -1.950
    26     28     36     34   1687.958     30.000     -1.950
    27     29     37     35   1479.310     31.000     -1.950
    28     30     38     36   1452.829     32.000     -1.950
    29     31     39     37   1321.696     33.000     -1.950
    30     32     40     38   1188.901     34.000     -1.950
    31     33     41     39   1078.594     35.000     -1.950
    32     34     42     40    873.793     36.000     -1.950
    33     35     43     41    854.401     37.000     -1.950
    34     36     44     42    893.957     38.000     -1.950
    35     37     45     43    941.015     39.000     -1.950
    36     38     46     44    883.458     40.000     -1.950
    37     39     47     45    972.938     41.000     -1.950
    38     40     48     46   1281.312     42.000     -1.950
     1      3     13     11   1148.261      6.000     -2.340
     2      4     14     12   1492.998      7.000     -2.340
     3      5     15     13   1591.892      8.000     -2.340
     4      6     16     14   1764.655      9.000     -2.340
     5      7     17     15   2172.294     10.000     -2.340
     6      8     18     16   1984.035     11.000     -2.340
     7      9     19     17   2106.426     12.000     -2.340
     8     10     20     18   2451.302     13.000     -2.340
     9     11     21     19   2818.047     14.000     -2.340
    10     12     22     20   2509.374     15.000     -2.340
    11     13     23     21   2334.450     16.000     -2.340
    12     14     24     22   2180.939     17.000     -2.340
    13     15     25     23   2442.111     18.000     -2.340
    14     16     26     24   2397.272     19.000     -2.340
    15     17     27     25   3083.682     20.000     -2.340
    16     18     28     26   3359.594     21.000     -2.340
    17     19     29     27   2810.379     22.000     -2.340
    18     20     30     28   2552.796     23.000     -2.340
    19     21     31     29   2202.993     24.000     -2.340
    20     22     32     30   1832.072     25.000     -2.340
    21     23     33     31   1457.311     26.000     -2.340
    22     24     34     32   1316.013     27.000     -2.340
    23     25     35     33   1094.425     28.000     -2.340
    24     26     36     34   1043.590     29.000     -2.340
    25     27     37     35   1135.432     30.000     -2.340
    26     28     38     36    999.140     31.000     -2.340
    27     29     39     37    862.266     32.000     -2.340
    28     30     40     38   1064.450     33.000     -2.340
    29     31     41     39   1096.290     34.000     -2.340
    30     32     42     40    897.019     35.000     -2.340
    31     33     43     41    854.367     36.000     -2.340
    32     34     44     42    815.687     37.000     -2.340
    33     35     45     43    771.757     38.000     -2.340
    34     36     46     44    845.377     39.000     -2.340
    35     37     47     45    913.389     40.000     -2.340
    36     38     48     46    972.715     41.000     -2.340
     1      3     15     13   1293.383      7.000     -2.730
     2      4     16     14   1214.114      8.000     -2.730
     3      5     17     15   1617.875      9.000     -2.730
     4      6     18     16   1372.311     10.000     -2.730
     5      7     19     17   1540.008     11.000     -2.730
     6      8     20     18   1262.296     12.000     -2.730
     7      9     21     19   1213.901     13.000     -2.730
     8     10     22     20   1603.841     14.000     -2.730
     9     11     23     21   1569.654     15.000     -2.730
    10     12     24     22   1849.909     16.000     -2.730
    11     13     25     23   1594.064     17.000     -2.730
    12     14     26     24   1703.804     18.000     -2.730
    13     15     27     25   2306.986     19.000     -2.730
    14     16     28     26   2607.904     20.000     -2.730
    15     17     29     27   2444.554     21.000     -2.730
    16     18     30     28   2232.225     22.000     -2.730
    17     19     31     29   2048.753     23.000     -2.730
    18     20     32     30   1694.066     24.000     -2.730
    19     21     33     31   1297.157     25.000     -2.730
    20     22     34     32   1010.938     26.000     -2.730
    21     23     35     33    761.819     27.000     -2.730
    22     24     36     34    763.065     28.000     -2.730
    23     25     37     35    681.936     29.000     -2.730
    24     26     38     36    537.267     30.000     -2.730
    25     27     39     37    636.277     31.000     -2.730
    26     28     40     38    688.763     32.000     -2.730
    27     29     41     39    697.421     33.000     -2.730
    28     30     42     40    715.047     34.000     -2.730
    29     31     43     41    894.956     35.000     -2.730
    30     32     44     42    774.048     36.000     -2.730
    31     33     45     43    686.480     37.000     -2.730
    32     34     46     44    758.943     38.000     -2.730
    33     35     47     45    746.846     39.000     -2.730
    34     36     48     46    748.498     40.000     -2.730
     1      4     16     13   1145.021      7.500     -2.925
     2      5     17     14   1362.502      8.500     -2.925
     3      6     18     15   1431.602      9.500     -2.925
     4      7     19     16   1577.650     10.500     -2.925
     5      8     20     17   1367.601     11.500     -2.925
     6      9     21     18   1320.920     12.500     -2.925
     7     10     22     19   1643.972     13.500     -2.925
     8     11     23     20   1684.099     14.500     -2.925
     9     12     24     21   1698.960     15.500     -2.925
    10     13     25     22   1669.469     16.500     -2.925
    11     14     26     23   1858.059     17.500     -2.925
    12     15     27     24   1973.877     18.500     -2.925
    13     16     28     25   2420.447     19.500     -2.925
    14     17     29     26   2689.947     20.500     -2.925
    15     18     30     27   2396.583     21.500     -2.925
    16     19     31     28   2195.412     22.500     -2.925
    17     20     32     29   1933.591     23.500     -2.925
    18     21     33     30   1541.143     24.500     -2.925
    19     22     34     31   1219.500     25.500     -2.925
    20     23     35     32    935.225     26.500     -2.925
    21     24     36     33    832.584     27.500     -2.925
    22     25     37     34    737.472     28.500     -2.925
    23     26     38     35    677.957     29.500     -2.925
    24     27     39     36    677.371     30.500     -2.925
    25     28     40     37    671.849     31.500     -2.925
    26     29     41     38    709.339     32.500     -2.925
    27     30     42     39    813.713     33.500     -2.925
    28     31     43     40    774.762     34.500     -2.925
    29     32     44     41    916.859     35.500     -2.925
    30     33     45     42    767.352     36.500     -2.925
    31     34     46     43    759.935     37.500     -2.925
    32     35     47     44    709.973     38.500     -2.925
    33     36     48     45    867.798     39.500     -2.925
     1      4     19     16    831.973      9.000     -3.510
     2      5     20     17    812.291     10.000     -3.510
     3      6     21     18    891.201     11.000     -3.510
     4      7     22     19    746.620     12.000     -3.510
     5      8     23     20    556.464     13.000     -3.510
     6      9     24     21    816.744     14.000     -3.510
     7     10     25     22    956.872     15.000     -3.510
     8     11     26     23   1209.430     16.000     -3.510
     9     12     27     24   1398.416     17.000     -3.510
    10     13     28     25   1260.143     18.000     -3.510
    11     14     29     26   1530.751     19.000     -3.510
    12     15     30     27   1399.535     20.000     -3.510
    13     16     31     28   1458.662     21.000     -3.510
    14     17     32     29   1435.591     22.000     -3.510
    15     18     33     30   1216.996     23.000     -3.510
    16     19     34     31    987.861     24.000     -3.510
    17     20     35     32    765.274     25.000     -3.510
    18     21     36     33    587.835     26.000     -3.510
    19     22     37     34    487.846     27.000     -3.510
    20     23     38     35    390.539     28.000     -3.510
    21     24     39     36    350.036     29.000     -3.510
    22     25     40     37    330.600     30.000     -3.510
    23     26     41     38    384.658     31.000     -3.510
    24     27     42     39    433.652     32.000     -3.510
    25     28     43     40    521.345     33.000     -3.510
    26     29     44     41    469.239     34.000     -3.510
    27     30     45     42    652.810     35.000     -3.510
    28     31     46     43    916.903     36.000     -3.510
    29     32     47     44    829.212     37.000     -3.510
    30     33     48     45    750.033     38.000     -3.510
     1      4     22     19    454.710     10.500     -4.095
     2      5     23     20    303.198     11.500     -4.095
     3      6     24     21    401.247     12.500     -4.095
     4      7     25     22    331.056     13.500     -4.095
     5      8     26     23    400.602     14.500     -4.095
     6      9     27     24    521.440     15.500     -4.095
     7     10     28     25    850.225     16.500     -4.095
     8     11     29     26    947.345     17.500     -4.095
     9     12     30     27    873.600     18.500     -4.095
    10     13     31     28    756.787     19.500     -4.095
    11     14     32     29    804.565     20.500     -4.095
    12     15     33     30    699.093     21.500     -4.095
    13     16     34     31    640.410     22.500     -4.095
    14     17     35     32    523.716     23.500     -4.095
    15     18     36     33    451.832     24.500     -4.095
    16     19     37     34    387.666     25.500     -4.095
    17     20     38     35    316.435     26.500     -4.095
    18     21     39     36    244.748     27.500     -4.095
    19     22     40     37    226.500     28.500     -4.095
    20     23     41     38    204.733     29.500     -4.095
    21     24     42     39    228.154     30.500     -4.095
    22     25     43     40    227.636     31.500     -4.095
    23     26     44     41     86.052     32.500     -4.095
    24     27     45     42    158.538     33.500     -4.095
    25     28     46     43    103.116     34.500     -4.095
    26     29     47     44    399.874     35.500     -4.095
    27     30     48     45   1242.305     36.500     -4.095
     1      5     25     21    241.691     12.000     -4.680
     2      6     26     22    275.291     13.000     -4.680
     3      7     27     23    239.516     14.000     -4.680
     4      8     28     24    360.886     15.000     -4.680
     5      9     29     25    462.785     16.000     -4.680
     6     10     30     26    571.473     17.000     -4.680
     7     11     31     27    582.617     18.000     -4.680
     8     12     32     28    604.211     19.000     -4.680
     9     13     33     29    536.654     20.000     -4.680
    10     14     34     30    504.655     21.000     -4.680
    11     15     35     31    426.558     22.000     -4.680
    12     16     36     32    362.545     23.000     -4.680
    13     17     37     33    341.509     24.000     -4.680
    14     18     38     34    295.576     25.000     -4.680
    15     19     39     35    261.014     26.000     -4.680
    16     20     40     36    227.627     27.000     -4.680
    17     21     41     37    195.206     28.000     -4.680
    18     22     42     38    188.405     29.000     -4.680
    19     23     43     39    176.206     30.000     -4.680
    20     24     44     40    150.830     31.000     -4.680
    21     25     45     41    139.451     32.000     -4.680
    22     26     46     42     -2.126     33.000     -4.680
    23     27     47     43     52.335     34.000     -4.680
    24     28     48     44      9.440     35.000     -4.680
     1      5     29     25    184.266     14.000     -5.460
     2      6     30     26    222.747     15.000     -5.460
     3      7     31     27    179.289     16.000     -5.460
     4      8     32     28    194.083     17.000     -5.460
     5      9     33     29    208.597     18.000     -5.460
     6     10     34     30    225.524     19.000     -5.460
     7     11     35     31    232.886     20.000     -5.460
     8     12     36     32    200.586     21.000     -5.460
     9     13     37     33    177.073     22.000     -5.460
    10     14     38     34    164.063     23.000     -5.460
    11     15     39     35    145.986     24.000     -5.460
    12     16     40     36    155.513     25.000     -5.460
    13     17     41     37    150.657     26.000     -5.460
    14     18     42     38    156.225     27.000     -5.460
    15     19     43     39    161.503     28.000     -5.460
    16     20     44     40    139.600     29.000     -5.460
    17     21     45     41    139.019     30.000     -5.460
    18     22     46     42    111.997     31.000     -5.460
    19     23     47     43    107.035     32.000     -5.460
    20     24     48     44     78.070     33.000     -5.460
     1      6     31     26    198.259     15.000     -5.850
     2      7     32     27    177.137     16.000     -5.850
     3      8     33     28    161.186     17.000     -5.850
     4      9     34     29    184.499     18.000     -5.850
     5     10     35     30    197.317     19.000     -5.850
     6     11     36     31    195.884     20.000     -5.850
     7     12     37     32    171.210     21.000     -5.850
     8     13     38     33    154.069     22.000     -5.850
     9     14     39     34    149.797     23.000     -5.850
    10     15     40     35    145.688     24.000     -5.850
    11     16     41     36    135.340     25.000     -5.850
    12     17     42     37    142.427     26.000     -5.850
    13     18     43     38    143.822     27.000     -5.850
    14     19     44     39    151.927     28.000     -5.850
    15     20     45     40    135.735     29.000     -5.850
    16     21     46     41    129.515     30.000     -5.850
    17     22     47     42    125.538     31.000     -5.850
    18     23     48     43    129.440     32.000     -5.850
     1      6     36     31     90.061     17.500     -6.825
     2      7     37     32     71.298     18.500     -6.825
     3      8     38     33     65.347     19.500     -6.825
     4      9     39     34     69.285     20.500     -6.825
     5     10     40     35     80.521     21.500     -6.825
     6     11     41     36     79.795     22.500     -6.825
     7     12     42     37     94.144     23.500     -6.825
     8     13     43     38     99.198     24.500     -6.825
     9     14     44     39    109.054     25.500     -6.825
    10     15     45     40     98.762     26.500     -6.825
    11     16     46     41    110.440     27.500     -6.825
    12     17     47     42    133.761     28.500     -6.825
    13     18     48     43    189.971     29.500     -6.825
     1      7     37     31     85.113     18.000     -7.020
     2      8     38     32     70.989     19.000     -7.020
     3      9     39     33     73.400     20.000     -7.020
     4     10     40     34     81.503     21.000     -7.020
     5     11     41     35     85.140     22.000     -7.020
     6     12     42     36     89.573     23.000     -7.020
     7     13     43     37     92.880     24.000     -7.020
     8     14     44     38    103.914     25.000     -7.020
     9     15     45     39    109.614     26.000     -7.020
    10     16     46     40    100.702     27.000     -7.020
    11     17     47     41    129.316     28.000     -7.020
    12     18     48     42    229.904     29.000     -7.020
     1      7     43     37     59.709     21.000     -8.190
     2      8     44     38     62.337     22.000     -8.190
     3      9     45     39     68.282     23.000     -8.190
     4     10     46     40     66.707     24.000     -8.190
     5     11     47     41     79.287     25.000     -8.190
     6     12     48     42    139.217     26.000     -8.190
     1     10     46     37     69.979     22.500     -8.775
     2     11     47     38     76.290     23.500     -8.775
     3     12     48     39    108.539     24.500     -8.775
