48# Number of electrodes
# x z
0.000     0.000
1.000     0.000
2.000     0.000
3.000     0.000
4.000     0.000
5.000     0.000
6.000     0.000
7.000     0.000
8.000     0.000
9.000     0.000
10.000     0.000
11.000     0.000
12.000     0.000
13.000     0.000
14.000     0.000
15.000     0.000
16.000     0.000
17.000     0.000
18.000     0.000
19.000     0.000
20.000     0.000
21.000     0.000
22.000     0.000
23.000     0.000
24.000     0.000
25.000     0.000
26.000     0.000
27.000     0.000
28.000     0.000
29.000     0.000
30.000     0.000
31.000     0.000
32.000     0.000
33.000     0.000
34.000     0.000
35.000     0.000
36.000     0.000
37.000     0.000
38.000     0.000
39.000     0.000
40.000     0.000
41.000     0.000
42.000     0.000
43.000     0.000
44.000     0.000
45.000     0.000
46.000     0.000
47.000     0.000
909# Number of data
# a   b   m   n      rhoa      x      z
     1      4      2      3    796.928      1.500     -0.330
     2      5      3      4    892.056      2.500     -0.330
     3      6      4      5   1165.359      3.500     -0.330
     4      7      5      6   1190.776      4.500     -0.330
     5      8      6      7   1539.116      5.500     -0.330
     6      9      7      8   1513.404      6.500     -0.330
     7     10      8      9   2232.926      7.500     -0.330
     8     11      9     10   3091.851      8.500     -0.330
     9     12     10     11   3007.787      9.500     -0.330
    10     13     11     12   3729.435     10.500     -0.330
    11     14     12     13   3242.498     11.500     -0.330
    12     15     13     14   3457.263     12.500     -0.330
    13     16     14     15   3570.476     13.500     -0.330
    14     17     15     16   3435.444     14.500     -0.330
    15     18     16     17   3813.937     15.500     -0.330
    16     19     17     18   3160.021     16.500     -0.330
    17     20     18     19   3102.217     17.500     -0.330
    18     21     19     20   2724.663     18.500     -0.330
    19     22     20     21   2097.627     19.500     -0.330
    20     23     21     22   2051.852     20.500     -0.330
    21     24     22     23   1559.441     21.500     -0.330
    22     25     23     24   1731.531     22.500     -0.330
    23     26     24     25   1833.902     23.500     -0.330
    24     27     25     26   1724.167     24.500     -0.330
    25     28     26     27   2591.382     25.500     -0.330
    26     29     27     28   2254.414     26.500     -0.330
    27     30     28     29   2428.178     27.500     -0.330
    28     31     29     30   2441.944     28.500     -0.330
    29     32     30     31   2158.576     29.500     -0.330
    30     33     31     32   1826.192     30.500     -0.330
    31     34     32     33   1662.982     31.500     -0.330
    32     35     33     34   1268.615     32.500     -0.330
    33     36     34     35   1188.329     33.500     -0.330
    34     37     35     36   1154.564     34.500     -0.330
    35     38     36     37   1092.471     35.500     -0.330
    36     39     37     38   1038.117     36.500     -0.330
    37     40     38     39    838.751     37.500     -0.330
    38     41     39     40   1213.592     38.500     -0.330
    39     42     40     41    926.716     39.500     -0.330
    40     43     41     42   1286.870     40.500     -0.330
    41     44     42     43   1357.154     41.500     -0.330
    42     45     43     44   1692.960     42.500     -0.330
    43     46     44     45   1915.657     43.500     -0.330
    44     47     45     46   2710.079     44.500     -0.330
    45     48     46     47   3383.549     45.500     -0.330
     1      7      3      5   1194.946      3.000     -0.660
     2      8      4      6   1568.723      4.000     -0.660
     3      9      5      7   1775.168      5.000     -0.660
     4     10      6      8   1779.698      6.000     -0.660
     5     11      7      9   2144.537      7.000     -0.660
     6     12      8     10   2917.698      8.000     -0.660
     7     13      9     11   3145.943      9.000     -0.660
     8     14     10     12   3105.561     10.000     -0.660
     9     15     11     13   3403.593     11.000     -0.660
    10     16     12     14   3631.084     12.000     -0.660
    11     17     13     15   3594.398     13.000     -0.660
    12     18     14     16   3584.438     14.000     -0.660
    13     19     15     17   3710.259     15.000     -0.660
    14     20     16     18   3461.815     16.000     -0.660
    15     21     17     19   3356.120     17.000     -0.660
    16     22     18     20   3192.172     18.000     -0.660
    17     23     19     21   2864.618     19.000     -0.660
    18     24     20     22   2496.175     20.000     -0.660
    19     25     21     23   2365.270     21.000     -0.660
    20     26     22     24   2399.403     22.000     -0.660
    21     27     23     25   2219.686     23.000     -0.660
    22     28     24     26   2106.557     24.000     -0.660
    23     29     25     27   2413.539     25.000     -0.660
    24     30     26     28   2629.771     26.000     -0.660
    25     31     27     29   2280.049     27.000     -0.660
    26     32     28     30   2167.859     28.000     -0.660
    27     33     29     31   2194.823     29.000     -0.660
    28     34     30     32   2042.287     30.000     -0.660
    29     35     31     33   1845.483     31.000     -0.660
    30     36     32     34   1618.615     32.000     -0.660
    31     37     33     35   1385.160     33.000     -0.660
    32     38     34     36   1346.333     34.000     -0.660
    33     39     35     37   1309.573     35.000     -0.660
    34     40     36     38   1089.228     36.000     -0.660
    35     41     37     39    937.545     37.000     -0.660
    36     42     38     40   1137.453     38.000     -0.660
    37     43     39     41   1269.120     39.000     -0.660
    38     44     40     42   1266.130     40.000     -0.660
    39     45     41     43   1417.980     41.000     -0.660
    40     46     42     44   1732.107     42.000     -0.660
    41     47     43     45   1985.522     43.000     -0.660
    42     48     44     46   2554.350     44.000     -0.660
     1     10      4      7   1570.334      4.500     -0.990
     2     11      5      8   1533.206      5.500     -0.990
     3     12      6      9   1794.812      6.500     -0.990
     4     13      7     10   2235.781      7.500     -0.990
     5     14      8     11   2740.466      8.500     -0.990
     6     15      9     12   3106.215      9.500     -0.990
     7     16     10     13   3129.335     10.500     -0.990
     8     17     11     14   2878.939     11.500     -0.990
     9     18     12     15   2934.469     12.500     -0.990
    10     19     13     16   3063.735     13.500     -0.990
    11     20     14     17   3096.274     14.500     -0.990
    12     21     15     18   3176.043     15.500     -0.990
    13     22     16     19   3219.583     16.500     -0.990
    14     23     17     20   3088.994     17.500     -0.990
    15     24     18     21   2968.903     18.500     -0.990
    16     25     19     22   2765.736     19.500     -0.990
    17     26     20     23   2552.258     20.500     -0.990
    18     27     21     24   2376.455     21.500     -0.990
    19     28     22     25   2223.139     22.500     -0.990
    20     29     23     26   2207.817     23.500     -0.990
    21     30     24     27   2297.788     24.500     -0.990
    22     31     25     28   2281.292     25.500     -0.990
    23     32     26     29   2241.772     26.500     -0.990
    24     33     27     30   2032.172     27.500     -0.990
    25     34     28     31   1938.182     28.500     -0.990
    26     35     29     32   1765.052     29.500     -0.990
    27     36     30     33   1710.207     30.500     -0.990
    28     37     31     34   1524.557     31.500     -0.990
    29     38     32     35   1381.826     32.500     -0.990
    30     39     33     36   1342.460     33.500     -0.990
    31     40     34     37   1277.275     34.500     -0.990
    32     41     35     38   1167.539     35.500     -0.990
    33     42     36     39   1018.395     36.500     -0.990
    34     43     37     40   1085.515     37.500     -0.990
    35     44     38     41   1107.762     38.500     -0.990
    36     45     39     42   1335.281     39.500     -0.990
    37     46     40     43   1397.541     40.500     -0.990
    38     47     41     44   1567.201     41.500     -0.990
    39     48     42     45   1673.168     42.500     -0.990
     1     13      5      9   1415.452      6.000     -1.320
     2     14      6     10   1811.580      7.000     -1.320
     3     15      7     11   2109.980      8.000     -1.320
     4     16      8     12   2413.514      9.000     -1.320
     5     17      9     13   2489.158     10.000     -1.320
     6     18     10     14   2509.532     11.000     -1.320
     7     19     11     15   2363.533     12.000     -1.320
     8     20     12     16   2188.000     13.000     -1.320
     9     21     13     17   2353.438     14.000     -1.320
    10     22     14     18   2504.221     15.000     -1.320
    11     23     15     19   2759.521     16.000     -1.320
    12     24     16     20   2839.000     17.000     -1.320
    13     25     17     21   2669.286     18.000     -1.320
    14     26     18     22   2624.054     19.000     -1.320
    15     27     19     23   2259.931     20.000     -1.320
    16     28     20     24   2128.203     21.000     -1.320
    17     29     21     25   2051.021     22.000     -1.320
    18     30     22     26   1879.880     23.000     -1.320
    19     31     23     27   2036.465     24.000     -1.320
    20     32     24     28   2000.171     25.000     -1.320
    21     33     25     29   1929.762     26.000     -1.320
    22     34     26     30   2011.478     27.000     -1.320
    23     35     27     31   1739.863     28.000     -1.320
    24     36     28     32   1614.966     29.000     -1.320
    25     37     29     33   1449.860     30.000     -1.320
    26     38     30     34   1288.089     31.000     -1.320
    27     39     31     35   1282.245     32.000     -1.320
    28     40     32     36   1171.687     33.000     -1.320
    29     41     33     37   1086.988     34.000     -1.320
    30     42     34     38   1103.891     35.000     -1.320
    31     43     35     39   1046.594     36.000     -1.320
    32     44     36     40   1068.947     37.000     -1.320
    33     45     37     41   1076.066     38.000     -1.320
    34     46     38     42   1158.763     39.000     -1.320
    35     47     39     43   1288.021     40.000     -1.320
    36     48     40     44   1348.456     41.000     -1.320
     1     16      6     11   1639.483      7.500     -1.650
     2     17      7     12   1696.511      8.500     -1.650
     3     18      8     13   1805.951      9.500     -1.650
     4     19      9     14   1824.550     10.500     -1.650
     5     20     10     15   1837.328     11.500     -1.650
     6     21     11     16   1871.448     12.500     -1.650
     7     22     12     17   1873.112     13.500     -1.650
     8     23     13     18   1867.273     14.500     -1.650
     9     24     14     19   1988.286     15.500     -1.650
    10     25     15     20   2248.502     16.500     -1.650
    11     26     16     21   2331.411     17.500     -1.650
    12     27     17     22   2096.662     18.500     -1.650
    13     28     18     23   1928.942     19.500     -1.650
    14     29     19     24   1783.286     20.500     -1.650
    15     30     20     25   1631.341     21.500     -1.650
    16     31     21     26   1576.586     22.500     -1.650
    17     32     22     27   1619.715     23.500     -1.650
    18     33     23     28   1625.015     24.500     -1.650
    19     34     24     29   1663.620     25.500     -1.650
    20     35     25     30   1717.995     26.500     -1.650
    21     36     26     31   1692.536     27.500     -1.650
    22     37     27     32   1459.399     28.500     -1.650
    23     38     28     33   1302.539     29.500     -1.650
    24     39     29     34   1230.701     30.500     -1.650
    25     40     30     35   1072.468     31.500     -1.650
    26     41     31     36    987.988     32.500     -1.650
    27     42     32     37    977.571     33.500     -1.650
    28     43     33     38    918.933     34.500     -1.650
    29     44     34     39    902.818     35.500     -1.650
    30     45     35     40   1001.386     36.500     -1.650
    31     46     36     41   1008.864     37.500     -1.650
    32     47     37     42   1038.181     38.500     -1.650
    33     48     38     43   1075.203     39.500     -1.650
     1     19      7     13   1232.870      9.000     -1.980
     2     20      8     14   1319.880     10.000     -1.980
     3     21      9     15   1408.352     11.000     -1.980
     4     22     10     16   1439.242     12.000     -1.980
     5     23     11     17   1545.894     13.000     -1.980
     6     24     12     18   1543.617     14.000     -1.980
     7     25     13     19   1616.077     15.000     -1.980
     8     26     14     20   1611.760     16.000     -1.980
     9     27     15     21   1546.655     17.000     -1.980
    10     28     16     22   1618.200     18.000     -1.980
    11     29     17     23   1501.166     19.000     -1.980
    12     30     18     24   1446.760     20.000     -1.980
    13     31     19     25   1294.023     21.000     -1.980
    14     32     20     26   1202.593     22.000     -1.980
    15     33     21     27   1237.265     23.000     -1.980
    16     34     22     28   1265.389     24.000     -1.980
    17     35     23     29   1349.596     25.000     -1.980
    18     36     24     30   1364.182     26.000     -1.980
    19     37     25     31   1406.095     27.000     -1.980
    20     38     26     32   1425.294     28.000     -1.980
    21     39     27     33   1253.597     29.000     -1.980
    22     40     28     34   1111.926     30.000     -1.980
    23     41     29     35    991.627     31.000     -1.980
    24     42     30     36    929.372     32.000     -1.980
    25     43     31     37    849.155     33.000     -1.980
    26     44     32     38    779.643     34.000     -1.980
    27     45     33     39    770.230     35.000     -1.980
    28     46     34     40    833.805     36.000     -1.980
    29     47     35     41    839.389     37.000     -1.980
    30     48     36     42    876.847     38.000     -1.980
     1     22      8     15   1052.783     10.500     -2.310
     2     23      9     16   1158.069     11.500     -2.310
     3     24     10     17   1221.283     12.500     -2.310
     4     25     11     18   1239.164     13.500     -2.310
     5     26     12     19   1285.040     14.500     -2.310
     6     27     13     20   1207.351     15.500     -2.310
     7     28     14     21   1134.692     16.500     -2.310
     8     29     15     22   1049.158     17.500     -2.310
     9     30     16     23   1026.463     18.500     -2.310
    10     31     17     24   1035.567     19.500     -2.310
    11     32     18     25   1008.644     20.500     -2.310
    12     33     19     26    938.383     21.500     -2.310
    13     34     20     27    940.164     22.500     -2.310
    14     35     21     28    967.269     23.500     -2.310
    15     36     22     29    980.455     24.500     -2.310
    16     37     23     30   1063.755     25.500     -2.310
    17     38     24     31   1127.037     26.500     -2.310
    18     39     25     32   1158.165     27.500     -2.310
    19     40     26     33   1177.300     28.500     -2.310
    20     41     27     34   1054.700     29.500     -2.310
    21     42     28     35    955.736     30.500     -2.310
    22     43     29     36    880.508     31.500     -2.310
    23     44     30     37    784.699     32.500     -2.310
    24     45     31     38    737.559     33.500     -2.310
    25     46     32     39    664.781     34.500     -2.310
    26     47     33     40    654.034     35.500     -2.310
    27     48     34     41    683.285     36.500     -2.310
     1     25      9     17    981.578     12.000     -2.640
     2     26     10     18   1006.369     13.000     -2.640
     3     27     11     19    923.701     14.000     -2.640
     4     28     12     20    877.349     15.000     -2.640
     5     29     13     21    822.450     16.000     -2.640
     6     30     14     22    760.361     17.000     -2.640
     7     31     15     23    726.450     18.000     -2.640
     8     32     16     24    678.908     19.000     -2.640
     9     33     17     25    654.648     20.000     -2.640
    10     34     18     26    709.495     21.000     -2.640
    11     35     19     27    725.819     22.000     -2.640
    12     36     20     28    728.643     23.000     -2.640
    13     37     21     29    734.974     24.000     -2.640
    14     38     22     30    788.173     25.000     -2.640
    15     39     23     31    862.582     26.000     -2.640
    16     40     24     32    890.424     27.000     -2.640
    17     41     25     33    951.807     28.000     -2.640
    18     42     26     34    964.670     29.000     -2.640
    19     43     27     35    888.557     30.000     -2.640
    20     44     28     36    837.110     31.000     -2.640
    21     45     29     37    768.862     32.000     -2.640
    22     46     30     38    691.899     33.000     -2.640
    23     47     31     39    602.830     34.000     -2.640
    24     48     32     40    567.082     35.000     -2.640
     1     28     10     19    701.319     13.500     -2.970
     2     29     11     20    651.156     14.500     -2.970
     3     30     12     21    568.856     15.500     -2.970
     4     31     13     22    538.859     16.500     -2.970
     5     32     14     23    492.355     17.500     -2.970
     6     33     15     24    485.825     18.500     -2.970
     7     34     16     25    505.017     19.500     -2.970
     8     35     17     26    461.288     20.500     -2.970
     9     36     18     27    500.634     21.500     -2.970
    10     37     19     28    534.328     22.500     -2.970
    11     38     20     29    560.366     23.500     -2.970
    12     39     21     30    611.216     24.500     -2.970
    13     40     22     31    623.884     25.500     -2.970
    14     41     23     32    688.002     26.500     -2.970
    15     42     24     33    723.595     27.500     -2.970
    16     43     25     34    760.930     28.500     -2.970
    17     44     26     35    806.086     29.500     -2.970
    18     45     27     36    749.518     30.500     -2.970
    19     46     28     37    712.860     31.500     -2.970
    20     47     29     38    645.803     32.500     -2.970
    21     48     30     39    553.816     33.500     -2.970
     1     31     11     21    428.760     15.000     -3.300
     2     32     12     22    384.944     16.000     -3.300
     3     33     13     23    356.278     17.000     -3.300
     4     34     14     24    362.539     18.000     -3.300
     5     35     15     25    357.908     19.000     -3.300
     6     36     16     26    374.695     20.000     -3.300
     7     37     17     27    380.969     21.000     -3.300
     8     38     18     28    377.358     22.000     -3.300
     9     39     19     29    402.462     23.000     -3.300
    10     40     20     30    450.468     24.000     -3.300
    11     41     21     31    486.077     25.000     -3.300
    12     42     22     32    525.467     26.000     -3.300
    13     43     23     33    551.554     27.000     -3.300
    14     44     24     34    588.903     28.000     -3.300
    15     45     25     35    622.156     29.000     -3.300
    16     46     26     36    651.703     30.000     -3.300
    17     47     27     37    612.381     31.000     -3.300
    18     48     28     38    554.629     32.000     -3.300
     1     34     12     23    268.389     16.500     -3.630
     2     35     13     24    277.014     17.500     -3.630
     3     36     14     25    249.114     18.500     -3.630
     4     37     15     26    280.518     19.500     -3.630
     5     38     16     27    305.000     20.500     -3.630
     6     39     17     28    310.119     21.500     -3.630
     7     40     18     29    321.174     22.500     -3.630
     8     41     19     30    323.706     23.500     -3.630
     9     42     20     31    354.963     24.500     -3.630
    10     43     21     32    388.454     25.500     -3.630
    11     44     22     33    425.636     26.500     -3.630
    12     45     23     34    468.715     27.500     -3.630
    13     46     24     35    472.863     28.500     -3.630
    14     47     25     36    499.776     29.500     -3.630
    15     48     26     37    488.913     30.500     -3.630
     1     37     13     25    217.810     18.000     -3.960
     2     38     14     26    214.599     19.000     -3.960
     3     39     15     27    221.425     20.000     -3.960
     4     40     16     28    256.830     21.000     -3.960
     5     41     17     29    261.904     22.000     -3.960
     6     42     18     30    285.058     23.000     -3.960
     7     43     19     31    287.578     24.000     -3.960
     8     44     20     32    294.871     25.000     -3.960
     9     45     21     33    325.683     26.000     -3.960
    10     46     22     34    349.746     27.000     -3.960
    11     47     23     35    372.108     28.000     -3.960
    12     48     24     36    379.859     29.000     -3.960
     1     40     14     27    188.704     19.500     -4.290
     2     41     15     28    206.830     20.500     -4.290
     3     42     16     29    223.262     21.500     -4.290
     4     43     17     30    237.011     22.500     -4.290
     5     44     18     31    250.992     23.500     -4.290
     6     45     19     32    259.953     24.500     -4.290
     7     46     20     33    259.995     25.500     -4.290
     8     47     21     34    255.111     26.500     -4.290
     9     48     22     35    268.140     27.500     -4.290
     1     43     15     29    185.856     21.000     -4.620
     2     44     16     30    212.292     22.000     -4.620
     3     45     17     31    211.361     23.000     -4.620
     4     46     18     32    224.372     24.000     -4.620
     5     47     19     33    222.520     25.000     -4.620
     6     48     20     34    212.744     26.000     -4.620
     1     46     16     31    193.746     22.500     -4.950
     2     47     17     32    191.004     23.500     -4.950
     3     48     18     33    191.868     24.500     -4.950
     1      2      4      3    819.829      1.500     -0.585
     2      3      5      4    787.970      2.500     -0.585
     3      4      6      5    809.873      3.500     -0.585
     4      5      7      6   1401.910      4.500     -0.585
     5      6      8      7   1099.093      5.500     -0.585
     6      7      9      8   1342.214      6.500     -0.585
     7      8     10      9   1695.079      7.500     -0.585
     8      9     11     10   2765.261      8.500     -0.585
     9     10     12     11   4328.481      9.500     -0.585
    10     11     13     12   3145.696     10.500     -0.585
    11     12     14     13   3514.989     11.500     -0.585
    12     13     15     14   2902.860     12.500     -0.585
    13     14     16     15   3164.473     13.500     -0.585
    14     15     17     16   4144.496     14.500     -0.585
    15     16     18     17   3328.854     15.500     -0.585
    16     17     19     18   3427.018     16.500     -0.585
    17     18     20     19   2802.912     17.500     -0.585
    18     19     21     20   2470.970     18.500     -0.585
    19     20     22     21   2337.438     19.500     -0.585
    20     21     23     22   1360.119     20.500     -0.585
    21     22     24     23   1369.298     21.500     -0.585
    22     23     25     24   1239.978     22.500     -0.585
    23     24     26     25   1423.701     23.500     -0.585
    24     25     27     26   2173.004     24.500     -0.585
    25     26     28     27   1732.884     25.500     -0.585
    26     27     29     28   2748.080     26.500     -0.585
    27     28     30     29   2624.009     27.500     -0.585
    28     29     31     30   2265.491     28.500     -0.585
    29     30     32     31   2281.963     29.500     -0.585
    30     31     33     32   2017.868     30.500     -0.585
    31     32     34     33   1225.159     31.500     -0.585
    32     33     35     34   1180.529     32.500     -0.585
    33     34     36     35   1147.753     33.500     -0.585
    34     35     37     36   1041.090     34.500     -0.585
    35     36     38     37   1011.109     35.500     -0.585
    36     37     39     38    998.788     36.500     -0.585
    37     38     40     39   1086.907     37.500     -0.585
    38     39     41     40    627.550     38.500     -0.585
    39     40     42     41   1193.593     39.500     -0.585
    40     41     43     42   1018.944     40.500     -0.585
    41     42     44     43   1376.376     41.500     -0.585
    42     43     45     44   1461.937     42.500     -0.585
    43     44     46     45   1857.555     43.500     -0.585
    44     45     47     46   2132.345     44.500     -0.585
    45     46     48     47   3325.572     45.500     -0.585
     1      2      5      4    823.038      2.000     -0.780
     2      3      6      5   1026.019      3.000     -0.780
     3      4      7      6   1357.526      4.000     -0.780
     4      5      8      7   1390.512      5.000     -0.780
     5      6      9      8   2114.400      6.000     -0.780
     6      7     10      9   2384.687      7.000     -0.780
     7      8     11     10   2337.857      8.000     -0.780
     8      9     12     11   3390.166      9.000     -0.780
     9     10     13     12   4131.368     10.000     -0.780
    10     11     14     13   3599.454     11.000     -0.780
    11     12     15     14   3383.509     12.000     -0.780
    12     13     16     15   3990.532     13.000     -0.780
    13     14     17     16   4233.814     14.000     -0.780
    14     15     18     17   4187.654     15.000     -0.780
    15     16     19     18   4112.269     16.000     -0.780
    16     17     20     19   3778.874     17.000     -0.780
    17     18     21     20   2662.030     18.000     -0.780
    18     19     22     21   2770.604     19.000     -0.780
    19     20     23     22   2057.489     20.000     -0.780
    20     21     24     23   1843.222     21.000     -0.780
    21     22     25     24   1818.140     22.000     -0.780
    22     23     26     25   1602.297     23.000     -0.780
    23     24     27     26   2773.283     24.000     -0.780
    24     25     28     27   2110.403     25.000     -0.780
    25     26     29     28   2149.685     26.000     -0.780
    26     27     30     29   3089.760     27.000     -0.780
    27     28     31     30   2808.533     28.000     -0.780
    28     29     32     31   2600.604     29.000     -0.780
    29     30     33     32   2401.839     30.000     -0.780
    30     31     34     33   1731.370     31.000     -0.780
    31     32     35     34   1528.393     32.000     -0.780
    32     33     36     35   1410.242     33.000     -0.780
    33     34     37     36   1218.672     34.000     -0.780
    34     35     38     37   1080.866     35.000     -0.780
    35     36     39     38   1045.776     36.000     -0.780
    36     37     40     39   1346.885     37.000     -0.780
    37     38     41     40    933.002     38.000     -0.780
    38     39     42     41    762.281     39.000     -0.780
    39     40     43     42   1364.346     40.000     -0.780
    40     41     44     43   1297.981     41.000     -0.780
    41     42     45     44   1597.929     42.000     -0.780
    42     43     46     45   1994.230     43.000     -0.780
    43     44     47     46   2372.033     44.000     -0.780
    44     45     48     47   2953.274     45.000     -0.780
     1      2      6      5   1000.599      2.500     -0.975
     2      3      7      6   1400.202      3.500     -0.975
     3      4      8      7   1235.416      4.500     -0.975
     4      5      9      8   2355.568      5.500     -0.975
     5      6     10      9   2944.806      6.500     -0.975
     6      7     11     10   3021.335      7.500     -0.975
     7      8     12     11   2577.655      8.500     -0.975
     8      9     13     12   3352.042      9.500     -0.975
     9     10     14     13   4224.621     10.500     -0.975
    10     11     15     14   3823.474     11.500     -0.975
    11     12     16     15   4258.708     12.500     -0.975
    12     13     17     16   4749.394     13.500     -0.975
    13     14     18     17   4213.213     14.500     -0.975
    14     15     19     18   4601.827     15.500     -0.975
    15     16     20     19   4167.795     16.500     -0.975
    16     17     21     20   3398.934     17.500     -0.975
    17     18     22     21   2906.363     18.500     -0.975
    18     19     23     22   2535.677     19.500     -0.975
    19     20     24     23   2582.196     20.500     -0.975
    20     21     25     24   2170.367     21.500     -0.975
    21     22     26     25   2144.649     22.500     -0.975
    22     23     27     26   2697.619     23.500     -0.975
    23     24     28     27   2647.010     24.500     -0.975
    24     25     29     28   2382.029     25.500     -0.975
    25     26     30     29   2376.813     26.500     -0.975
    26     27     31     30   3171.255     27.500     -0.975
    27     28     32     31   2721.602     28.500     -0.975
    28     29     33     32   2467.849     29.500     -0.975
    29     30     34     33   2053.445     30.500     -0.975
    30     31     35     34   1975.406     31.500     -0.975
    31     32     36     35   1606.741     32.500     -0.975
    32     33     37     36   1388.103     33.500     -0.975
    33     34     38     37   1139.782     34.500     -0.975
    34     35     39     38    986.881     35.500     -0.975
    35     36     40     39   1444.114     36.500     -0.975
    36     37     41     40   1042.729     37.500     -0.975
    37     38     42     41    965.546     38.500     -0.975
    38     39     43     42    784.018     39.500     -0.975
    39     40     44     43   1480.888     40.500     -0.975
    40     41     45     44   1297.740     41.500     -0.975
    41     42     46     45   1886.494     42.500     -0.975
    42     43     47     46   2278.955     43.500     -0.975
    43     44     48     47   2867.020     44.500     -0.975
     1      2      7      6   1269.128      3.000     -1.170
     2      3      8      7   1215.192      4.000     -1.170
     3      4      9      8   1871.698      5.000     -1.170
     4      5     10      9   3005.396      6.000     -1.170
     5      6     11     10   3305.572      7.000     -1.170
     6      7     12     11   2993.585      8.000     -1.170
     7      8     13     12   2377.346      9.000     -1.170
     8      9     14     13   3450.374     10.000     -1.170
     9     10     15     14   4321.427     11.000     -1.170
    10     11     16     15   4397.006     12.000     -1.170
    11     12     17     16   5081.811     13.000     -1.170
    12     13     18     17   4498.175     14.000     -1.170
    13     14     19     18   4618.526     15.000     -1.170
    14     15     20     19   4278.054     16.000     -1.170
    15     16     21     20   3462.577     17.000     -1.170
    16     17     22     21   3508.476     18.000     -1.170
    17     18     23     22   2531.382     19.000     -1.170
    18     19     24     23   2989.075     20.000     -1.170
    19     20     25     24   2738.311     21.000     -1.170
    20     21     26     25   2350.134     22.000     -1.170
    21     22     27     26   3291.567     23.000     -1.170
    22     23     28     27   2372.541     24.000     -1.170
    23     24     29     28   2793.830     25.000     -1.170
    24     25     30     29   2471.705     26.000     -1.170
    25     26     31     30   2367.109     27.000     -1.170
    26     27     32     31   2946.761     28.000     -1.170
    27     28     33     32   2480.023     29.000     -1.170
    28     29     34     33   1907.409     30.000     -1.170
    29     30     35     34   2165.446     31.000     -1.170
    30     31     36     35   1969.869     32.000     -1.170
    31     32     37     36   1522.811     33.000     -1.170
    32     33     38     37   1239.061     34.000     -1.170
    33     34     39     38    961.830     35.000     -1.170
    34     35     40     39   1271.396     36.000     -1.170
    35     36     41     40   1059.276     37.000     -1.170
    36     37     42     41   1037.918     38.000     -1.170
    37     38     43     42    942.865     39.000     -1.170
    38     39     44     43    842.675     40.000     -1.170
    39     40     45     44   1375.264     41.000     -1.170
    40     41     46     45   1484.903     42.000     -1.170
    41     42     47     46   2086.212     43.000     -1.170
    42     43     48     47   2547.744     44.000     -1.170
     1      2      8      7   1081.155      3.500     -1.365
     2      3      9      8   1823.407      4.500     -1.365
     3      4     10      9   2330.495      5.500     -1.365
     4      5     11     10   3156.615      6.500     -1.365
     5      6     12     11   3193.059      7.500     -1.365
     6      7     13     12   2871.146      8.500     -1.365
     7      8     14     13   2360.063      9.500     -1.365
     8      9     15     14   3011.047     10.500     -1.365
     9     10     16     15   4728.522     11.500     -1.365
    10     11     17     16   5039.428     12.500     -1.365
    11     12     18     17   4399.967     13.500     -1.365
    12     13     19     18   4418.611     14.500     -1.365
    13     14     20     19   3966.073     15.500     -1.365
    14     15     21     20   3377.696     16.500     -1.365
    15     16     22     21   3569.197     17.500     -1.365
    16     17     23     22   2979.002     18.500     -1.365
    17     18     24     23   2872.842     19.500     -1.365
    18     19     25     24   2951.185     20.500     -1.365
    19     20     26     25   2796.213     21.500     -1.365
    20     21     27     26   3402.880     22.500     -1.365
    21     22     28     27   2770.813     23.500     -1.365
    22     23     29     28   2341.941     24.500     -1.365
    23     24     30     29   2744.461     25.500     -1.365
    24     25     31     30   2305.054     26.500     -1.365
    25     26     32     31   2145.330     27.500     -1.365
    26     27     33     32   2632.339     28.500     -1.365
    27     28     34     33   1872.882     29.500     -1.365
    28     29     35     34   1919.625     30.500     -1.365
    29     30     36     35   2111.040     31.500     -1.365
    30     31     37     36   1730.371     32.500     -1.365
    31     32     38     37   1283.791     33.500     -1.365
    32     33     39     38   1034.904     34.500     -1.365
    33     34     40     39   1250.543     35.500     -1.365
    34     35     41     40    928.066     36.500     -1.365
    35     36     42     41   1037.643     37.500     -1.365
    36     37     43     42    977.610     38.500     -1.365
    37     38     44     43    956.077     39.500     -1.365
    38     39     45     44    842.611     40.500     -1.365
    39     40     46     45   1601.430     41.500     -1.365
    40     41     47     46   1626.876     42.500     -1.365
    41     42     48     47   2251.285     43.500     -1.365
     1      3      9      7   1371.477      4.000     -1.560
     2      4     10      8   2017.111      5.000     -1.560
     3      5     11      9   2800.606      6.000     -1.560
     4      6     12     10   3185.566      7.000     -1.560
     5      7     13     11   2960.975      8.000     -1.560
     6      8     14     12   2469.006      9.000     -1.560
     7      9     15     13   2907.621     10.000     -1.560
     8     10     16     14   3949.698     11.000     -1.560
     9     11     17     15   4712.999     12.000     -1.560
    10     12     18     16   4799.101     13.000     -1.560
    11     13     19     17   4434.740     14.000     -1.560
    12     14     20     18   4302.658     15.000     -1.560
    13     15     21     19   3851.618     16.000     -1.560
    14     16     22     20   3436.272     17.000     -1.560
    15     17     23     21   3303.630     18.000     -1.560
    16     18     24     22   2817.006     19.000     -1.560
    17     19     25     23   2916.844     20.000     -1.560
    18     20     26     24   2832.782     21.000     -1.560
    19     21     27     25   2913.916     22.000     -1.560
    20     22     28     26   3120.333     23.000     -1.560
    21     23     29     27   2491.961     24.000     -1.560
    22     24     30     28   2594.993     25.000     -1.560
    23     25     31     29   2499.721     26.000     -1.560
    24     26     32     30   2251.850     27.000     -1.560
    25     27     33     31   2531.191     28.000     -1.560
    26     28     34     32   2299.687     29.000     -1.560
    27     29     35     33   1887.470     30.000     -1.560
    28     30     36     34   2030.277     31.000     -1.560
    29     31     37     35   1919.351     32.000     -1.560
    30     32     38     36   1501.550     33.000     -1.560
    31     33     39     37   1175.268     34.000     -1.560
    32     34     40     38   1087.533     35.000     -1.560
    33     35     41     39   1133.324     36.000     -1.560
    34     36     42     40    999.852     37.000     -1.560
    35     37     43     41   1013.626     38.000     -1.560
    36     38     44     42    958.384     39.000     -1.560
    37     39     45     43    873.246     40.000     -1.560
    38     40     46     44   1242.114     41.000     -1.560
    39     41     47     45   1577.700     42.000     -1.560
    40     42     48     46   1955.598     43.000     -1.560
     1      3     11      9   2074.047      5.000     -1.950
     2      4     12     10   2206.441      6.000     -1.950
     3      5     13     11   2414.608      7.000     -1.950
     4      6     14     12   2412.052      8.000     -1.950
     5      7     15     13   2249.471      9.000     -1.950
     6      8     16     14   2181.622     10.000     -1.950
     7      9     17     15   2833.100     11.000     -1.950
     8     10     18     16   4164.804     12.000     -1.950
     9     11     19     17   4172.966     13.000     -1.950
    10     12     20     18   3921.615     14.000     -1.950
    11     13     21     19   3295.444     15.000     -1.950
    12     14     22     20   2958.373     16.000     -1.950
    13     15     23     21   2888.086     17.000     -1.950
    14     16     24     22   2795.528     18.000     -1.950
    15     17     25     23   3064.541     19.000     -1.950
    16     18     26     24   2834.125     20.000     -1.950
    17     19     27     25   3258.681     21.000     -1.950
    18     20     28     26   3619.635     22.000     -1.950
    19     21     29     27   2783.833     23.000     -1.950
    20     22     30     28   2491.953     24.000     -1.950
    21     23     31     29   2164.905     25.000     -1.950
    22     24     32     30   2117.310     26.000     -1.950
    23     25     33     31   1906.072     27.000     -1.950
    24     26     34     32   1563.728     28.000     -1.950
    25     27     35     33   1642.924     29.000     -1.950
    26     28     36     34   1724.527     30.000     -1.950
    27     29     37     35   1547.639     31.000     -1.950
    28     30     38     36   1505.580     32.000     -1.950
    29     31     39     37   1315.288     33.000     -1.950
    30     32     40     38   1183.835     34.000     -1.950
    31     33     41     39   1128.345     35.000     -1.950
    32     34     42     40    884.327     36.000     -1.950
    33     35     43     41    844.178     37.000     -1.950
    34     36     44     42    902.466     38.000     -1.950
    35     37     45     43    932.066     39.000     -1.950
    36     38     46     44    935.600     40.000     -1.950
    37     39     47     45    986.328     41.000     -1.950
    38     40     48     46   1483.867     42.000     -1.950
     1      3     13     11   1481.222      6.000     -2.340
     2      4     14     12   1538.362      7.000     -2.340
     3      5     15     13   1619.390      8.000     -2.340
     4      6     16     14   1699.980      9.000     -2.340
     5      7     17     15   2263.869     10.000     -2.340
     6      8     18     16   2055.742     11.000     -2.340
     7      9     19     17   2259.840     12.000     -2.340
     8     10     20     18   2982.410     13.000     -2.340
     9     11     21     19   2838.117     14.000     -2.340
    10     12     22     20   2439.646     15.000     -2.340
    11     13     23     21   2286.398     16.000     -2.340
    12     14     24     22   2207.637     17.000     -2.340
    13     15     25     23   2481.951     18.000     -2.340
    14     16     26     24   2471.335     19.000     -2.340
    15     17     27     25   3130.760     20.000     -2.340
    16     18     28     26   3354.031     21.000     -2.340
    17     19     29     27   2822.955     22.000     -2.340
    18     20     30     28   2617.234     23.000     -2.340
    19     21     31     29   2166.678     24.000     -2.340
    20     22     32     30   1824.355     25.000     -2.340
    21     23     33     31   1458.966     26.000     -2.340
    22     24     34     32   1297.958     27.000     -2.340
    23     25     35     33   1104.950     28.000     -2.340
    24     26     36     34   1050.460     29.000     -2.340
    25     27     37     35   1199.636     30.000     -2.340
    26     28     38     36   1138.649     31.000     -2.340
    27     29     39     37    943.016     32.000     -2.340
    28     30     40     38   1081.576     33.000     -2.340
    29     31     41     39   1139.334     34.000     -2.340
    30     32     42     40    888.215     35.000     -2.340
    31     33     43     41    820.031     36.000     -2.340
    32     34     44     42    781.522     37.000     -2.340
    33     35     45     43    753.093     38.000     -2.340
    34     36     46     44    833.648     39.000     -2.340
    35     37     47     45   1022.406     40.000     -2.340
    36     38     48     46   1051.621     41.000     -2.340
     1      3     15     13   1282.503      7.000     -2.730
     2      4     16     14   1317.872      8.000     -2.730
     3      5     17     15   1589.353      9.000     -2.730
     4      6     18     16   1567.999     10.000     -2.730
     5      7     19     17   1655.084     11.000     -2.730
     6      8     20     18   1384.429     12.000     -2.730
     7      9     21     19   1393.314     13.000     -2.730
     8     10     22     20   1789.614     14.000     -2.730
     9     11     23     21   1697.207     15.000     -2.730
    10     12     24     22   1764.592     16.000     -2.730
    11     13     25     23   1776.071     17.000     -2.730
    12     14     26     24   1868.672     18.000     -2.730
    13     15     27     25   2466.048     19.000     -2.730
    14     16     28     26   2767.626     20.000     -2.730
    15     17     29     27   2568.399     21.000     -2.730
    16     18     30     28   2296.114     22.000     -2.730
    17     19     31     29   2061.960     23.000     -2.730
    18     20     32     30   1779.737     24.000     -2.730
    19     21     33     31   1355.140     25.000     -2.730
    20     22     34     32   1035.113     26.000     -2.730
    21     23     35     33    790.048     27.000     -2.730
    22     24     36     34    815.962     28.000     -2.730
    23     25     37     35    752.097     29.000     -2.730
    24     26     38     36    641.890     30.000     -2.730
    25     27     39     37    731.123     31.000     -2.730
    26     28     40     38    768.403     32.000     -2.730
    27     29     41     39    790.475     33.000     -2.730
    28     30     42     40    772.148     34.000     -2.730
    29     31     43     41    892.753     35.000     -2.730
    30     32     44     42    790.280     36.000     -2.730
    31     33     45     43    742.441     37.000     -2.730
    32     34     46     44    732.031     38.000     -2.730
    33     35     47     45    767.781     39.000     -2.730
    34     36     48     46    921.966     40.000     -2.730
     1      4     16     13   1194.609      7.500     -2.925
     2      5     17     14   1334.449      8.500     -2.925
     3      6     18     15   1552.125      9.500     -2.925
     4      7     19     16   1703.576     10.500     -2.925
     5      8     20     17   1488.217     11.500     -2.925
     6      9     21     18   1587.366     12.500     -2.925
     7     10     22     19   1782.221     13.500     -2.925
     8     11     23     20   1842.237     14.500     -2.925
     9     12     24     21   1816.162     15.500     -2.925
    10     13     25     22   1752.669     16.500     -2.925
    11     14     26     23   1956.239     17.500     -2.925
    12     15     27     24   2171.458     18.500     -2.925
    13     16     28     25   2528.108     19.500     -2.925
    14     17     29     26   2847.989     20.500     -2.925
    15     18     30     27   2442.241     21.500     -2.925
    16     19     31     28   2264.831     22.500     -2.925
    17     20     32     29   1968.043     23.500     -2.925
    18     21     33     30   1600.751     24.500     -2.925
    19     22     34     31   1255.040     25.500     -2.925
    20     23     35     32    961.012     26.500     -2.925
    21     24     36     33    860.657     27.500     -2.925
    22     25     37     34    805.417     28.500     -2.925
    23     26     38     35    740.911     29.500     -2.925
    24     27     39     36    775.434     30.500     -2.925
    25     28     40     37    776.458     31.500     -2.925
    26     29     41     38    767.648     32.500     -2.925
    27     30     42     39    866.824     33.500     -2.925
    28     31     43     40    813.255     34.500     -2.925
    29     32     44     41    829.413     35.500     -2.925
    30     33     45     42    759.823     36.500     -2.925
    31     34     46     43    738.632     37.500     -2.925
    32     35     47     44    741.934     38.500     -2.925
    33     36     48     45    898.775     39.500     -2.925
     1      4     19     16    856.070      9.000     -3.510
     2      5     20     17    817.552     10.000     -3.510
     3      6     21     18    884.829     11.000     -3.510
     4      7     22     19    795.643     12.000     -3.510
     5      8     23     20    667.632     13.000     -3.510
     6      9     24     21    835.930     14.000     -3.510
     7     10     25     22   1014.070     15.000     -3.510
     8     11     26     23   1242.511     16.000     -3.510
     9     12     27     24   1477.165     17.000     -3.510
    10     13     28     25   1455.145     18.000     -3.510
    11     14     29     26   1741.191     19.000     -3.510
    12     15     30     27   1585.309     20.000     -3.510
    13     16     31     28   1599.948     21.000     -3.510
    14     17     32     29   1533.838     22.000     -3.510
    15     18     33     30   1292.737     23.000     -3.510
    16     19     34     31   1059.304     24.000     -3.510
    17     20     35     32    831.585     25.000     -3.510
    18     21     36     33    642.409     26.000     -3.510
    19     22     37     34    556.618     27.000     -3.510
    20     23     38     35    449.051     28.000     -3.510
    21     24     39     36    415.549     29.000     -3.510
    22     25     40     37    378.899     30.000     -3.510
    23     26     41     38    403.961     31.000     -3.510
    24     27     42     39    490.592     32.000     -3.510
    25     28     43     40    511.456     33.000     -3.510
    26     29     44     41    535.516     34.000     -3.510
    27     30     45     42    598.593     35.000     -3.510
    28     31     46     43    711.937     36.000     -3.510
    29     32     47     44    844.001     37.000     -3.510
    30     33     48     45    932.712     38.000     -3.510
     1      4     22     19    415.500     10.500     -4.095
     2      5     23     20    367.455     11.500     -4.095
     3      6     24     21    447.632     12.500     -4.095
     4      7     25     22    394.244     13.500     -4.095
     5      8     26     23    424.139     14.500     -4.095
     6      9     27     24    613.592     15.500     -4.095
     7     10     28     25    919.869     16.500     -4.095
     8     11     29     26   1064.711     17.500     -4.095
     9     12     30     27    985.622     18.500     -4.095
    10     13     31     28    888.285     19.500     -4.095
    11     14     32     29    893.827     20.500     -4.095
    12     15     33     30    802.645     21.500     -4.095
    13     16     34     31    711.285     22.500     -4.095
    14     17     35     32    595.660     23.500     -4.095
    15     18     36     33    498.323     24.500     -4.095
    16     19     37     34    451.832     25.500     -4.095
    17     20     38     35    377.418     26.500     -4.095
    18     21     39     36    300.130     27.500     -4.095
    19     22     40     37    266.444     28.500     -4.095
    20     23     41     38    235.513     29.500     -4.095
    21     24     42     39    264.920     30.500     -4.095
    22     25     43     40    257.914     31.500     -4.095
    23     26     44     41    250.599     32.500     -4.095
    24     27     45     42    329.240     33.500     -4.095
    25     28     46     43    340.965     34.500     -4.095
    26     29     47     44    423.145     35.500     -4.095
    27     30     48     45    825.066     36.500     -4.095
     1      5     25     21    268.532     12.000     -4.680
     2      6     26     22    314.197     13.000     -4.680
     3      7     27     23    296.843     14.000     -4.680
     4      8     28     24    406.825     15.000     -4.680
     5      9     29     25    515.839     16.000     -4.680
     6     10     30     26    657.271     17.000     -4.680
     7     11     31     27    666.593     18.000     -4.680
     8     12     32     28    683.002     19.000     -4.680
     9     13     33     29    613.727     20.000     -4.680
    10     14     34     30    575.741     21.000     -4.680
    11     15     35     31    496.120     22.000     -4.680
    12     16     36     32    426.724     23.000     -4.680
    13     17     37     33    390.864     24.000     -4.680
    14     18     38     34    350.315     25.000     -4.680
    15     19     39     35    306.795     26.000     -4.680
    16     20     40     36    271.702     27.000     -4.680
    17     21     41     37    230.764     28.000     -4.680
    18     22     42     38    216.444     29.000     -4.680
    19     23     43     39    204.085     30.000     -4.680
    20     24     44     40    201.947     31.000     -4.680
    21     25     45     41    197.570     32.000     -4.680
    22     26     46     42    144.391     33.000     -4.680
    23     27     47     43    190.022     34.000     -4.680
    24     28     48     44    170.017     35.000     -4.680
     1      5     29     25    220.858     14.000     -5.460
     2      6     30     26    248.910     15.000     -5.460
     3      7     31     27    205.953     16.000     -5.460
     4      8     32     28    221.534     17.000     -5.460
     5      9     33     29    235.715     18.000     -5.460
     6     10     34     30    256.705     19.000     -5.460
     7     11     35     31    257.608     20.000     -5.460
     8     12     36     32    232.068     21.000     -5.460
     9     13     37     33    202.301     22.000     -5.460
    10     14     38     34    200.876     23.000     -5.460
    11     15     39     35    177.046     24.000     -5.460
    12     16     40     36    191.033     25.000     -5.460
    13     17     41     37    178.049     26.000     -5.460
    14     18     42     38    176.044     27.000     -5.460
    15     19     43     39    183.776     28.000     -5.460
    16     20     44     40    165.161     29.000     -5.460
    17     21     45     41    153.840     30.000     -5.460
    18     22     46     42    141.299     31.000     -5.460
    19     23     47     43    133.514     32.000     -5.460
    20     24     48     44     50.335     33.000     -5.460
     1      6     31     26    219.801     15.000     -5.850
     2      7     32     27    197.042     16.000     -5.850
     3      8     33     28    184.066     17.000     -5.850
     4      9     34     29    206.071     18.000     -5.850
     5     10     35     30    220.004     19.000     -5.850
     6     11     36     31    215.921     20.000     -5.850
     7     12     37     32    201.577     21.000     -5.850
     8     13     38     33    182.196     22.000     -5.850
     9     14     39     34    178.185     23.000     -5.850
    10     15     40     35    176.658     24.000     -5.850
    11     16     41     36    163.670     25.000     -5.850
    12     17     42     37    164.670     26.000     -5.850
    13     18     43     38    162.464     27.000     -5.850
    14     19     44     39    175.640     28.000     -5.850
    15     20     45     40    152.568     29.000     -5.850
    16     21     46     41    151.629     30.000     -5.850
    17     22     47     42    144.602     31.000     -5.850
    18     23     48     43    116.946     32.000     -5.850
     1      6     36     31     90.938     17.500     -6.825
     2      7     37     32     77.561     18.500     -6.825
     3      8     38     33     70.057     19.500     -6.825
     4      9     39     34     76.661     20.500     -6.825
     5     10     40     35     92.165     21.500     -6.825
     6     11     41     36     93.913     22.500     -6.825
     7     12     42     37     96.453     23.500     -6.825
     8     13     43     38    109.635     24.500     -6.825
     9     14     44     39    119.511     25.500     -6.825
    10     15     45     40    101.731     26.500     -6.825
    11     16     46     41    126.174     27.500     -6.825
    12     17     47     42    146.230     28.500     -6.825
    13     18     48     43    182.661     29.500     -6.825
     1      7     37     31     88.513     18.000     -7.020
     2      8     38     32     78.159     19.000     -7.020
     3      9     39     33     79.964     20.000     -7.020
     4     10     40     34     91.310     21.000     -7.020
     5     11     41     35     94.821     22.000     -7.020
     6     12     42     36    102.398     23.000     -7.020
     7     13     43     37    104.497     24.000     -7.020
     8     14     44     38    114.387     25.000     -7.020
     9     15     45     39    121.421     26.000     -7.020
    10     16     46     40    116.920     27.000     -7.020
    11     17     47     41    146.190     28.000     -7.020
    12     18     48     42    215.043     29.000     -7.020
     1      7     43     37     59.875     21.000     -8.190
     2      8     44     38     62.329     22.000     -8.190
     3      9     45     39     69.494     23.000     -8.190
     4     10     46     40     75.028     24.000     -8.190
     5     11     47     41     99.079     25.000     -8.190
     6     12     48     42    135.773     26.000     -8.190
     1     10     46     37     72.951     22.500     -8.775
     2     11     47     38     82.092     23.500     -8.775
     3     12     48     39    114.375     24.500     -8.775
