48# Number of electrodes
# x z
0.000     0.000
1.000     0.000
2.000     0.000
3.000     0.000
4.000     0.000
5.000     0.000
6.000     0.000
7.000     0.000
8.000     0.000
9.000     0.000
10.000     0.000
11.000     0.000
12.000     0.000
13.000     0.000
14.000     0.000
15.000     0.000
16.000     0.000
17.000     0.000
18.000     0.000
19.000     0.000
20.000     0.000
21.000     0.000
22.000     0.000
23.000     0.000
24.000     0.000
25.000     0.000
26.000     0.000
27.000     0.000
28.000     0.000
29.000     0.000
30.000     0.000
31.000     0.000
32.000     0.000
33.000     0.000
34.000     0.000
35.000     0.000
36.000     0.000
37.000     0.000
38.000     0.000
39.000     0.000
40.000     0.000
41.000     0.000
42.000     0.000
43.000     0.000
44.000     0.000
45.000     0.000
46.000     0.000
47.000     0.000
909# Number of data
# a   b   m   n      rhoa      x      z
     1      4      2      3   2230.163      1.500     -0.330
     2      5      3      4   2528.091      2.500     -0.330
     3      6      4      5   3196.750      3.500     -0.330
     4      7      5      6   2929.050      4.500     -0.330
     5      8      6      7   2626.396      5.500     -0.330
     6      9      7      8   3236.048      6.500     -0.330
     7     10      8      9   4494.766      7.500     -0.330
     8     11      9     10   5271.085      8.500     -0.330
     9     12     10     11   6227.008      9.500     -0.330
    10     13     11     12   5738.264     10.500     -0.330
    11     14     12     13   6438.731     11.500     -0.330
    12     15     13     14   4489.287     12.500     -0.330
    13     16     14     15   7056.864     13.500     -0.330
    14     17     15     16   5453.733     14.500     -0.330
    15     18     16     17   6708.337     15.500     -0.330
    16     19     17     18   5783.317     16.500     -0.330
    17     20     18     19   5737.516     17.500     -0.330
    18     21     19     20   4780.165     18.500     -0.330
    19     22     20     21   4090.970     19.500     -0.330
    20     23     21     22   3417.194     20.500     -0.330
    21     24     22     23   2409.426     21.500     -0.330
    22     25     23     24   2361.451     22.500     -0.330
    23     26     24     25   2306.238     23.500     -0.330
    24     27     25     26   2500.070     24.500     -0.330
    25     28     26     27   2949.798     25.500     -0.330
    26     29     27     28   3650.975     26.500     -0.330
    27     30     28     29   3310.614     27.500     -0.330
    28     31     29     30   4045.890     28.500     -0.330
    29     32     30     31   4080.453     29.500     -0.330
    30     33     31     32   3905.844     30.500     -0.330
    31     34     32     33   4111.248     31.500     -0.330
    32     35     33     34   3889.163     32.500     -0.330
    33     36     34     35   2964.421     33.500     -0.330
    34     37     35     36   3680.701     34.500     -0.330
    35     38     36     37   2655.020     35.500     -0.330
    36     39     37     38   2667.803     36.500     -0.330
    37     40     38     39   1809.887     37.500     -0.330
    38     41     39     40   2224.780     38.500     -0.330
    39     42     40     41   1512.598     39.500     -0.330
    40     43     41     42   2411.198     40.500     -0.330
    41     44     42     43   2383.320     41.500     -0.330
    42     45     43     44   3020.639     42.500     -0.330
    43     46     44     45   3040.109     43.500     -0.330
    44     47     45     46   4127.466     44.500     -0.330
    45     48     46     47   4906.041     45.500     -0.330
     1      7      3      5   1111.142      3.000     -0.660
     2      8      4      6   1586.806      4.000     -0.660
     3      9      5      7   1641.689      5.000     -0.660
     4     10      6      8   1729.982      6.000     -0.660
     5     11      7      9   2405.194      7.000     -0.660
     6     12      8     10   2972.158      8.000     -0.660
     7     13      9     11   2718.694      9.000     -0.660
     8     14     10     12   3191.207     10.000     -0.660
     9     15     11     13   3725.394     11.000     -0.660
    10     16     12     14   3872.022     12.000     -0.660
    11     17     13     15   3915.984     13.000     -0.660
    12     18     14     16   4144.217     14.000     -0.660
    13     19     15     17   3933.368     15.000     -0.660
    14     20     16     18   3594.955     16.000     -0.660
    15     21     17     19   3777.129     17.000     -0.660
    16     22     18     20   3342.876     18.000     -0.660
    17     23     19     21   2836.981     19.000     -0.660
    18     24     20     22   2422.969     20.000     -0.660
    19     25     21     23   2154.863     21.000     -0.660
    20     26     22     24   1834.444     22.000     -0.660
    21     27     23     25   1886.319     23.000     -0.660
    22     28     24     26   1746.733     24.000     -0.660
    23     29     25     27   1935.117     25.000     -0.660
    24     30     26     28   2280.457     26.000     -0.660
    25     31     27     29   2449.912     27.000     -0.660
    26     32     28     30   2286.814     28.000     -0.660
    27     33     29     31   2513.423     29.000     -0.660
    28     34     30     32   2639.512     30.000     -0.660
    29     35     31     33   2616.581     31.000     -0.660
    30     36     32     34   2381.502     32.000     -0.660
    31     37     33     35   2080.730     33.000     -0.660
    32     38     34     36   2034.576     34.000     -0.660
    33     39     35     37   2048.275     35.000     -0.660
    34     40     36     38   1672.367     36.000     -0.660
    35     41     37     39   1269.030     37.000     -0.660
    36     42     38     40   1337.719     38.000     -0.660
    37     43     39     41   1474.044     39.000     -0.660
    38     44     40     42   1648.320     40.000     -0.660
    39     45     41     43   1688.861     41.000     -0.660
    40     46     42     44   1974.383     42.000     -0.660
    41     47     43     45   1927.405     43.000     -0.660
    42     48     44     46   2783.755     44.000     -0.660
     1     10      4      7    877.252      4.500     -0.990
     2     11      5      8    962.383      5.500     -0.990
     3     12      6      9   1223.037      6.500     -0.990
     4     13      7     10   1414.043      7.500     -0.990
     5     14      8     11   2028.412      8.500     -0.990
     6     15      9     12   2184.711      9.500     -0.990
     7     16     10     13   2307.019     10.500     -0.990
     8     17     11     14   2027.316     11.500     -0.990
     9     18     12     15   2381.431     12.500     -0.990
    10     19     13     16   2280.601     13.500     -0.990
    11     20     14     17   2441.935     14.500     -0.990
    12     21     15     18   2286.726     15.500     -0.990
    13     22     16     19   2356.782     16.500     -0.990
    14     23     17     20   2117.061     17.500     -0.990
    15     24     18     21   2216.518     18.500     -0.990
    16     25     19     22   1954.465     19.500     -0.990
    17     26     20     23   1718.381     20.500     -0.990
    18     27     21     24   1573.116     21.500     -0.990
    19     28     22     25   1361.388     22.500     -0.990
    20     29     23     26   1389.381     23.500     -0.990
    21     30     24     27   1384.981     24.500     -0.990
    22     31     25     28   1559.060     25.500     -0.990
    23     32     26     29   1518.275     26.500     -0.990
    24     33     27     30   1432.836     27.500     -0.990
    25     34     28     31   1388.734     28.500     -0.990
    26     35     29     32   1364.254     29.500     -0.990
    27     36     30     33   1304.402     30.500     -0.990
    28     37     31     34   1437.033     31.500     -0.990
    29     38     32     35   1269.104     32.500     -0.990
    30     39     33     36   1200.026     33.500     -0.990
    31     40     34     37   1228.523     34.500     -0.990
    32     41     35     38   1202.328     35.500     -0.990
    33     42     36     39    923.086     36.500     -0.990
    34     43     37     40    911.271     37.500     -0.990
    35     44     38     41    820.133     38.500     -0.990
    36     45     39     42   1066.861     39.500     -0.990
    37     46     40     43   1174.909     40.500     -0.990
    38     47     41     44   1343.158     41.500     -0.990
    39     48     42     45   1279.715     42.500     -0.990
     1     13      5      9    608.273      6.000     -1.320
     2     14      6     10    917.557      7.000     -1.320
     3     15      7     11   1147.053      8.000     -1.320
     4     16      8     12   1314.064      9.000     -1.320
     5     17      9     13   1451.153     10.000     -1.320
     6     18     10     14   1391.889     11.000     -1.320
     7     19     11     15   1299.671     12.000     -1.320
     8     20     12     16   1188.780     13.000     -1.320
     9     21     13     17   1169.047     14.000     -1.320
    10     22     14     18   1274.174     15.000     -1.320
    11     23     15     19   1457.797     16.000     -1.320
    12     24     16     20   1511.622     17.000     -1.320
    13     25     17     21   1473.490     18.000     -1.320
    14     26     18     22   1357.928     19.000     -1.320
    15     27     19     23   1308.549     20.000     -1.320
    16     28     20     24   1130.744     21.000     -1.320
    17     29     21     25   1040.313     22.000     -1.320
    18     30     22     26    923.716     23.000     -1.320
    19     31     23     27   1025.573     24.000     -1.320
    20     32     24     28   1097.107     25.000     -1.320
    21     33     25     29    965.884     26.000     -1.320
    22     34     26     30    931.487     27.000     -1.320
    23     35     27     31    918.651     28.000     -1.320
    24     36     28     32    783.807     29.000     -1.320
    25     37     29     33    746.099     30.000     -1.320
    26     38     30     34    732.744     31.000     -1.320
    27     39     31     35    759.564     32.000     -1.320
    28     40     32     36    852.048     33.000     -1.320
    29     41     33     37    776.404     34.000     -1.320
    30     42     34     38    728.405     35.000     -1.320
    31     43     35     39    660.652     36.000     -1.320
    32     44     36     40    612.220     37.000     -1.320
    33     45     37     41    587.985     38.000     -1.320
    34     46     38     42    675.962     39.000     -1.320
    35     47     39     43    719.264     40.000     -1.320
    36     48     40     44    858.292     41.000     -1.320
     1     16      6     11    704.358      7.500     -1.650
     2     17      7     12    715.764      8.500     -1.650
     3     18      8     13    826.980      9.500     -1.650
     4     19      9     14    749.232     10.500     -1.650
     5     20     10     15    826.123     11.500     -1.650
     6     21     11     16    821.474     12.500     -1.650
     7     22     12     17    685.348     13.500     -1.650
     8     23     13     18    647.760     14.500     -1.650
     9     24     14     19    763.074     15.500     -1.650
    10     25     15     20    905.956     16.500     -1.650
    11     26     16     21   1028.181     17.500     -1.650
    12     27     17     22    899.287     18.500     -1.650
    13     28     18     23    876.997     19.500     -1.650
    14     29     19     24    732.506     20.500     -1.650
    15     30     20     25    724.087     21.500     -1.650
    16     31     21     26    683.032     22.500     -1.650
    17     32     22     27    654.387     23.500     -1.650
    18     33     23     28    674.376     24.500     -1.650
    19     34     24     29    673.530     25.500     -1.650
    20     35     25     30    642.392     26.500     -1.650
    21     36     26     31    619.605     27.500     -1.650
    22     37     27     32    593.059     28.500     -1.650
    23     38     28     33    516.345     29.500     -1.650
    24     39     29     34    521.428     30.500     -1.650
    25     40     30     35    501.385     31.500     -1.650
    26     41     31     36    522.663     32.500     -1.650
    27     42     32     37    517.152     33.500     -1.650
    28     43     33     38    500.607     34.500     -1.650
    29     44     34     39    441.611     35.500     -1.650
    30     45     35     40    428.502     36.500     -1.650
    31     46     36     41    423.173     37.500     -1.650
    32     47     37     42    464.868     38.500     -1.650
    33     48     38     43    488.387     39.500     -1.650
     1     19      7     13    434.240      9.000     -1.980
     2     20      8     14    461.042     10.000     -1.980
     3     21      9     15    465.962     11.000     -1.980
     4     22     10     16    489.216     12.000     -1.980
     5     23     11     17    528.042     13.000     -1.980
     6     24     12     18    461.198     14.000     -1.980
     7     25     13     19    490.258     15.000     -1.980
     8     26     14     20    518.788     16.000     -1.980
     9     27     15     21    548.119     17.000     -1.980
    10     28     16     22    552.399     18.000     -1.980
    11     29     17     23    544.432     19.000     -1.980
    12     30     18     24    520.479     20.000     -1.980
    13     31     19     25    486.643     21.000     -1.980
    14     32     20     26    435.137     22.000     -1.980
    15     33     21     27    417.918     23.000     -1.980
    16     34     22     28    414.669     24.000     -1.980
    17     35     23     29    440.864     25.000     -1.980
    18     36     24     30    427.381     26.000     -1.980
    19     37     25     31    449.847     27.000     -1.980
    20     38     26     32    463.690     28.000     -1.980
    21     39     27     33    471.650     29.000     -1.980
    22     40     28     34    422.020     30.000     -1.980
    23     41     29     35    391.881     31.000     -1.980
    24     42     30     36    386.913     32.000     -1.980
    25     43     31     37    362.622     33.000     -1.980
    26     44     32     38    358.736     34.000     -1.980
    27     45     33     39    326.720     35.000     -1.980
    28     46     34     40    319.672     36.000     -1.980
    29     47     35     41    302.707     37.000     -1.980
    30     48     36     42    317.608     38.000     -1.980
     1     22      8     15    291.005     10.500     -2.310
     2     23      9     16    332.768     11.500     -2.310
     3     24     10     17    350.336     12.500     -2.310
     4     25     11     18    363.407     13.500     -2.310
     5     26     12     19    350.394     14.500     -2.310
     6     27     13     20    384.782     15.500     -2.310
     7     28     14     21    328.393     16.500     -2.310
     8     29     15     22    314.519     17.500     -2.310
     9     30     16     23    282.427     18.500     -2.310
    10     31     17     24    277.449     19.500     -2.310
    11     32     18     25    335.525     20.500     -2.310
    12     33     19     26    253.254     21.500     -2.310
    13     34     20     27    291.309     22.500     -2.310
    14     35     21     28    254.589     23.500     -2.310
    15     36     22     29    262.928     24.500     -2.310
    16     37     23     30    274.031     25.500     -2.310
    17     38     24     31    335.786     26.500     -2.310
    18     39     25     32    342.508     27.500     -2.310
    19     40     26     33    376.463     28.500     -2.310
    20     41     27     34    391.602     29.500     -2.310
    21     42     28     35    335.491     30.500     -2.310
    22     43     29     36    324.173     31.500     -2.310
    23     44     30     37    302.910     32.500     -2.310
    24     45     31     38    295.735     33.500     -2.310
    25     46     32     39    277.724     34.500     -2.310
    26     47     33     40    243.003     35.500     -2.310
    27     48     34     41    231.541     36.500     -2.310
     1     25      9     17    274.416     12.000     -2.640
     2     26     10     18    265.048     13.000     -2.640
     3     27     11     19    296.926     14.000     -2.640
     4     28     12     20    263.781     15.000     -2.640
     5     29     13     21    256.026     16.000     -2.640
     6     30     14     22    233.328     17.000     -2.640
     7     31     15     23    207.670     18.000     -2.640
     8     32     16     24    179.076     19.000     -2.640
     9     33     17     25    154.436     20.000     -2.640
    10     34     18     26    184.529     21.000     -2.640
    11     35     19     27    205.878     22.000     -2.640
    12     36     20     28    173.204     23.000     -2.640
    13     37     21     29    153.023     24.000     -2.640
    14     38     22     30    171.945     25.000     -2.640
    15     39     23     31    236.581     26.000     -2.640
    16     40     24     32    276.913     27.000     -2.640
    17     41     25     33    295.450     28.000     -2.640
    18     42     26     34    297.631     29.000     -2.640
    19     43     27     35    305.141     30.000     -2.640
    20     44     28     36    282.660     31.000     -2.640
    21     45     29     37    267.763     32.000     -2.640
    22     46     30     38    275.720     33.000     -2.640
    23     47     31     39    267.458     34.000     -2.640
    24     48     32     40    213.333     35.000     -2.640
     1     28     10     19    211.124     13.500     -2.970
     2     29     11     20    204.197     14.500     -2.970
     3     30     12     21    190.321     15.500     -2.970
     4     31     13     22    174.845     16.500     -2.970
     5     32     14     23     92.454     17.500     -2.970
     6     33     15     24    129.240     18.500     -2.970
     7     34     16     25    118.836     19.500     -2.970
     8     35     17     26    128.177     20.500     -2.970
     9     36     18     27    134.393     21.500     -2.970
    10     37     19     28    121.646     22.500     -2.970
    11     38     20     29    115.540     23.500     -2.970
    12     39     21     30    100.050     24.500     -2.970
    13     40     22     31    141.118     25.500     -2.970
    14     41     23     32    194.460     26.500     -2.970
    15     42     24     33    238.455     27.500     -2.970
    16     43     25     34    239.282     28.500     -2.970
    17     44     26     35    238.729     29.500     -2.970
    18     45     27     36    250.528     30.500     -2.970
    19     46     28     37    214.213     31.500     -2.970
    20     47     29     38    207.409     32.500     -2.970
    21     48     30     39    232.658     33.500     -2.970
     1     31     11     21    178.326     15.000     -3.300
     2     32     12     22    105.801     16.000     -3.300
     3     33     13     23    102.385     17.000     -3.300
     4     34     14     24    107.819     18.000     -3.300
     5     35     15     25     63.142     19.000     -3.300
     6     36     16     26    108.279     20.000     -3.300
     7     37     17     27    107.544     21.000     -3.300
     8     38     18     28    111.181     22.000     -3.300
     9     39     19     29    119.881     23.000     -3.300
    10     40     20     30     81.893     24.000     -3.300
    11     41     21     31     69.534     25.000     -3.300
    12     42     22     32    131.636     26.000     -3.300
    13     43     23     33    178.596     27.000     -3.300
    14     44     24     34    208.046     28.000     -3.300
    15     45     25     35    208.477     29.000     -3.300
    16     46     26     36    179.403     30.000     -3.300
    17     47     27     37    151.520     31.000     -3.300
    18     48     28     38    173.760     32.000     -3.300
     1     34     12     23     92.263     16.500     -3.630
     2     35     13     24     76.502     17.500     -3.630
     3     36     14     25     77.118     18.500     -3.630
     4     37     15     26    110.908     19.500     -3.630
     5     38     16     27     56.437     20.500     -3.630
     6     39     17     28     53.931     21.500     -3.630
     7     40     18     29     97.724     22.500     -3.630
     8     41     19     30     98.200     23.500     -3.630
     9     42     20     31     97.460     24.500     -3.630
    10     43     21     32     14.627     25.500     -3.630
    11     44     22     33     93.218     26.500     -3.630
    12     45     23     34    170.187     27.500     -3.630
    13     46     24     35    178.693     28.500     -3.630
    14     47     25     36    139.842     29.500     -3.630
    15     48     26     37    128.765     30.500     -3.630
     1     37     13     25     94.349     18.000     -3.960
     2     38     14     26     52.853     19.000     -3.960
     3     39     15     27     82.806     20.000     -3.960
     4     40     16     28     95.449     21.000     -3.960
     5     41     17     29     30.179     22.000     -3.960
     6     42     18     30     93.786     23.000     -3.960
     7     43     19     31    103.922     24.000     -3.960
     8     44     20     32     93.088     25.000     -3.960
     9     45     21     33     83.494     26.000     -3.960
    10     46     22     34     77.028     27.000     -3.960
    11     47     23     35    119.096     28.000     -3.960
    12     48     24     36    173.424     29.000     -3.960
     1     40     14     27     89.316     19.500     -4.290
     2     41     15     28     82.285     20.500     -4.290
     3     42     16     29     69.726     21.500     -4.290
     4     43     17     30     67.999     22.500     -4.290
     5     44     18     31     88.953     23.500     -4.290
     6     45     19     32     72.344     24.500     -4.290
     7     46     20     33     72.889     25.500     -4.290
     8     47     21     34     74.367     26.500     -4.290
     9     48     22     35     89.473     27.500     -4.290
     1     43     15     29     84.198     21.000     -4.620
     2     44     16     30     54.466     22.000     -4.620
     3     45     17     31     70.737     23.000     -4.620
     4     46     18     32    105.507     24.000     -4.620
     5     47     19     33     42.894     25.000     -4.620
     6     48     20     34     86.603     26.000     -4.620
     1     46     16     31     71.331     22.500     -4.950
     2     47     17     32    -18.194     23.500     -4.950
     3     48     18     33     67.875     24.500     -4.950
     1      2      4      3   3283.904      1.500     -0.585
     2      3      5      4   4127.223      2.500     -0.585
     3      4      6      5   3321.659      3.500     -0.585
     4      5      7      6   3773.154      4.500     -0.585
     5      6      8      7   3476.825      5.500     -0.585
     6      7      9      8   2518.534      6.500     -0.585
     7      8     10      9   4100.204      7.500     -0.585
     8      9     11     10   7981.750      8.500     -0.585
     9     10     12     11   8388.537      9.500     -0.585
    10     11     13     12   7459.689     10.500     -0.585
    11     12     14     13   4963.554     11.500     -0.585
    12     13     15     14   7328.990     12.500     -0.585
    13     14     16     15   4923.342     13.500     -0.585
    14     15     17     16   9100.379     14.500     -0.585
    15     16     18     17   6914.072     15.500     -0.585
    16     17     19     18   6809.404     16.500     -0.585
    17     18     20     19   6218.299     17.500     -0.585
    18     19     21     20   6274.875     18.500     -0.585
    19     20     22     21   4888.389     19.500     -0.585
    20     21     23     22   3274.566     20.500     -0.585
    21     22     24     23   2876.223     21.500     -0.585
    22     23     25     24   2128.716     22.500     -0.585
    23     24     26     25   2328.846     23.500     -0.585
    24     25     27     26   2874.604     24.500     -0.585
    25     26     28     27   3364.301     25.500     -0.585
    26     27     29     28   3751.005     26.500     -0.585
    27     28     30     29   4818.895     27.500     -0.585
    28     29     31     30   3673.920     28.500     -0.585
    29     30     32     31   4565.125     29.500     -0.585
    30     31     33     32   5592.324     30.500     -0.585
    31     32     34     33   4176.817     31.500     -0.585
    32     33     35     34   3842.326     32.500     -0.585
    33     34     36     35   4858.946     33.500     -0.585
    34     35     37     36   2840.255     34.500     -0.585
    35     36     38     37   3911.166     35.500     -0.585
    36     37     39     38   3038.663     36.500     -0.585
    37     38     40     39   2524.955     37.500     -0.585
    38     39     41     40   1117.898     38.500     -0.585
    39     40     42     41   2448.082     39.500     -0.585
    40     41     43     42   1989.735     40.500     -0.585
    41     42     44     43   2946.663     41.500     -0.585
    42     43     45     44   3185.835     42.500     -0.585
    43     44     46     45   3877.489     43.500     -0.585
    44     45     47     46   3534.145     44.500     -0.585
    45     46     48     47   5137.056     45.500     -0.585
     1      2      5      4   2152.649      2.000     -0.780
     2      3      6      5   2827.397      3.000     -0.780
     3      4      7      6   1898.698      4.000     -0.780
     4      5      8      7   2418.372      5.000     -0.780
     5      6      9      8   2602.040      6.000     -0.780
     6      7     10      9   2158.280      7.000     -0.780
     7      8     11     10   3632.863      8.000     -0.780
     8      9     12     11   5497.565      9.000     -0.780
     9     10     13     12   6745.558     10.000     -0.780
    10     11     14     13   4209.490     11.000     -0.780
    11     12     15     14   4993.275     12.000     -0.780
    12     13     16     15   5445.030     13.000     -0.780
    13     14     17     16   5175.105     14.000     -0.780
    14     15     18     17   7066.131     15.000     -0.780
    15     16     19     18   6402.702     16.000     -0.780
    16     17     20     19   5312.191     17.000     -0.780
    17     18     21     20   4453.849     18.000     -0.780
    18     19     22     21   4238.093     19.000     -0.780
    19     20     23     22   2491.938     20.000     -0.780
    20     21     24     23   2153.386     21.000     -0.780
    21     22     25     24   1908.292     22.000     -0.780
    22     23     26     25   1737.960     23.000     -0.780
    23     24     27     26   2077.190     24.000     -0.780
    24     25     28     27   2810.411     25.000     -0.780
    25     26     29     28   2619.723     26.000     -0.780
    26     27     30     29   3618.220     27.000     -0.780
    27     28     31     30   3984.607     28.000     -0.780
    28     29     32     31   3988.584     29.000     -0.780
    29     30     33     32   4129.418     30.000     -0.780
    30     31     34     33   4251.505     31.000     -0.780
    31     32     35     34   3912.096     32.000     -0.780
    32     33     36     35   3828.864     33.000     -0.780
    33     34     37     36   3171.165     34.000     -0.780
    34     35     38     37   2096.739     35.000     -0.780
    35     36     39     38   2148.407     36.000     -0.780
    36     37     40     39   2607.638     37.000     -0.780
    37     38     41     40   1696.037     38.000     -0.780
    38     39     42     41   1323.462     39.000     -0.780
    39     40     43     42   1994.201     40.000     -0.780
    40     41     44     43   1838.340     41.000     -0.780
    41     42     45     44   3055.184     42.000     -0.780
    42     43     46     45   3066.942     43.000     -0.780
    43     44     47     46   3821.522     44.000     -0.780
    44     45     48     47   3245.238     45.000     -0.780
     1      2      6      5   1322.535      2.500     -0.975
     2      3      7      6   1368.975      3.500     -0.975
     3      4      8      7   1283.450      4.500     -0.975
     4      5      9      8   2386.311      5.500     -0.975
     5      6     10      9   2368.928      6.500     -0.975
     6      7     11     10   2361.541      7.500     -0.975
     7      8     12     11   2656.327      8.500     -0.975
     8      9     13     12   3967.577      9.500     -0.975
     9     10     14     13   3521.780     10.500     -0.975
    10     11     15     14   5008.280     11.500     -0.975
    11     12     16     15   4433.220     12.500     -0.975
    12     13     17     16   5384.128     13.500     -0.975
    13     14     18     17   4179.348     14.500     -0.975
    14     15     19     18   6234.216     15.500     -0.975
    15     16     20     19   4920.207     16.500     -0.975
    16     17     21     20   3942.911     17.500     -0.975
    17     18     22     21   3425.549     18.500     -0.975
    18     19     23     22   2501.789     19.500     -0.975
    19     20     24     23   2286.944     20.500     -0.975
    20     21     25     24   1760.144     21.500     -0.975
    21     22     26     25   1628.273     22.500     -0.975
    22     23     27     26   1670.155     23.500     -0.975
    23     24     28     27   2342.769     24.500     -0.975
    24     25     29     28   2008.320     25.500     -0.975
    25     26     30     29   2301.241     26.500     -0.975
    26     27     31     30   2730.778     27.500     -0.975
    27     28     32     31   3751.062     28.500     -0.975
    28     29     33     32   3398.202     29.500     -0.975
    29     30     34     33   2765.336     30.500     -0.975
    30     31     35     34   3250.356     31.500     -0.975
    31     32     36     35   3058.558     32.500     -0.975
    32     33     37     36   2224.403     33.500     -0.975
    33     34     38     37   2112.582     34.500     -0.975
    34     35     39     38   1220.641     35.500     -0.975
    35     36     40     39   1804.671     36.500     -0.975
    36     37     41     40   1531.580     37.500     -0.975
    37     38     42     41   1704.843     38.500     -0.975
    38     39     43     42   1066.080     39.500     -0.975
    39     40     44     43   1562.706     40.500     -0.975
    40     41     45     44   1617.217     41.500     -0.975
    41     42     46     45   2427.461     42.500     -0.975
    42     43     47     46   2605.870     43.500     -0.975
    43     44     48     47   2968.097     44.500     -0.975
     1      2      7      6    759.588      3.000     -1.170
     2      3      8      7    915.504      4.000     -1.170
     3      4      9      8   1215.723      5.000     -1.170
     4      5     10      9   2382.086      6.000     -1.170
     5      6     11     10   2395.937      7.000     -1.170
     6      7     12     11   1212.468      8.000     -1.170
     7      8     13     12   2011.286      9.000     -1.170
     8      9     14     13   2287.175     10.000     -1.170
     9     10     15     14   3696.221     11.000     -1.170
    10     11     16     15   3702.012     12.000     -1.170
    11     12     17     16   4682.000     13.000     -1.170
    12     13     18     17   4954.923     14.000     -1.170
    13     14     19     18   3608.914     15.000     -1.170
    14     15     20     19   4486.519     16.000     -1.170
    15     16     21     20   3459.768     17.000     -1.170
    16     17     22     21   2977.698     18.000     -1.170
    17     18     23     22   1942.466     19.000     -1.170
    18     19     24     23   2243.493     20.000     -1.170
    19     20     25     24   1884.801     21.000     -1.170
    20     21     26     25   1483.837     22.000     -1.170
    21     22     27     26   1571.751     23.000     -1.170
    22     23     28     27   1850.420     24.000     -1.170
    23     24     29     28   1641.478     25.000     -1.170
    24     25     30     29   1673.452     26.000     -1.170
    25     26     31     30   1773.664     27.000     -1.170
    26     27     32     31   2287.722     28.000     -1.170
    27     28     33     32   3118.007     29.000     -1.170
    28     29     34     33   2100.531     30.000     -1.170
    29     30     35     34   2109.918     31.000     -1.170
    30     31     36     35   2386.576     32.000     -1.170
    31     32     37     36   1782.407     33.000     -1.170
    32     33     38     37   1398.837     34.000     -1.170
    33     34     39     38   1153.597     35.000     -1.170
    34     35     40     39    982.008     36.000     -1.170
    35     36     41     40   1197.802     37.000     -1.170
    36     37     42     41   1422.989     38.000     -1.170
    37     38     43     42   1318.621     39.000     -1.170
    38     39     44     43    828.668     40.000     -1.170
    39     40     45     44   1206.574     41.000     -1.170
    40     41     46     45   1139.599     42.000     -1.170
    41     42     47     46   1894.527     43.000     -1.170
    42     43     48     47   2030.155     44.000     -1.170
     1      2      8      7    683.119      3.500     -1.365
     2      3      9      8    865.387      4.500     -1.365
     3      4     10      9   1193.866      5.500     -1.365
     4      5     11     10   1711.727      6.500     -1.365
     5      6     12     11   2457.306      7.500     -1.365
     6      7     13     12   1900.827      8.500     -1.365
     7      8     14     13    743.138      9.500     -1.365
     8      9     15     14   2092.737     10.500     -1.365
     9     10     16     15   3401.433     11.500     -1.365
    10     11     17     16   4097.901     12.500     -1.365
    11     12     18     17   2245.914     13.500     -1.365
    12     13     19     18   3137.506     14.500     -1.365
    13     14     20     19   2736.486     15.500     -1.365
    14     15     21     20   3040.987     16.500     -1.365
    15     16     22     21   2478.444     17.500     -1.365
    16     17     23     22   1651.480     18.500     -1.365
    17     18     24     23   1721.630     19.500     -1.365
    18     19     25     24   1743.441     20.500     -1.365
    19     20     26     25   1525.478     21.500     -1.365
    20     21     27     26   1406.745     22.500     -1.365
    21     22     28     27   1728.399     23.500     -1.365
    22     23     29     28   1231.678     24.500     -1.365
    23     24     30     29   1366.802     25.500     -1.365
    24     25     31     30   1275.623     26.500     -1.365
    25     26     32     31   1570.656     27.500     -1.365
    26     27     33     32   1793.990     28.500     -1.365
    27     28     34     33   1901.817     29.500     -1.365
    28     29     35     34   1503.218     30.500     -1.365
    29     30     36     35   1395.695     31.500     -1.365
    30     31     37     36   1069.634     32.500     -1.365
    31     32     38     37    936.962     33.500     -1.365
    32     33     39     38    741.786     34.500     -1.365
    33     34     40     39    913.938     35.500     -1.365
    34     35     41     40    673.142     36.500     -1.365
    35     36     42     41   1060.530     37.500     -1.365
    36     37     43     42   1088.138     38.500     -1.365
    37     38     44     43    987.388     39.500     -1.365
    38     39     45     44    625.783     40.500     -1.365
    39     40     46     45   1134.411     41.500     -1.365
    40     41     47     46   1138.654     42.500     -1.365
    41     42     48     47   1847.019     43.500     -1.365
     1      3      9      7    883.282      4.000     -1.560
     2      4     10      8   1085.333      5.000     -1.560
     3      5     11      9   1819.168      6.000     -1.560
     4      6     12     10   2154.900      7.000     -1.560
     5      7     13     11   1637.986      8.000     -1.560
     6      8     14     12   1577.037      9.000     -1.560
     7      9     15     13   1785.955     10.000     -1.560
     8     10     16     14   2965.155     11.000     -1.560
     9     11     17     15   3547.566     12.000     -1.560
    10     12     18     16   3722.812     13.000     -1.560
    11     13     19     17   3731.914     14.000     -1.560
    12     14     20     18   3180.771     15.000     -1.560
    13     15     21     19   3293.021     16.000     -1.560
    14     16     22     20   2950.039     17.000     -1.560
    15     17     23     21   2375.716     18.000     -1.560
    16     18     24     22   1770.738     19.000     -1.560
    17     19     25     23   1869.424     20.000     -1.560
    18     20     26     24   1707.114     21.000     -1.560
    19     21     27     25   1466.666     22.000     -1.560
    20     22     28     26   1564.583     23.000     -1.560
    21     23     29     27   1578.013     24.000     -1.560
    22     24     30     28   1395.125     25.000     -1.560
    23     25     31     29   1433.882     26.000     -1.560
    24     26     32     30   1506.927     27.000     -1.560
    25     27     33     31   1839.238     28.000     -1.560
    26     28     34     32   2261.018     29.000     -1.560
    27     29     35     33   1787.094     30.000     -1.560
    28     30     36     34   1641.114     31.000     -1.560
    29     31     37     35   1647.020     32.000     -1.560
    30     32     38     36   1318.931     33.000     -1.560
    31     33     39     37   1044.726     34.000     -1.560
    32     34     40     38    946.801     35.000     -1.560
    33     35     41     39    858.824     36.000     -1.560
    34     36     42     40    972.015     37.000     -1.560
    35     37     43     41   1172.179     38.000     -1.560
    36     38     44     42   1085.506     39.000     -1.560
    37     39     45     43    792.773     40.000     -1.560
    38     40     46     44    950.780     41.000     -1.560
    39     41     47     45   1131.715     42.000     -1.560
    40     42     48     46   1567.749     43.000     -1.560
     1      3     11      9    747.242      5.000     -1.950
     2      4     12     10    888.946      6.000     -1.950
     3      5     13     11   1021.845      7.000     -1.950
     4      6     14     12    810.029      8.000     -1.950
     5      7     15     13    665.408      9.000     -1.950
     6      8     16     14    846.100     10.000     -1.950
     7      9     17     15   1239.090     11.000     -1.950
     8     10     18     16   1769.369     12.000     -1.950
     9     11     19     17   2221.875     13.000     -1.950
    10     12     20     18   2143.695     14.000     -1.950
    11     13     21     19   1577.277     15.000     -1.950
    12     14     22     20   1540.698     16.000     -1.950
    13     15     23     21   1542.221     17.000     -1.950
    14     16     24     22   1253.763     18.000     -1.950
    15     17     25     23   1246.747     19.000     -1.950
    16     18     26     24   1117.164     20.000     -1.950
    17     19     27     25   1222.989     21.000     -1.950
    18     20     28     26   1419.356     22.000     -1.950
    19     21     29     27   1305.735     23.000     -1.950
    20     22     30     28    980.614     24.000     -1.950
    21     23     31     29    865.217     25.000     -1.950
    22     24     32     30    858.016     26.000     -1.950
    23     25     33     31    933.980     27.000     -1.950
    24     26     34     32    897.909     28.000     -1.950
    25     27     35     33    827.850     29.000     -1.950
    26     28     36     34    904.017     30.000     -1.950
    27     29     37     35    816.163     31.000     -1.950
    28     30     38     36    585.346     32.000     -1.950
    29     31     39     37    587.706     33.000     -1.950
    30     32     40     38    549.973     34.000     -1.950
    31     33     41     39    527.335     35.000     -1.950
    32     34     42     40    579.616     36.000     -1.950
    33     35     43     41    570.651     37.000     -1.950
    34     36     44     42    592.119     38.000     -1.950
    35     37     45     43    574.139     39.000     -1.950
    36     38     46     44    537.870     40.000     -1.950
    37     39     47     45    403.323     41.000     -1.950
    38     40     48     46    506.358     42.000     -1.950
     1      3     13     11    629.034      6.000     -2.340
     2      4     14     12    477.756      7.000     -2.340
     3      5     15     13    711.450      8.000     -2.340
     4      6     16     14    617.165      9.000     -2.340
     5      7     17     15    331.006     10.000     -2.340
     6      8     18     16    549.563     11.000     -2.340
     7      9     19     17    368.501     12.000     -2.340
     8     10     20     18   1047.862     13.000     -2.340
     9     11     21     19   1526.369     14.000     -2.340
    10     12     22     20    633.428     15.000     -2.340
    11     13     23     21    994.111     16.000     -2.340
    12     14     24     22    635.675     17.000     -2.340
    13     15     25     23    690.286     18.000     -2.340
    14     16     26     24    748.433     19.000     -2.340
    15     17     27     25    794.788     20.000     -2.340
    16     18     28     26    946.044     21.000     -2.340
    17     19     29     27   1050.154     22.000     -2.340
    18     20     30     28    840.803     23.000     -2.340
    19     21     31     29    704.287     24.000     -2.340
    20     22     32     30    647.452     25.000     -2.340
    21     23     33     31    528.511     26.000     -2.340
    22     24     34     32    472.837     27.000     -2.340
    23     25     35     33    386.182     28.000     -2.340
    24     26     36     34    353.218     29.000     -2.340
    25     27     37     35    366.526     30.000     -2.340
    26     28     38     36    291.429     31.000     -2.340
    27     29     39     37    118.978     32.000     -2.340
    28     30     40     38    200.635     33.000     -2.340
    29     31     41     39    315.248     34.000     -2.340
    30     32     42     40    352.019     35.000     -2.340
    31     33     43     41    493.391     36.000     -2.340
    32     34     44     42    411.154     37.000     -2.340
    33     35     45     43    273.892     38.000     -2.340
    34     36     46     44    405.229     39.000     -2.340
    35     37     47     45    413.273     40.000     -2.340
    36     38     48     46    578.007     41.000     -2.340
     1      3     15     13     32.728      7.000     -2.730
     2      4     16     14    663.104      8.000     -2.730
     3      5     17     15    680.041      9.000     -2.730
     4      6     18     16    246.015     10.000     -2.730
     5      7     19     17   1545.045     11.000     -2.730
     6      8     20     18    225.101     12.000     -2.730
     7      9     21     19    709.452     13.000     -2.730
     8     10     22     20    419.538     14.000     -2.730
     9     11     23     21   -547.276     15.000     -2.730
    10     12     24     22    865.281     16.000     -2.730
    11     13     25     23    394.257     17.000     -2.730
    12     14     26     24    227.410     18.000     -2.730
    13     15     27     25    492.439     19.000     -2.730
    14     16     28     26    657.742     20.000     -2.730
    15     17     29     27    700.783     21.000     -2.730
    16     18     30     28    556.763     22.000     -2.730
    17     19     31     29    578.442     23.000     -2.730
    18     20     32     30    615.994     24.000     -2.730
    19     21     33     31    456.088     25.000     -2.730
    20     22     34     32    276.613     26.000     -2.730
    21     23     35     33    245.909     27.000     -2.730
    22     24     36     34    218.636     28.000     -2.730
    23     25     37     35    175.780     29.000     -2.730
    24     26     38     36    206.075     30.000     -2.730
    25     27     39     37    204.927     31.000     -2.730
    26     28     40     38    192.352     32.000     -2.730
    27     29     41     39    251.174     33.000     -2.730
    28     30     42     40    365.717     34.000     -2.730
    29     31     43     41    113.712     35.000     -2.730
    30     32     44     42    306.434     36.000     -2.730
    31     33     45     43    241.436     37.000     -2.730
    32     34     46     44    468.781     38.000     -2.730
    33     35     47     45     63.255     39.000     -2.730
    34     36     48     46    347.685     40.000     -2.730
     1      4     16     13    263.012      7.500     -2.925
     2      5     17     14    492.720      8.500     -2.925
     3      6     18     15    316.718      9.500     -2.925
     4      7     19     16    313.051     10.500     -2.925
     5      8     20     17    707.616     11.500     -2.925
     6      9     21     18    426.032     12.500     -2.925
     7     10     22     19    537.529     13.500     -2.925
     8     11     23     20    210.683     14.500     -2.925
     9     12     24     21    112.707     15.500     -2.925
    10     13     25     22    485.849     16.500     -2.925
    11     14     26     23    404.442     17.500     -2.925
    12     15     27     24    396.434     18.500     -2.925
    13     16     28     25    598.081     19.500     -2.925
    14     17     29     26    684.199     20.500     -2.925
    15     18     30     27    697.251     21.500     -2.925
    16     19     31     28    621.594     22.500     -2.925
    17     20     32     29    611.636     23.500     -2.925
    18     21     33     30    516.629     24.500     -2.925
    19     22     34     31    423.595     25.500     -2.925
    20     23     35     32    297.050     26.500     -2.925
    21     24     36     33    268.872     27.500     -2.925
    22     25     37     34    208.851     28.500     -2.925
    23     26     38     35    254.486     29.500     -2.925
    24     27     39     36    208.602     30.500     -2.925
    25     28     40     37    172.536     31.500     -2.925
    26     29     41     38     99.090     32.500     -2.925
    27     30     42     39    241.242     33.500     -2.925
    28     31     43     40    195.263     34.500     -2.925
    29     32     44     41    359.305     35.500     -2.925
    30     33     45     42    270.116     36.500     -2.925
    31     34     46     43    225.188     37.500     -2.925
    32     35     47     44    -20.708     38.500     -2.925
    33     36     48     45    280.701     39.500     -2.925
     1      4     19     16    213.426      9.000     -3.510
     2      5     20     17   -343.070     10.000     -3.510
     3      6     21     18    105.418     11.000     -3.510
     4      7     22     19     89.309     12.000     -3.510
     5      8     23     20    558.475     13.000     -3.510
     6      9     24     21   -185.729     14.000     -3.510
     7     10     25     22   -570.113     15.000     -3.510
     8     11     26     23    215.055     16.000     -3.510
     9     12     27     24    457.242     17.000     -3.510
    10     13     28     25    229.169     18.000     -3.510
    11     14     29     26    305.012     19.000     -3.510
    12     15     30     27    321.954     20.000     -3.510
    13     16     31     28    338.489     21.000     -3.510
    14     17     32     29    439.350     22.000     -3.510
    15     18     33     30    356.053     23.000     -3.510
    16     19     34     31    325.121     24.000     -3.510
    17     20     35     32    221.875     25.000     -3.510
    18     21     36     33    212.838     26.000     -3.510
    19     22     37     34    158.857     27.000     -3.510
    20     23     38     35    128.049     28.000     -3.510
    21     24     39     36    114.194     29.000     -3.510
    22     25     40     37    150.691     30.000     -3.510
    23     26     41     38    111.853     31.000     -3.510
    24     27     42     39     59.127     32.000     -3.510
    25     28     43     40    203.191     33.000     -3.510
    26     29     44     41    256.030     34.000     -3.510
    27     30     45     42    314.874     35.000     -3.510
    28     31     46     43    685.325     36.000     -3.510
    29     32     47     44   1492.592     37.000     -3.510
    30     33     48     45    565.928     38.000     -3.510
     1      4     22     19     99.427     10.500     -4.095
     2      5     23     20   -856.341     11.500     -4.095
     3      6     24     21    342.224     12.500     -4.095
     4      7     25     22   -137.210     13.500     -4.095
     5      8     26     23    -81.939     14.500     -4.095
     6      9     27     24    279.819     15.500     -4.095
     7     10     28     25    535.235     16.500     -4.095
     8     11     29     26    263.471     17.500     -4.095
     9     12     30     27    203.363     18.500     -4.095
    10     13     31     28    210.765     19.500     -4.095
    11     14     32     29    317.187     20.500     -4.095
    12     15     33     30    242.967     21.500     -4.095
    13     16     34     31    208.766     22.500     -4.095
    14     17     35     32     66.620     23.500     -4.095
    15     18     36     33    168.094     24.500     -4.095
    16     19     37     34    144.838     25.500     -4.095
    17     20     38     35    131.399     26.500     -4.095
    18     21     39     36    103.750     27.500     -4.095
    19     22     40     37    117.485     28.500     -4.095
    20     23     41     38     78.832     29.500     -4.095
    21     24     42     39     80.514     30.500     -4.095
    22     25     43     40     10.074     31.500     -4.095
    23     26     44     41    -30.856     32.500     -4.095
    24     27     45     42    180.681     33.500     -4.095
    25     28     46     43    -88.846     34.500     -4.095
    26     29     47     44   1081.099     35.500     -4.095
    27     30     48     45    965.969     36.500     -4.095
     1      5     25     21  -1075.541     12.000     -4.680
     2      6     26     22     -8.626     13.000     -4.680
     3      7     27     23     23.343     14.000     -4.680
     4      8     28     24    161.497     15.000     -4.680
     5      9     29     25     43.837     16.000     -4.680
     6     10     30     26    155.426     17.000     -4.680
     7     11     31     27    173.883     18.000     -4.680
     8     12     32     28    220.872     19.000     -4.680
     9     13     33     29    180.292     20.000     -4.680
    10     14     34     30    195.281     21.000     -4.680
    11     15     35     31    153.662     22.000     -4.680
    12     16     36     32     19.528     23.000     -4.680
    13     17     37     33    132.249     24.000     -4.680
    14     18     38     34    121.029     25.000     -4.680
    15     19     39     35    114.560     26.000     -4.680
    16     20     40     36    122.522     27.000     -4.680
    17     21     41     37     97.309     28.000     -4.680
    18     22     42     38     96.570     29.000     -4.680
    19     23     43     39     80.782     30.000     -4.680
    20     24     44     40     63.033     31.000     -4.680
    21     25     45     41     79.515     32.000     -4.680
    22     26     46     42   -370.070     33.000     -4.680
    23     27     47     43   -743.050     34.000     -4.680
    24     28     48     44   -126.609     35.000     -4.680
     1      5     29     25    558.848     14.000     -5.460
     2      6     30     26     77.664     15.000     -5.460
     3      7     31     27     92.468     16.000     -5.460
     4      8     32     28    126.669     17.000     -5.460
     5      9     33     29     85.528     18.000     -5.460
     6     10     34     30    173.484     19.000     -5.460
     7     11     35     31    137.383     20.000     -5.460
     8     12     36     32     52.357     21.000     -5.460
     9     13     37     33    102.153     22.000     -5.460
    10     14     38     34     78.508     23.000     -5.460
    11     15     39     35     81.781     24.000     -5.460
    12     16     40     36    124.848     25.000     -5.460
    13     17     41     37     86.372     26.000     -5.460
    14     18     42     38    108.302     27.000     -5.460
    15     19     43     39    106.006     28.000     -5.460
    16     20     44     40     82.045     29.000     -5.460
    17     21     45     41    101.652     30.000     -5.460
    18     22     46     42     47.237     31.000     -5.460
    19     23     47     43     59.746     32.000     -5.460
    20     24     48     44    199.345     33.000     -5.460
     1      6     31     26    136.075     15.000     -5.850
     2      7     32     27    133.681     16.000     -5.850
     3      8     33     28     82.165     17.000     -5.850
     4      9     34     29     99.262     18.000     -5.850
     5     10     35     30    138.356     19.000     -5.850
     6     11     36     31    111.306     20.000     -5.850
     7     12     37     32     60.903     21.000     -5.850
     8     13     38     33     94.210     22.000     -5.850
     9     14     39     34     79.206     23.000     -5.850
    10     15     40     35    109.026     24.000     -5.850
    11     16     41     36     79.149     25.000     -5.850
    12     17     42     37     97.075     26.000     -5.850
    13     18     43     38     93.324     27.000     -5.850
    14     19     44     39    109.327     28.000     -5.850
    15     20     45     40     80.808     29.000     -5.850
    16     21     46     41     75.455     30.000     -5.850
    17     22     47     42     84.672     31.000     -5.850
    18     23     48     43    183.368     32.000     -5.850
     1      6     36     31    100.445     17.500     -6.825
     2      7     37     32    -22.662     18.500     -6.825
     3      8     38     33     57.331     19.500     -6.825
     4      9     39     34     52.548     20.500     -6.825
     5     10     40     35     92.066     21.500     -6.825
     6     11     41     36     57.166     22.500     -6.825
     7     12     42     37     74.583     23.500     -6.825
     8     13     43     38     81.246     24.500     -6.825
     9     14     44     39     92.990     25.500     -6.825
    10     15     45     40     41.332     26.500     -6.825
    11     16     46     41     52.911     27.500     -6.825
    12     17     47     42    183.077     28.500     -6.825
    13     18     48     43    316.277     29.500     -6.825
     1      7     37     31     79.146     18.000     -7.020
     2      8     38     32      1.176     19.000     -7.020
     3      9     39     33     56.639     20.000     -7.020
     4     10     40     34     66.433     21.000     -7.020
     5     11     41     35     58.720     22.000     -7.020
     6     12     42     36     70.528     23.000     -7.020
     7     13     43     37     74.622     24.000     -7.020
     8     14     44     38     82.561     25.000     -7.020
     9     15     45     39     87.470     26.000     -7.020
    10     16     46     40     33.748     27.000     -7.020
    11     17     47     41    134.563     28.000     -7.020
    12     18     48     42    288.760     29.000     -7.020
     1      7     43     37     58.307     21.000     -8.190
     2      8     44     38     57.832     22.000     -8.190
     3      9     45     39     57.674     23.000     -8.190
     4     10     46     40     -6.017     24.000     -8.190
     5     11     47     41    119.860     25.000     -8.190
     6     12     48     42    181.295     26.000     -8.190
     1     10     46     37     35.151     22.500     -8.775
     2     11     47     38     49.384     23.500     -8.775
     3     12     48     39    114.579     24.500     -8.775
