48# Number of electrodes
# x z
0.000     0.000
1.000     0.000
2.000     0.000
3.000     0.000
4.000     0.000
5.000     0.000
6.000     0.000
7.000     0.000
8.000     0.000
9.000     0.000
10.000     0.000
11.000     0.000
12.000     0.000
13.000     0.000
14.000     0.000
15.000     0.000
16.000     0.000
17.000     0.000
18.000     0.000
19.000     0.000
20.000     0.000
21.000     0.000
22.000     0.000
23.000     0.000
24.000     0.000
25.000     0.000
26.000     0.000
27.000     0.000
28.000     0.000
29.000     0.000
30.000     0.000
31.000     0.000
32.000     0.000
33.000     0.000
34.000     0.000
35.000     0.000
36.000     0.000
37.000     0.000
38.000     0.000
39.000     0.000
40.000     0.000
41.000     0.000
42.000     0.000
43.000     0.000
44.000     0.000
45.000     0.000
46.000     0.000
47.000     0.000
909# Number of data
# a   b   m   n      rhoa      x      z
     1      4      2      3    905.739      1.500     -0.330
     2      5      3      4   1112.580      2.500     -0.330
     3      6      4      5   1314.680      3.500     -0.330
     4      7      5      6   1431.336      4.500     -0.330
     5      8      6      7   1612.747      5.500     -0.330
     6      9      7      8   1666.933      6.500     -0.330
     7     10      8      9   2316.772      7.500     -0.330
     8     11      9     10   3014.332      8.500     -0.330
     9     12     10     11   2981.524      9.500     -0.330
    10     13     11     12   3771.190     10.500     -0.330
    11     14     12     13   3152.347     11.500     -0.330
    12     15     13     14   3423.467     12.500     -0.330
    13     16     14     15   3614.367     13.500     -0.330
    14     17     15     16   3456.158     14.500     -0.330
    15     18     16     17   4033.225     15.500     -0.330
    16     19     17     18   3188.800     16.500     -0.330
    17     20     18     19   3523.401     17.500     -0.330
    18     21     19     20   2974.178     18.500     -0.330
    19     22     20     21   2747.443     19.500     -0.330
    20     23     21     22   2492.334     20.500     -0.330
    21     24     22     23   2276.651     21.500     -0.330
    22     25     23     24   2436.143     22.500     -0.330
    23     26     24     25   2264.564     23.500     -0.330
    24     27     25     26   2577.366     24.500     -0.330
    25     28     26     27   2843.474     25.500     -0.330
    26     29     27     28   2947.381     26.500     -0.330
    27     30     28     29   2571.850     27.500     -0.330
    28     31     29     30   2734.310     28.500     -0.330
    29     32     30     31   2154.675     29.500     -0.330
    30     33     31     32   1857.969     30.500     -0.330
    31     34     32     33   1728.404     31.500     -0.330
    32     35     33     34   1235.206     32.500     -0.330
    33     36     34     35   1115.508     33.500     -0.330
    34     37     35     36   1185.966     34.500     -0.330
    35     38     36     37    953.690     35.500     -0.330
    36     39     37     38   1094.981     36.500     -0.330
    37     40     38     39    839.930     37.500     -0.330
    38     41     39     40   1206.588     38.500     -0.330
    39     42     40     41    954.948     39.500     -0.330
    40     43     41     42   1324.184     40.500     -0.330
    41     44     42     43   1369.900     41.500     -0.330
    42     45     43     44   1694.327     42.500     -0.330
    43     46     44     45   1745.508     43.500     -0.330
    44     47     45     46   2463.740     44.500     -0.330
    45     48     46     47   2791.885     45.500     -0.330
     1      7      3      5   1169.398      3.000     -0.660
     2      8      4      6   1454.731      4.000     -0.660
     3      9      5      7   1613.327      5.000     -0.660
     4     10      6      8   1745.827      6.000     -0.660
     5     11      7      9   2164.981      7.000     -0.660
     6     12      8     10   2729.705      8.000     -0.660
     7     13      9     11   2980.236      9.000     -0.660
     8     14     10     12   3153.579     10.000     -0.660
     9     15     11     13   3411.754     11.000     -0.660
    10     16     12     14   3484.078     12.000     -0.660
    11     17     13     15   3563.916     13.000     -0.660
    12     18     14     16   3835.491     14.000     -0.660
    13     19     15     17   3943.330     15.000     -0.660
    14     20     16     18   3629.982     16.000     -0.660
    15     21     17     19   3448.560     17.000     -0.660
    16     22     18     20   3470.396     18.000     -0.660
    17     23     19     21   3206.585     19.000     -0.660
    18     24     20     22   2863.561     20.000     -0.660
    19     25     21     23   2790.604     21.000     -0.660
    20     26     22     24   2744.417     22.000     -0.660
    21     27     23     25   2467.440     23.000     -0.660
    22     28     24     26   2464.664     24.000     -0.660
    23     29     25     27   2704.508     25.000     -0.660
    24     30     26     28   2786.135     26.000     -0.660
    25     31     27     29   2562.562     27.000     -0.660
    26     32     28     30   2424.180     28.000     -0.660
    27     33     29     31   2330.597     29.000     -0.660
    28     34     30     32   2153.491     30.000     -0.660
    29     35     31     33   2052.282     31.000     -0.660
    30     36     32     34   1702.623     32.000     -0.660
    31     37     33     35   1450.045     33.000     -0.660
    32     38     34     36   1211.411     34.000     -0.660
    33     39     35     37   1364.089     35.000     -0.660
    34     40     36     38    885.925     36.000     -0.660
    35     41     37     39   1032.961     37.000     -0.660
    36     42     38     40   1205.493     38.000     -0.660
    37     43     39     41   1260.719     39.000     -0.660
    38     44     40     42   1251.957     40.000     -0.660
    39     45     41     43   1403.091     41.000     -0.660
    40     46     42     44   1743.912     42.000     -0.660
    41     47     43     45   1914.985     43.000     -0.660
    42     48     44     46   2362.074     44.000     -0.660
     1     10      4      7   1346.846      4.500     -0.990
     2     11      5      8   1390.996      5.500     -0.990
     3     12      6      9   1651.616      6.500     -0.990
     4     13      7     10   2161.065      7.500     -0.990
     5     14      8     11   2643.901      8.500     -0.990
     6     15      9     12   3034.592      9.500     -0.990
     7     16     10     13   3027.250     10.500     -0.990
     8     17     11     14   2781.557     11.500     -0.990
     9     18     12     15   2887.717     12.500     -0.990
    10     19     13     16   3100.815     13.500     -0.990
    11     20     14     17   3273.575     14.500     -0.990
    12     21     15     18   3311.160     15.500     -0.990
    13     22     16     19   3319.567     16.500     -0.990
    14     23     17     20   3018.367     17.500     -0.990
    15     24     18     21   3003.313     18.500     -0.990
    16     25     19     22   2881.338     19.500     -0.990
    17     26     20     23   2778.480     20.500     -0.990
    18     27     21     24   2537.849     21.500     -0.990
    19     28     22     25   2378.155     22.500     -0.990
    20     29     23     26   2290.391     23.500     -0.990
    21     30     24     27   2221.329     24.500     -0.990
    22     31     25     28   2396.845     25.500     -0.990
    23     32     26     29   2269.726     26.500     -0.990
    24     33     27     30   2115.632     27.500     -0.990
    25     34     28     31   1932.209     28.500     -0.990
    26     35     29     32   1860.406     29.500     -0.990
    27     36     30     33   1709.238     30.500     -0.990
    28     37     31     34   1685.320     31.500     -0.990
    29     38     32     35   1528.824     32.500     -0.990
    30     39     33     36   1432.051     33.500     -0.990
    31     40     34     37   1310.207     34.500     -0.990
    32     41     35     38   1205.295     35.500     -0.990
    33     42     36     39   1092.307     36.500     -0.990
    34     43     37     40   1136.297     37.500     -0.990
    35     44     38     41   1173.863     38.500     -0.990
    36     45     39     42   1279.873     39.500     -0.990
    37     46     40     43   1329.684     40.500     -0.990
    38     47     41     44   1587.281     41.500     -0.990
    39     48     42     45   1659.217     42.500     -0.990
     1     13      5      9   1256.633      6.000     -1.320
     2     14      6     10   1695.363      7.000     -1.320
     3     15      7     11   2055.482      8.000     -1.320
     4     16      8     12   2390.235      9.000     -1.320
     5     17      9     13   2390.584     10.000     -1.320
     6     18     10     14   2437.619     11.000     -1.320
     7     19     11     15   2285.486     12.000     -1.320
     8     20     12     16   2137.391     13.000     -1.320
     9     21     13     17   2287.042     14.000     -1.320
    10     22     14     18   2467.074     15.000     -1.320
    11     23     15     19   2655.523     16.000     -1.320
    12     24     16     20   2692.377     17.000     -1.320
    13     25     17     21   2552.522     18.000     -1.320
    14     26     18     22   2500.141     19.000     -1.320
    15     27     19     23   2320.591     20.000     -1.320
    16     28     20     24   2205.260     21.000     -1.320
    17     29     21     25   2090.923     22.000     -1.320
    18     30     22     26   1971.445     23.000     -1.320
    19     31     23     27   1958.992     24.000     -1.320
    20     32     24     28   1916.405     25.000     -1.320
    21     33     25     29   1847.690     26.000     -1.320
    22     34     26     30   1832.965     27.000     -1.320
    23     35     27     31   1713.333     28.000     -1.320
    24     36     28     32   1520.067     29.000     -1.320
    25     37     29     33   1399.066     30.000     -1.320
    26     38     30     34   1637.295     31.000     -1.320
    27     39     31     35   1242.851     32.000     -1.320
    28     40     32     36   1235.947     33.000     -1.320
    29     41     33     37   1130.205     34.000     -1.320
    30     42     34     38   1113.897     35.000     -1.320
    31     43     35     39   1098.812     36.000     -1.320
    32     44     36     40   1066.165     37.000     -1.320
    33     45     37     41   1077.527     38.000     -1.320
    34     46     38     42   1516.800     39.000     -1.320
    35     47     39     43   1245.934     40.000     -1.320
    36     48     40     44   1350.897     41.000     -1.320
     1     16      6     11   1547.992      7.500     -1.650
     2     17      7     12   1654.552      8.500     -1.650
     3     18      8     13   1752.464      9.500     -1.650
     4     19      9     14   1762.254     10.500     -1.650
     5     20     10     15   1771.934     11.500     -1.650
     6     21     11     16   1760.656     12.500     -1.650
     7     22     12     17   1728.288     13.500     -1.650
     8     23     13     18   1627.779     14.500     -1.650
     9     24     14     19   1736.819     15.500     -1.650
    10     25     15     20   1971.890     16.500     -1.650
    11     26     16     21   2064.227     17.500     -1.650
    12     27     17     22   1984.381     18.500     -1.650
    13     28     18     23   1902.946     19.500     -1.650
    14     29     19     24   1764.776     20.500     -1.650
    15     30     20     25   1628.105     21.500     -1.650
    16     31     21     26   1614.429     22.500     -1.650
    17     32     22     27   1642.300     23.500     -1.650
    18     33     23     28   1569.246     24.500     -1.650
    19     34     24     29   1532.566     25.500     -1.650
    20     35     25     30   1547.686     26.500     -1.650
    21     36     26     31   1427.167     27.500     -1.650
    22     37     27     32   1309.973     28.500     -1.650
    23     38     28     33   1322.679     29.500     -1.650
    24     39     29     34   1107.880     30.500     -1.650
    25     40     30     35    928.299     31.500     -1.650
    26     41     31     36    937.275     32.500     -1.650
    27     42     32     37    914.626     33.500     -1.650
    28     43     33     38    894.248     34.500     -1.650
    29     44     34     39    894.689     35.500     -1.650
    30     45     35     40    989.262     36.500     -1.650
    31     46     36     41    966.683     37.500     -1.650
    32     47     37     42   1032.358     38.500     -1.650
    33     48     38     43   1219.948     39.500     -1.650
     1     19      7     13   1174.328      9.000     -1.980
     2     20      8     14   1225.894     10.000     -1.980
     3     21      9     15   1268.062     11.000     -1.980
     4     22     10     16   1332.565     12.000     -1.980
     5     23     11     17   1344.887     13.000     -1.980
     6     24     12     18   1275.775     14.000     -1.980
     7     25     13     19   1303.645     15.000     -1.980
     8     26     14     20   1249.026     16.000     -1.980
     9     27     15     21   1306.092     17.000     -1.980
    10     28     16     22   1406.862     18.000     -1.980
    11     29     17     23   1399.190     19.000     -1.980
    12     30     18     24   1402.563     20.000     -1.980
    13     31     19     25   1285.096     21.000     -1.980
    14     32     20     26   1240.927     22.000     -1.980
    15     33     21     27   1220.017     23.000     -1.980
    16     34     22     28   1279.024     24.000     -1.980
    17     35     23     29   1279.739     25.000     -1.980
    18     36     24     30   1219.848     26.000     -1.980
    19     37     25     31   1223.715     27.000     -1.980
    20     38     26     32   1219.868     28.000     -1.980
    21     39     27     33   1058.995     29.000     -1.980
    22     40     28     34    919.343     30.000     -1.980
    23     41     29     35    838.122     31.000     -1.980
    24     42     30     36    774.760     32.000     -1.980
    25     43     31     37    712.918     33.000     -1.980
    26     44     32     38    688.635     34.000     -1.980
    27     45     33     39    686.033     35.000     -1.980
    28     46     34     40    777.153     36.000     -1.980
    29     47     35     41    815.053     37.000     -1.980
    30     48     36     42    853.537     38.000     -1.980
     1     22      8     15    902.808     10.500     -2.310
     2     23      9     16    952.527     11.500     -2.310
     3     24     10     17    996.835     12.500     -2.310
     4     25     11     18    997.370     13.500     -2.310
     5     26     12     19    981.239     14.500     -2.310
     6     27     13     20    942.778     15.500     -2.310
     7     28     14     21    890.865     16.500     -2.310
     8     29     15     22    849.636     17.500     -2.310
     9     30     16     23    877.277     18.500     -2.310
    10     31     17     24    934.395     19.500     -2.310
    11     32     18     25    970.588     20.500     -2.310
    12     33     19     26    948.386     21.500     -2.310
    13     34     20     27    943.858     22.500     -2.310
    14     35     21     28    968.457     23.500     -2.310
    15     36     22     29    961.504     24.500     -2.310
    16     37     23     30    983.114     25.500     -2.310
    17     38     24     31   1045.255     26.500     -2.310
    18     39     25     32    972.776     27.500     -2.310
    19     40     26     33    925.070     28.500     -2.310
    20     41     27     34    842.668     29.500     -2.310
    21     42     28     35    742.261     30.500     -2.310
    22     43     29     36    688.859     31.500     -2.310
    23     44     30     37    617.102     32.500     -2.310
    24     45     31     38    585.258     33.500     -2.310
    25     46     32     39    560.268     34.500     -2.310
    26     47     33     40    579.429     35.500     -2.310
    27     48     34     41    605.344     36.500     -2.310
     1     25      9     17    742.962     12.000     -2.640
     2     26     10     18    740.431     13.000     -2.640
     3     27     11     19    716.310     14.000     -2.640
     4     28     12     20    661.454     15.000     -2.640
     5     29     13     21    637.842     16.000     -2.640
     6     30     14     22    613.607     17.000     -2.640
     7     31     15     23    602.024     18.000     -2.640
     8     32     16     24    573.935     19.000     -2.640
     9     33     17     25    579.355     20.000     -2.640
    10     34     18     26    669.884     21.000     -2.640
    11     35     19     27    709.668     22.000     -2.640
    12     36     20     28    736.262     23.000     -2.640
    13     37     21     29    728.894     24.000     -2.640
    14     38     22     30    802.749     25.000     -2.640
    15     39     23     31    766.577     26.000     -2.640
    16     40     24     32    757.536     27.000     -2.640
    17     41     25     33    793.629     28.000     -2.640
    18     42     26     34    744.288     29.000     -2.640
    19     43     27     35    688.604     30.000     -2.640
    20     44     28     36    624.831     31.000     -2.640
    21     45     29     37    570.610     32.000     -2.640
    22     46     30     38    516.477     33.000     -2.640
    23     47     31     39    487.417     34.000     -2.640
    24     48     32     40    483.997     35.000     -2.640
     1     28     10     19    507.422     13.500     -2.970
     2     29     11     20    477.726     14.500     -2.970
     3     30     12     21    438.519     15.500     -2.970
     4     31     13     22    427.384     16.500     -2.970
     5     32     14     23    423.095     17.500     -2.970
     6     33     15     24    426.458     18.500     -2.970
     7     34     16     25    423.932     19.500     -2.970
     8     35     17     26    410.782     20.500     -2.970
     9     36     18     27    453.580     21.500     -2.970
    10     37     19     28    513.790     22.500     -2.970
    11     38     20     29    577.314     23.500     -2.970
    12     39     21     30    589.540     24.500     -2.970
    13     40     22     31    587.977     25.500     -2.970
    14     41     23     32    598.242     26.500     -2.970
    15     42     24     33    609.737     27.500     -2.970
    16     43     25     34    617.431     28.500     -2.970
    17     44     26     35    608.876     29.500     -2.970
    18     45     27     36    574.071     30.500     -2.970
    19     46     28     37    524.676     31.500     -2.970
    20     47     29     38    478.025     32.500     -2.970
    21     48     30     39    427.455     33.500     -2.970
     1     31     11     21    318.421     15.000     -3.300
     2     32     12     22    300.208     16.000     -3.300
     3     33     13     23    294.849     17.000     -3.300
     4     34     14     24    306.247     18.000     -3.300
     5     35     15     25    318.167     19.000     -3.300
     6     36     16     26    330.536     20.000     -3.300
     7     37     17     27    331.770     21.000     -3.300
     8     38     18     28    360.391     22.000     -3.300
     9     39     19     29    371.264     23.000     -3.300
    10     40     20     30    418.005     24.000     -3.300
    11     41     21     31    452.405     25.000     -3.300
    12     42     22     32    475.178     26.000     -3.300
    13     43     23     33    478.303     27.000     -3.300
    14     44     24     34    489.451     28.000     -3.300
    15     45     25     35    492.974     29.000     -3.300
    16     46     26     36    488.423     30.000     -3.300
    17     47     27     37    474.349     31.000     -3.300
    18     48     28     38    424.910     32.000     -3.300
     1     34     12     23    218.903     16.500     -3.630
     2     35     13     24    226.540     17.500     -3.630
     3     36     14     25    229.359     18.500     -3.630
     4     37     15     26    250.134     19.500     -3.630
     5     38     16     27    280.042     20.500     -3.630
     6     39     17     28    282.664     21.500     -3.630
     7     40     18     29    288.067     22.500     -3.630
     8     41     19     30    295.617     23.500     -3.630
     9     42     20     31    318.088     24.500     -3.630
    10     43     21     32    344.473     25.500     -3.630
    11     44     22     33    379.793     26.500     -3.630
    12     45     23     34    392.265     27.500     -3.630
    13     46     24     35    390.899     28.500     -3.630
    14     47     25     36    404.394     29.500     -3.630
    15     48     26     37    385.967     30.500     -3.630
     1     37     13     25    179.896     18.000     -3.960
     2     38     14     26    199.955     19.000     -3.960
     3     39     15     27    213.728     20.000     -3.960
     4     40     16     28    230.062     21.000     -3.960
     5     41     17     29    239.694     22.000     -3.960
     6     42     18     30    257.660     23.000     -3.960
     7     43     19     31    256.405     24.000     -3.960
     8     44     20     32    255.411     25.000     -3.960
     9     45     21     33    275.425     26.000     -3.960
    10     46     22     34    301.983     27.000     -3.960
    11     47     23     35    317.135     28.000     -3.960
    12     48     24     36    324.076     29.000     -3.960
     1     40     14     27    171.865     19.500     -4.290
     2     41     15     28    191.379     20.500     -4.290
     3     42     16     29    204.938     21.500     -4.290
     4     43     17     30    214.854     22.500     -4.290
     5     44     18     31    223.274     23.500     -4.290
     6     45     19     32    221.965     24.500     -4.290
     7     46     20     33    227.680     25.500     -4.290
     8     47     21     34    226.379     26.500     -4.290
     9     48     22     35    230.647     27.500     -4.290
     1     43     15     29    175.950     21.000     -4.620
     2     44     16     30    188.630     22.000     -4.620
     3     45     17     31    194.891     23.000     -4.620
     4     46     18     32    191.438     24.000     -4.620
     5     47     19     33    198.619     25.000     -4.620
     6     48     20     34    197.476     26.000     -4.620
     1     46     16     31    173.995     22.500     -4.950
     2     47     17     32    164.813     23.500     -4.950
     3     48     18     33    171.400     24.500     -4.950
     1      2      4      3   1036.399      1.500     -0.585
     2      3      5      4   1035.125      2.500     -0.585
     3      4      6      5   1186.014      3.500     -0.585
     4      5      7      6   1609.301      4.500     -0.585
     5      6      8      7   1508.879      5.500     -0.585
     6      7      9      8   1480.761      6.500     -0.585
     7      8     10      9   1693.301      7.500     -0.585
     8      9     11     10   2904.297      8.500     -0.585
     9     10     12     11   4378.430      9.500     -0.585
    10     11     13     12   2961.215     10.500     -0.585
    11     12     14     13   3414.445     11.500     -0.585
    12     13     15     14   2960.242     12.500     -0.585
    13     14     16     15   3251.369     13.500     -0.585
    14     15     17     16   4147.540     14.500     -0.585
    15     16     18     17   3098.113     15.500     -0.585
    16     17     19     18   3859.258     16.500     -0.585
    17     18     20     19   3020.648     17.500     -0.585
    18     19     21     20   3002.020     18.500     -0.585
    19     20     22     21   2549.672     19.500     -0.585
    20     21     23     22   2256.759     20.500     -0.585
    21     22     24     23   2178.012     21.500     -0.585
    22     23     25     24   1841.200     22.500     -0.585
    23     24     26     25   2429.138     23.500     -0.585
    24     25     27     26   2588.634     24.500     -0.585
    25     26     28     27   2637.838     25.500     -0.585
    26     27     29     28   3014.019     26.500     -0.585
    27     28     30     29   3404.127     27.500     -0.585
    28     29     31     30   2088.190     28.500     -0.585
    29     30     32     31   2161.031     29.500     -0.585
    30     31     33     32   2076.824     30.500     -0.585
    31     32     34     33   1275.458     31.500     -0.585
    32     33     35     34   1158.463     32.500     -0.585
    33     34     36     35    966.168     33.500     -0.585
    34     35     37     36    846.728     34.500     -0.585
    35     36     38     37   1238.030     35.500     -0.585
    36     37     39     38    857.797     36.500     -0.585
    37     38     40     39   1059.434     37.500     -0.585
    38     39     41     40    652.729     38.500     -0.585
    39     40     42     41   1195.406     39.500     -0.585
    40     41     43     42   1083.236     40.500     -0.585
    41     42     44     43   1448.257     41.500     -0.585
    42     43     45     44   1465.150     42.500     -0.585
    43     44     46     45   1775.523     43.500     -0.585
    44     45     47     46   1768.032     44.500     -0.585
    45     46     48     47   2969.245     45.500     -0.585
     1      2      5      4   1003.145      2.000     -0.780
     2      3      6      5   1240.977      3.000     -0.780
     3      4      7      6   1655.395      4.000     -0.780
     4      5      8      7   1608.669      5.000     -0.780
     5      6      9      8   2037.320      6.000     -0.780
     6      7     10      9   2027.585      7.000     -0.780
     7      8     11     10   2290.910      8.000     -0.780
     8      9     12     11   3649.371      9.000     -0.780
     9     10     13     12   3903.048     10.000     -0.780
    10     11     14     13   3660.646     11.000     -0.780
    11     12     15     14   3737.123     12.000     -0.780
    12     13     16     15   3873.505     13.000     -0.780
    13     14     17     16   4076.048     14.000     -0.780
    14     15     18     17   3967.347     15.000     -0.780
    15     16     19     18   4530.997     16.000     -0.780
    16     17     20     19   4248.262     17.000     -0.780
    17     18     21     20   3279.049     18.000     -0.780
    18     19     22     21   3066.682     19.000     -0.780
    19     20     23     22   2738.258     20.000     -0.780
    20     21     24     23   2593.437     21.000     -0.780
    21     22     25     24   2333.213     22.000     -0.780
    22     23     26     25   2600.654     23.000     -0.780
    23     24     27     26   3037.445     24.000     -0.780
    24     25     28     27   2590.960     25.000     -0.780
    25     26     29     28   2967.378     26.000     -0.780
    26     27     30     29   3436.586     27.000     -0.780
    27     28     31     30   3156.776     28.000     -0.780
    28     29     32     31   2864.238     29.000     -0.780
    29     30     33     32   2452.555     30.000     -0.780
    30     31     34     33   1850.311     31.000     -0.780
    31     32     35     34   1500.224     32.000     -0.780
    32     33     36     35   1543.738     33.000     -0.780
    33     34     37     36   1003.632     34.000     -0.780
    34     35     38     37   2001.710     35.000     -0.780
    35     36     39     38    825.960     36.000     -0.780
    36     37     40     39   1281.809     37.000     -0.780
    37     38     41     40    924.325     38.000     -0.780
    38     39     42     41    948.374     39.000     -0.780
    39     40     43     42   1464.011     40.000     -0.780
    40     41     44     43   1373.186     41.000     -0.780
    41     42     45     44   1655.120     42.000     -0.780
    42     43     46     45   1806.333     43.000     -0.780
    43     44     47     46   2248.578     44.000     -0.780
    44     45     48     47   2527.728     45.000     -0.780
     1      2      6      5   1145.055      2.500     -0.975
     2      3      7      6   1475.193      3.500     -0.975
     3      4      8      7   1543.242      4.500     -0.975
     4      5      9      8   2115.664      5.500     -0.975
     5      6     10      9   2452.432      6.500     -0.975
     6      7     11     10   2597.883      7.500     -0.975
     7      8     12     11   2540.906      8.500     -0.975
     8      9     13     12   3164.193      9.500     -0.975
     9     10     14     13   4146.497     10.500     -0.975
    10     11     15     14   3966.378     11.500     -0.975
    11     12     16     15   4639.151     12.500     -0.975
    12     13     17     16   4727.272     13.500     -0.975
    13     14     18     17   4023.242     14.500     -0.975
    14     15     19     18   4883.087     15.500     -0.975
    15     16     20     19   4536.566     16.500     -0.975
    16     17     21     20   4239.569     17.500     -0.975
    17     18     22     21   3142.327     18.500     -0.975
    18     19     23     22   3344.788     19.500     -0.975
    19     20     24     23   2848.206     20.500     -0.975
    20     21     25     24   2482.734     21.500     -0.975
    21     22     26     25   2841.547     22.500     -0.975
    22     23     27     26   2973.686     23.500     -0.975
    23     24     28     27   2955.196     24.500     -0.975
    24     25     29     28   2563.846     25.500     -0.975
    25     26     30     29   3139.587     26.500     -0.975
    26     27     31     30   2993.129     27.500     -0.975
    27     28     32     31   3493.364     28.500     -0.975
    28     29     33     32   2850.632     29.500     -0.975
    29     30     34     33   2270.279     30.500     -0.975
    30     31     35     34   2002.710     31.500     -0.975
    31     32     36     35   1815.377     32.500     -0.975
    32     33     37     36   1442.636     33.500     -0.975
    33     34     38     37  -1013.716     34.500     -0.975
    34     35     39     38  -1269.197     35.500     -0.975
    35     36     40     39   1538.572     36.500     -0.975
    36     37     41     40    976.361     37.500     -0.975
    37     38     42     41   1079.300     38.500     -0.975
    38     39     43     42   1003.170     39.500     -0.975
    39     40     44     43   1547.014     40.500     -0.975
    40     41     45     44   1369.380     41.500     -0.975
    41     42     46     45   1746.394     42.500     -0.975
    42     43     47     46   2029.514     43.500     -0.975
    43     44     48     47   2881.764     44.500     -0.975
     1      2      7      6   1300.964      3.000     -1.170
     2      3      8      7   1310.823      4.000     -1.170
     3      4      9      8   1920.569      5.000     -1.170
     4      5     10      9   2383.072      6.000     -1.170
     5      6     11     10   2833.551      7.000     -1.170
     6      7     12     11   2658.799      8.000     -1.170
     7      8     13     12   2087.932      9.000     -1.170
     8      9     14     13   3102.149     10.000     -1.170
     9     10     15     14   4246.481     11.000     -1.170
    10     11     16     15   4699.504     12.000     -1.170
    11     12     17     16   5491.411     13.000     -1.170
    12     13     18     17   4319.994     14.000     -1.170
    13     14     19     18   4739.748     15.000     -1.170
    14     15     20     19   4467.888     16.000     -1.170
    15     16     21     20   4196.997     17.000     -1.170
    16     17     22     21   3907.988     18.000     -1.170
    17     18     23     22   3210.393     19.000     -1.170
    18     19     24     23   3282.725     20.000     -1.170
    19     20     25     24   2515.813     21.000     -1.170
    20     21     26     25   2809.990     22.000     -1.170
    21     22     27     26   2964.517     23.000     -1.170
    22     23     28     27   2835.158     24.000     -1.170
    23     24     29     28   2735.503     25.000     -1.170
    24     25     30     29   2563.170     26.000     -1.170
    25     26     31     30   2667.491     27.000     -1.170
    26     27     32     31   2974.417     28.000     -1.170
    27     28     33     32   3207.765     29.000     -1.170
    28     29     34     33   2249.685     30.000     -1.170
    29     30     35     34   2316.146     31.000     -1.170
    30     31     36     35   2212.448     32.000     -1.170
    31     32     37     36   1578.896     33.000     -1.170
    32     33     38     37    572.027     34.000     -1.170
    33     34     39     38   5444.786     35.000     -1.170
    34     35     40     39   1123.443     36.000     -1.170
    35     36     41     40   1116.449     37.000     -1.170
    36     37     42     41   1053.573     38.000     -1.170
    37     38     43     42   1039.516     39.000     -1.170
    38     39     44     43   1024.581     40.000     -1.170
    39     40     45     44   1419.326     41.000     -1.170
    40     41     46     45   1373.724     42.000     -1.170
    41     42     47     46   1835.378     43.000     -1.170
    42     43     48     47   2465.453     44.000     -1.170
     1      2      8      7   1136.555      3.500     -1.365
     2      3      9      8   1573.089      4.500     -1.365
     3      4     10      9   2117.807      5.500     -1.365
     4      5     11     10   2655.708      6.500     -1.365
     5      6     12     11   2871.814      7.500     -1.365
     6      7     13     12   2196.834      8.500     -1.365
     7      8     14     13   2020.637      9.500     -1.365
     8      9     15     14   3098.715     10.500     -1.365
     9     10     16     15   4708.571     11.500     -1.365
    10     11     17     16   5321.181     12.500     -1.365
    11     12     18     17   4701.426     13.500     -1.365
    12     13     19     18   4530.661     14.500     -1.365
    13     14     20     19   4205.484     15.500     -1.365
    14     15     21     20   3952.786     16.500     -1.365
    15     16     22     21   3756.990     17.500     -1.365
    16     17     23     22   3829.237     18.500     -1.365
    17     18     24     23   3008.560     19.500     -1.365
    18     19     25     24   2724.994     20.500     -1.365
    19     20     26     25   2716.113     21.500     -1.365
    20     21     27     26   2801.832     22.500     -1.365
    21     22     28     27   2727.625     23.500     -1.365
    22     23     29     28   2491.866     24.500     -1.365
    23     24     30     29   2621.596     25.500     -1.365
    24     25     31     30   2035.644     26.500     -1.365
    25     26     32     31   2477.583     27.500     -1.365
    26     27     33     32   2626.159     28.500     -1.365
    27     28     34     33   2459.751     29.500     -1.365
    28     29     35     34   2106.838     30.500     -1.365
    29     30     36     35   2508.564     31.500     -1.365
    30     31     37     36   1758.892     32.500     -1.365
    31     32     38     37    888.841     33.500     -1.365
    32     33     39     38   2865.603     34.500     -1.365
    33     34     40     39   1375.756     35.500     -1.365
    34     35     41     40    820.338     36.500     -1.365
    35     36     42     41   1160.229     37.500     -1.365
    36     37     43     42    970.710     38.500     -1.365
    37     38     44     43    983.419     39.500     -1.365
    38     39     45     44    949.726     40.500     -1.365
    39     40     46     45   1403.830     41.500     -1.365
    40     41     47     46   1416.721     42.500     -1.365
    41     42     48     47   2137.282     43.500     -1.365
     1      3      9      7   1336.431      4.000     -1.560
     2      4     10      8   1858.611      5.000     -1.560
     3      5     11      9   2369.455      6.000     -1.560
     4      6     12     10   2751.984      7.000     -1.560
     5      7     13     11   2524.164      8.000     -1.560
     6      8     14     12   2077.662      9.000     -1.560
     7      9     15     13   2676.198     10.000     -1.560
     8     10     16     14   3955.436     11.000     -1.560
     9     11     17     15   4893.307     12.000     -1.560
    10     12     18     16   5120.311     13.000     -1.560
    11     13     19     17   4557.196     14.000     -1.560
    12     14     20     18   4477.757     15.000     -1.560
    13     15     21     19   4172.465     16.000     -1.560
    14     16     22     20   3933.871     17.000     -1.560
    15     17     23     21   3808.060     18.000     -1.560
    16     18     24     22   3335.025     19.000     -1.560
    17     19     25     23   2968.017     20.000     -1.560
    18     20     26     24   2679.563     21.000     -1.560
    19     21     27     25   2763.913     22.000     -1.560
    20     22     28     26   2813.203     23.000     -1.560
    21     23     29     27   2655.199     24.000     -1.560
    22     24     30     28   2592.193     25.000     -1.560
    23     25     31     29   2383.551     26.000     -1.560
    24     26     32     30   2357.056     27.000     -1.560
    25     27     33     31   2655.926     28.000     -1.560
    26     28     34     32   2726.096     29.000     -1.560
    27     29     35     33   2257.336     30.000     -1.560
    28     30     36     34   2278.554     31.000     -1.560
    29     31     37     35   2127.940     32.000     -1.560
    30     32     38     36   1379.053     33.000     -1.560
    31     33     39     37   1414.566     34.000     -1.560
    32     34     40     38   3395.108     35.000     -1.560
    33     35     41     39   1081.686     36.000     -1.560
    34     36     42     40   1019.992     37.000     -1.560
    35     37     43     41   1058.916     38.000     -1.560
    36     38     44     42    990.349     39.000     -1.560
    37     39     45     43    974.405     40.000     -1.560
    38     40     46     44   1240.328     41.000     -1.560
    39     41     47     45   1392.266     42.000     -1.560
    40     42     48     46   1771.035     43.000     -1.560
     1      3     11      9   1671.178      5.000     -1.950
     2      4     12     10   2040.275      6.000     -1.950
     3      5     13     11   2111.848      7.000     -1.950
     4      6     14     12   1942.643      8.000     -1.950
     5      7     15     13   1893.491      9.000     -1.950
     6      8     16     14   1875.064     10.000     -1.950
     7      9     17     15   2801.534     11.000     -1.950
     8     10     18     16   4070.317     12.000     -1.950
     9     11     19     17   4290.719     13.000     -1.950
    10     12     20     18   4362.849     14.000     -1.950
    11     13     21     19   3685.049     15.000     -1.950
    12     14     22     20   3238.673     16.000     -1.950
    13     15     23     21   3168.243     17.000     -1.950
    14     16     24     22   3219.330     18.000     -1.950
    15     17     25     23   3049.687     19.000     -1.950
    16     18     26     24   2620.011     20.000     -1.950
    17     19     27     25   2734.295     21.000     -1.950
    18     20     28     26   2616.530     22.000     -1.950
    19     21     29     27   2300.237     23.000     -1.950
    20     22     30     28   2121.925     24.000     -1.950
    21     23     31     29   1998.912     25.000     -1.950
    22     24     32     30   1826.233     26.000     -1.950
    23     25     33     31   1691.485     27.000     -1.950
    24     26     34     32   1675.344     28.000     -1.950
    25     27     35     33   1678.570     29.000     -1.950
    26     28     36     34   1949.714     30.000     -1.950
    27     29     37     35   1857.140     31.000     -1.950
    28     30     38     36   1435.650     32.000     -1.950
    29     31     39     37   1514.600     33.000     -1.950
    30     32     40     38   1905.098     34.000     -1.950
    31     33     41     39   1260.952     35.000     -1.950
    32     34     42     40    943.774     36.000     -1.950
    33     35     43     41    827.180     37.000     -1.950
    34     36     44     42    902.829     38.000     -1.950
    35     37     45     43    870.672     39.000     -1.950
    36     38     46     44    801.146     40.000     -1.950
    37     39     47     45    886.356     41.000     -1.950
    38     40     48     46   1243.449     42.000     -1.950
     1      3     13     11   1380.637      6.000     -2.340
     2      4     14     12   1355.710      7.000     -2.340
     3      5     15     13   1446.127      8.000     -2.340
     4      6     16     14   1613.273      9.000     -2.340
     5      7     17     15   1814.485     10.000     -2.340
     6      8     18     16   1743.301     11.000     -2.340
     7      9     19     17   2159.250     12.000     -2.340
     8     10     20     18   3057.840     13.000     -2.340
     9     11     21     19   3080.779     14.000     -2.340
    10     12     22     20   2830.864     15.000     -2.340
    11     13     23     21   2563.087     16.000     -2.340
    12     14     24     22   2528.925     17.000     -2.340
    13     15     25     23   2299.925     18.000     -2.340
    14     16     26     24   2221.843     19.000     -2.340
    15     17     27     25   2587.765     20.000     -2.340
    16     18     28     26   2410.279     21.000     -2.340
    17     19     29     27   2155.157     22.000     -2.340
    18     20     30     28   1861.908     23.000     -2.340
    19     21     31     29   1592.561     24.000     -2.340
    20     22     32     30   1380.733     25.000     -2.340
    21     23     33     31   1263.917     26.000     -2.340
    22     24     34     32   1152.587     27.000     -2.340
    23     25     35     33    960.812     28.000     -2.340
    24     26     36     34   1047.787     29.000     -2.340
    25     27     37     35   1210.200     30.000     -2.340
    26     28     38     36   1087.746     31.000     -2.340
    27     29     39     37   1160.659     32.000     -2.340
    28     30     40     38   1648.101     33.000     -2.340
    29     31     41     39   1187.987     34.000     -2.340
    30     32     42     40    924.435     35.000     -2.340
    31     33     43     41    922.654     36.000     -2.340
    32     34     44     42    799.723     37.000     -2.340
    33     35     45     43    669.072     38.000     -2.340
    34     36     46     44    733.082     39.000     -2.340
    35     37     47     45    748.446     40.000     -2.340
    36     38     48     46    805.475     41.000     -2.340
     1      3     15     13    929.648      7.000     -2.730
     2      4     16     14   1089.406      8.000     -2.730
     3      5     17     15   1318.685      9.000     -2.730
     4      6     18     16   1397.180     10.000     -2.730
     5      7     19     17   1305.292     11.000     -2.730
     6      8     20     18   1216.294     12.000     -2.730
     7      9     21     19   1439.140     13.000     -2.730
     8     10     22     20   1834.070     14.000     -2.730
     9     11     23     21   1905.168     15.000     -2.730
    10     12     24     22   2032.985     16.000     -2.730
    11     13     25     23   1692.351     17.000     -2.730
    12     14     26     24   1588.575     18.000     -2.730
    13     15     27     25   1947.338     19.000     -2.730
    14     16     28     26   1974.981     20.000     -2.730
    15     17     29     27   1990.195     21.000     -2.730
    16     18     30     28   1644.663     22.000     -2.730
    17     19     31     29   1420.047     23.000     -2.730
    18     20     32     30   1158.985     24.000     -2.730
    19     21     33     31    942.813     25.000     -2.730
    20     22     34     32    792.560     26.000     -2.730
    21     23     35     33    676.824     27.000     -2.730
    22     24     36     34    686.090     28.000     -2.730
    23     25     37     35    644.859     29.000     -2.730
    24     26     38     36    569.219     30.000     -2.730
    25     27     39     37    714.915     31.000     -2.730
    26     28     40     38   1116.791     32.000     -2.730
    27     29     41     39    859.286     33.000     -2.730
    28     30     42     40    821.578     34.000     -2.730
    29     31     43     41    895.756     35.000     -2.730
    30     32     44     42    770.332     36.000     -2.730
    31     33     45     43    717.409     37.000     -2.730
    32     34     46     44    503.396     38.000     -2.730
    33     35     47     45    526.149     39.000     -2.730
    34     36     48     46    663.735     40.000     -2.730
     1      4     16     13   1051.185      7.500     -2.925
     2      5     17     14   1217.855      8.500     -2.925
     3      6     18     15   1374.782      9.500     -2.925
     4      7     19     16   1424.965     10.500     -2.925
     5      8     20     17   1277.068     11.500     -2.925
     6      9     21     18   1547.009     12.500     -2.925
     7     10     22     19   1832.546     13.500     -2.925
     8     11     23     20   2017.425     14.500     -2.925
     9     12     24     21   2052.802     15.500     -2.925
    10     13     25     22   1897.185     16.500     -2.925
    11     14     26     23   1809.422     17.500     -2.925
    12     15     27     24   1768.922     18.500     -2.925
    13     16     28     25   2012.968     19.500     -2.925
    14     17     29     26   2059.412     20.500     -2.925
    15     18     30     27   1840.704     21.500     -2.925
    16     19     31     28   1602.917     22.500     -2.925
    17     20     32     29   1336.006     23.500     -2.925
    18     21     33     30   1094.308     24.500     -2.925
    19     22     34     31    925.132     25.500     -2.925
    20     23     35     32    802.849     26.500     -2.925
    21     24     36     33    732.509     27.500     -2.925
    22     25     37     34    677.409     28.500     -2.925
    23     26     38     35    688.313     29.500     -2.925
    24     27     39     36    726.126     30.500     -2.925
    25     28     40     37    862.580     31.500     -2.925
    26     29     41     38   1063.567     32.500     -2.925
    27     30     42     39    931.400     33.500     -2.925
    28     31     43     40    836.858     34.500     -2.925
    29     32     44     41    840.781     35.500     -2.925
    30     33     45     42    754.859     36.500     -2.925
    31     34     46     43    661.858     37.500     -2.925
    32     35     47     44    545.800     38.500     -2.925
    33     36     48     45    637.463     39.500     -2.925
     1      4     19     16    757.120      9.000     -3.510
     2      5     20     17    745.135     10.000     -3.510
     3      6     21     18    745.749     11.000     -3.510
     4      7     22     19    695.269     12.000     -3.510
     5      8     23     20    628.530     13.000     -3.510
     6      9     24     21    741.528     14.000     -3.510
     7     10     25     22    939.738     15.000     -3.510
     8     11     26     23   1155.109     16.000     -3.510
     9     12     27     24   1189.174     17.000     -3.510
    10     13     28     25   1227.130     18.000     -3.510
    11     14     29     26   1239.559     19.000     -3.510
    12     15     30     27   1183.542     20.000     -3.510
    13     16     31     28   1140.112     21.000     -3.510
    14     17     32     29   1129.730     22.000     -3.510
    15     18     33     30    863.668     23.000     -3.510
    16     19     34     31    716.958     24.000     -3.510
    17     20     35     32    539.886     25.000     -3.510
    18     21     36     33    453.371     26.000     -3.510
    19     22     37     34    397.022     27.000     -3.510
    20     23     38     35    353.463     28.000     -3.510
    21     24     39     36    332.936     29.000     -3.510
    22     25     40     37    322.398     30.000     -3.510
    23     26     41     38    424.513     31.000     -3.510
    24     27     42     39    429.668     32.000     -3.510
    25     28     43     40    467.617     33.000     -3.510
    26     29     44     41    537.091     34.000     -3.510
    27     30     45     42    636.225     35.000     -3.510
    28     31     46     43    715.251     36.000     -3.510
    29     32     47     44    805.873     37.000     -3.510
    30     33     48     45    748.942     38.000     -3.510
     1      4     22     19    364.643     10.500     -4.095
     2      5     23     20    353.768     11.500     -4.095
     3      6     24     21    439.684     12.500     -4.095
     4      7     25     22    347.078     13.500     -4.095
     5      8     26     23    339.354     14.500     -4.095
     6      9     27     24    406.936     15.500     -4.095
     7     10     28     25    667.054     16.500     -4.095
     8     11     29     26    743.111     17.500     -4.095
     9     12     30     27    763.853     18.500     -4.095
    10     13     31     28    692.194     19.500     -4.095
    11     14     32     29    720.924     20.500     -4.095
    12     15     33     30    563.479     21.500     -4.095
    13     16     34     31    488.566     22.500     -4.095
    14     17     35     32    321.402     23.500     -4.095
    15     18     36     33    352.852     24.500     -4.095
    16     19     37     34    307.410     25.500     -4.095
    17     20     38     35    245.084     26.500     -4.095
    18     21     39     36    208.248     27.500     -4.095
    19     22     40     37    200.826     28.500     -4.095
    20     23     41     38    224.046     29.500     -4.095
    21     24     42     39    210.270     30.500     -4.095
    22     25     43     40    177.550     31.500     -4.095
    23     26     44     41    226.302     32.500     -4.095
    24     27     45     42    239.147     33.500     -4.095
    25     28     46     43    259.355     34.500     -4.095
    26     29     47     44    398.540     35.500     -4.095
    27     30     48     45    648.671     36.500     -4.095
     1      5     25     21    250.560     12.000     -4.680
     2      6     26     22    276.781     13.000     -4.680
     3      7     27     23    237.803     14.000     -4.680
     4      8     28     24    284.052     15.000     -4.680
     5      9     29     25    358.356     16.000     -4.680
     6     10     30     26    434.710     17.000     -4.680
     7     11     31     27    500.282     18.000     -4.680
     8     12     32     28    527.426     19.000     -4.680
     9     13     33     29    465.180     20.000     -4.680
    10     14     34     30    427.629     21.000     -4.680
    11     15     35     31    339.729     22.000     -4.680
    12     16     36     32    268.146     23.000     -4.680
    13     17     37     33    285.005     24.000     -4.680
    14     18     38     34    239.480     25.000     -4.680
    15     19     39     35    223.314     26.000     -4.680
    16     20     40     36    189.889     27.000     -4.680
    17     21     41     37    168.250     28.000     -4.680
    18     22     42     38    182.608     29.000     -4.680
    19     23     43     39    159.977     30.000     -4.680
    20     24     44     40    159.120     31.000     -4.680
    21     25     45     41    145.027     32.000     -4.680
    22     26     46     42     15.496     33.000     -4.680
    23     27     47     43     84.446     34.000     -4.680
    24     28     48     44    198.659     35.000     -4.680
     1      5     29     25    189.618     14.000     -5.460
     2      6     30     26    184.383     15.000     -5.460
     3      7     31     27    173.287     16.000     -5.460
     4      8     32     28    172.191     17.000     -5.460
     5      9     33     29    165.952     18.000     -5.460
     6     10     34     30    189.397     19.000     -5.460
     7     11     35     31    208.212     20.000     -5.460
     8     12     36     32    156.040     21.000     -5.460
     9     13     37     33    168.596     22.000     -5.460
    10     14     38     34    150.631     23.000     -5.460
    11     15     39     35    144.561     24.000     -5.460
    12     16     40     36    144.376     25.000     -5.460
    13     17     41     37    142.128     26.000     -5.460
    14     18     42     38    155.724     27.000     -5.460
    15     19     43     39    146.567     28.000     -5.460
    16     20     44     40    128.147     29.000     -5.460
    17     21     45     41    123.481     30.000     -5.460
    18     22     46     42     98.147     31.000     -5.460
    19     23     47     43    103.763     32.000     -5.460
    20     24     48     44     85.597     33.000     -5.460
     1      6     31     26    169.921     15.000     -5.850
     2      7     32     27    166.913     16.000     -5.850
     3      8     33     28    141.975     17.000     -5.850
     4      9     34     29    149.763     18.000     -5.850
     5     10     35     30    163.414     19.000     -5.850
     6     11     36     31    174.961     20.000     -5.850
     7     12     37     32    153.808     21.000     -5.850
     8     13     38     33    146.638     22.000     -5.850
     9     14     39     34    143.558     23.000     -5.850
    10     15     40     35    142.201     24.000     -5.850
    11     16     41     36    130.326     25.000     -5.850
    12     17     42     37    134.246     26.000     -5.850
    13     18     43     38    142.604     27.000     -5.850
    14     19     44     39    138.412     28.000     -5.850
    15     20     45     40    121.579     29.000     -5.850
    16     21     46     41    115.751     30.000     -5.850
    17     22     47     42    110.662     31.000     -5.850
    18     23     48     43    123.393     32.000     -5.850
     1      6     36     31     79.617     17.500     -6.825
     2      7     37     32     53.623     18.500     -6.825
     3      8     38     33     63.994     19.500     -6.825
     4      9     39     34     65.881     20.500     -6.825
     5     10     40     35     79.657     21.500     -6.825
     6     11     41     36     81.378     22.500     -6.825
     7     12     42     37     95.893     23.500     -6.825
     8     13     43     38    108.810     24.500     -6.825
     9     14     44     39    112.848     25.500     -6.825
    10     15     45     40    104.700     26.500     -6.825
    11     16     46     41    113.607     27.500     -6.825
    12     17     47     42    123.503     28.500     -6.825
    13     18     48     43    164.782     29.500     -6.825
     1      7     37     31     75.956     18.000     -7.020
     2      8     38     32     57.273     19.000     -7.020
     3      9     39     33     69.695     20.000     -7.020
     4     10     40     34     78.467     21.000     -7.020
     5     11     41     35     84.755     22.000     -7.020
     6     12     42     36     92.179     23.000     -7.020
     7     13     43     37     97.214     24.000     -7.020
     8     14     44     38    113.821     25.000     -7.020
     9     15     45     39    116.242     26.000     -7.020
    10     16     46     40    107.461     27.000     -7.020
    11     17     47     41    126.827     28.000     -7.020
    12     18     48     42    160.666     29.000     -7.020
     1      7     43     37     62.611     21.000     -8.190
     2      8     44     38     65.868     22.000     -8.190
     3      9     45     39     68.338     23.000     -8.190
     4     10     46     40     70.942     24.000     -8.190
     5     11     47     41     89.816     25.000     -8.190
     6     12     48     42    119.504     26.000     -8.190
     1     10     46     37     70.803     22.500     -8.775
     2     11     47     38     83.160     23.500     -8.775
     3     12     48     39    104.193     24.500     -8.775
