48# Number of electrodes
# x z
0.000     0.000
1.000     0.000
2.000     0.000
3.000     0.000
4.000     0.000
5.000     0.000
6.000     0.000
7.000     0.000
8.000     0.000
9.000     0.000
10.000     0.000
11.000     0.000
12.000     0.000
13.000     0.000
14.000     0.000
15.000     0.000
16.000     0.000
17.000     0.000
18.000     0.000
19.000     0.000
20.000     0.000
21.000     0.000
22.000     0.000
23.000     0.000
24.000     0.000
25.000     0.000
26.000     0.000
27.000     0.000
28.000     0.000
29.000     0.000
30.000     0.000
31.000     0.000
32.000     0.000
33.000     0.000
34.000     0.000
35.000     0.000
36.000     0.000
37.000     0.000
38.000     0.000
39.000     0.000
40.000     0.000
41.000     0.000
42.000     0.000
43.000     0.000
44.000     0.000
45.000     0.000
46.000     0.000
47.000     0.000
909# Number of data
# a   b   m   n      rhoa      x      z
     1      4      2      3   1566.147      1.500     -0.330
     2      5      3      4   1796.279      2.500     -0.330
     3      6      4      5   2156.950      3.500     -0.330
     4      7      5      6   2439.798      4.500     -0.330
     5      8      6      7   2080.309      5.500     -0.330
     6      9      7      8   2870.800      6.500     -0.330
     7     10      8      9   3061.667      7.500     -0.330
     8     11      9     10   4052.583      8.500     -0.330
     9     12     10     11   4083.757      9.500     -0.330
    10     13     11     12   4348.394     10.500     -0.330
    11     14     12     13   4465.399     11.500     -0.330
    12     15     13     14   3914.482     12.500     -0.330
    13     16     14     15   4754.779     13.500     -0.330
    14     17     15     16   4669.221     14.500     -0.330
    15     18     16     17   5010.502     15.500     -0.330
    16     19     17     18   4672.845     16.500     -0.330
    17     20     18     19   4455.976     17.500     -0.330
    18     21     19     20   4275.587     18.500     -0.330
    19     22     20     21   3117.376     19.500     -0.330
    20     23     21     22   3517.460     20.500     -0.330
    21     24     22     23   2235.478     21.500     -0.330
    22     25     23     24   2881.270     22.500     -0.330
    23     26     24     25   2948.808     23.500     -0.330
    24     27     25     26   2730.896     24.500     -0.330
    25     28     26     27   3674.258     25.500     -0.330
    26     29     27     28   3299.123     26.500     -0.330
    27     30     28     29   3056.990     27.500     -0.330
    28     31     29     30   3141.932     28.500     -0.330
    29     32     30     31   2777.843     29.500     -0.330
    30     33     31     32   2851.647     30.500     -0.330
    31     34     32     33   2847.536     31.500     -0.330
    32     35     33     34   2561.696     32.500     -0.330
    33     36     34     35   1951.946     33.500     -0.330
    34     37     35     36   2073.303     34.500     -0.330
    35     38     36     37   1647.865     35.500     -0.330
    36     39     37     38   1771.477     36.500     -0.330
    37     40     38     39   1368.264     37.500     -0.330
    38     41     39     40   1672.601     38.500     -0.330
    39     42     40     41   1326.542     39.500     -0.330
    40     43     41     42   1580.533     40.500     -0.330
    41     44     42     43   1603.732     41.500     -0.330
    42     45     43     44   1859.869     42.500     -0.330
    43     46     44     45   2027.771     43.500     -0.330
    44     47     45     46   2624.034     44.500     -0.330
    45     48     46     47   3223.478     45.500     -0.330
     1      7      3      5   1219.238      3.000     -0.660
     2      8      4      6   1509.604      4.000     -0.660
     3      9      5      7   1671.449      5.000     -0.660
     4     10      6      8   1891.027      6.000     -0.660
     5     11      7      9   2268.287      7.000     -0.660
     6     12      8     10   2753.245      8.000     -0.660
     7     13      9     11   2779.654      9.000     -0.660
     8     14     10     12   3116.233     10.000     -0.660
     9     15     11     13   3558.712     11.000     -0.660
    10     16     12     14   3725.803     12.000     -0.660
    11     17     13     15   3441.750     13.000     -0.660
    12     18     14     16   3791.465     14.000     -0.660
    13     19     15     17   4005.673     15.000     -0.660
    14     20     16     18   3646.600     16.000     -0.660
    15     21     17     19   3488.347     17.000     -0.660
    16     22     18     20   3352.779     18.000     -0.660
    17     23     19     21   3107.472     19.000     -0.660
    18     24     20     22   2619.623     20.000     -0.660
    19     25     21     23   2387.368     21.000     -0.660
    20     26     22     24   2195.476     22.000     -0.660
    21     27     23     25   2395.883     23.000     -0.660
    22     28     24     26   2227.979     24.000     -0.660
    23     29     25     27   2427.717     25.000     -0.660
    24     30     26     28   2475.707     26.000     -0.660
    25     31     27     29   2556.200     27.000     -0.660
    26     32     28     30   2291.145     28.000     -0.660
    27     33     29     31   2477.057     29.000     -0.660
    28     34     30     32   2282.255     30.000     -0.660
    29     35     31     33   2360.638     31.000     -0.660
    30     36     32     34   2018.992     32.000     -0.660
    31     37     33     35   1755.556     33.000     -0.660
    32     38     34     36   1612.713     34.000     -0.660
    33     39     35     37   1597.708     35.000     -0.660
    34     40     36     38   1381.539     36.000     -0.660
    35     41     37     39   1117.706     37.000     -0.660
    36     42     38     40   1194.001     38.000     -0.660
    37     43     39     41   1305.709     39.000     -0.660
    38     44     40     42   1333.629     40.000     -0.660
    39     45     41     43   1302.849     41.000     -0.660
    40     46     42     44   1566.835     42.000     -0.660
    41     47     43     45   1769.053     43.000     -0.660
    42     48     44     46   2098.816     44.000     -0.660
     1     10      4      7   1091.316      4.500     -0.990
     2     11      5      8   1224.758      5.500     -0.990
     3     12      6      9   1409.719      6.500     -0.990
     4     13      7     10   1777.438      7.500     -0.990
     5     14      8     11   2208.147      8.500     -0.990
     6     15      9     12   2515.842      9.500     -0.990
     7     16     10     13   2587.525     10.500     -0.990
     8     17     11     14   2336.802     11.500     -0.990
     9     18     12     15   2427.037     12.500     -0.990
    10     19     13     16   2532.025     13.500     -0.990
    11     20     14     17   2666.559     14.500     -0.990
    12     21     15     18   2724.726     15.500     -0.990
    13     22     16     19   2749.041     16.500     -0.990
    14     23     17     20   2651.807     17.500     -0.990
    15     24     18     21   2481.099     18.500     -0.990
    16     25     19     22   2310.043     19.500     -0.990
    17     26     20     23   1995.932     20.500     -0.990
    18     27     21     24   1859.304     21.500     -0.990
    19     28     22     25   1730.554     22.500     -0.990
    20     29     23     26   1890.277     23.500     -0.990
    21     30     24     27   1894.331     24.500     -0.990
    22     31     25     28   1998.054     25.500     -0.990
    23     32     26     29   1844.756     26.500     -0.990
    24     33     27     30   1605.931     27.500     -0.990
    25     34     28     31   1490.867     28.500     -0.990
    26     35     29     32   1454.600     29.500     -0.990
    27     36     30     33   1516.110     30.500     -0.990
    28     37     31     34   1596.752     31.500     -0.990
    29     38     32     35   1382.063     32.500     -0.990
    30     39     33     36   1230.571     33.500     -0.990
    31     40     34     37   1125.613     34.500     -0.990
    32     41     35     38   1122.941     35.500     -0.990
    33     42     36     39    980.712     36.500     -0.990
    34     43     37     40    976.136     37.500     -0.990
    35     44     38     41    919.738     38.500     -0.990
    36     45     39     42    997.469     39.500     -0.990
    37     46     40     43   1060.464     40.500     -0.990
    38     47     41     44   1233.539     41.500     -0.990
    39     48     42     45   1268.325     42.500     -0.990
     1     13      5      9    881.373      6.000     -1.320
     2     14      6     10   1278.835      7.000     -1.320
     3     15      7     11   1557.966      8.000     -1.320
     4     16      8     12   1697.906      9.000     -1.320
     5     17      9     13   1759.338     10.000     -1.320
     6     18     10     14   1738.956     11.000     -1.320
     7     19     11     15   1575.408     12.000     -1.320
     8     20     12     16   1473.928     13.000     -1.320
     9     21     13     17   1537.147     14.000     -1.320
    10     22     14     18   1726.585     15.000     -1.320
    11     23     15     19   2037.481     16.000     -1.320
    12     24     16     20   2059.252     17.000     -1.320
    13     25     17     21   1898.533     18.000     -1.320
    14     26     18     22   1802.699     19.000     -1.320
    15     27     19     23   1561.076     20.000     -1.320
    16     28     20     24   1383.545     21.000     -1.320
    17     29     21     25   1376.400     22.000     -1.320
    18     30     22     26   1247.868     23.000     -1.320
    19     31     23     27   1551.729     24.000     -1.320
    20     32     24     28   1523.643     25.000     -1.320
    21     33     25     29   1351.470     26.000     -1.320
    22     34     26     30   1246.095     27.000     -1.320
    23     35     27     31   1076.346     28.000     -1.320
    24     36     28     32    973.970     29.000     -1.320
    25     37     29     33    957.126     30.000     -1.320
    26     38     30     34    924.303     31.000     -1.320
    27     39     31     35   1038.860     32.000     -1.320
    28     40     32     36   1007.284     33.000     -1.320
    29     41     33     37    900.359     34.000     -1.320
    30     42     34     38    809.021     35.000     -1.320
    31     43     35     39    764.211     36.000     -1.320
    32     44     36     40    759.319     37.000     -1.320
    33     45     37     41    769.292     38.000     -1.320
    34     46     38     42    809.826     39.000     -1.320
    35     47     39     43    822.120     40.000     -1.320
    36     48     40     44    892.110     41.000     -1.320
     1     16      6     11   1038.838      7.500     -1.650
     2     17      7     12   1050.624      8.500     -1.650
     3     18      8     13   1114.436      9.500     -1.650
     4     19      9     14   1084.818     10.500     -1.650
     5     20     10     15   1067.372     11.500     -1.650
     6     21     11     16   1078.381     12.500     -1.650
     7     22     12     17   1005.385     13.500     -1.650
     8     23     13     18   1037.876     14.500     -1.650
     9     24     14     19   1159.423     15.500     -1.650
    10     25     15     20   1375.221     16.500     -1.650
    11     26     16     21   1437.197     17.500     -1.650
    12     27     17     22   1288.536     18.500     -1.650
    13     28     18     23   1182.078     19.500     -1.650
    14     29     19     24   1047.883     20.500     -1.650
    15     30     20     25    967.149     21.500     -1.650
    16     31     21     26    989.599     22.500     -1.650
    17     32     22     27   1025.049     23.500     -1.650
    18     33     23     28   1035.421     24.500     -1.650
    19     34     24     29    979.984     25.500     -1.650
    20     35     25     30    955.680     26.500     -1.650
    21     36     26     31    887.003     27.500     -1.650
    22     37     27     32    811.389     28.500     -1.650
    23     38     28     33    712.417     29.500     -1.650
    24     39     29     34    683.214     30.500     -1.650
    25     40     30     35    643.273     31.500     -1.650
    26     41     31     36    669.326     32.500     -1.650
    27     42     32     37    706.435     33.500     -1.650
    28     43     33     38    672.343     34.500     -1.650
    29     44     34     39    594.487     35.500     -1.650
    30     45     35     40    587.660     36.500     -1.650
    31     46     36     41    598.977     37.500     -1.650
    32     47     37     42    635.828     38.500     -1.650
    33     48     38     43    650.202     39.500     -1.650
     1     19      7     13    675.918      9.000     -1.980
     2     20      8     14    666.789     10.000     -1.980
     3     21      9     15    693.581     11.000     -1.980
     4     22     10     16    714.933     12.000     -1.980
     5     23     11     17    784.381     13.000     -1.980
     6     24     12     18    770.410     14.000     -1.980
     7     25     13     19    760.293     15.000     -1.980
     8     26     14     20    818.563     16.000     -1.980
     9     27     15     21    817.358     17.000     -1.980
    10     28     16     22    874.596     18.000     -1.980
    11     29     17     23    813.338     19.000     -1.980
    12     30     18     24    788.643     20.000     -1.980
    13     31     19     25    768.335     21.000     -1.980
    14     32     20     26    690.969     22.000     -1.980
    15     33     21     27    690.876     23.000     -1.980
    16     34     22     28    662.401     24.000     -1.980
    17     35     23     29    712.592     25.000     -1.980
    18     36     24     30    670.938     26.000     -1.980
    19     37     25     31    677.394     27.000     -1.980
    20     38     26     32    702.901     28.000     -1.980
    21     39     27     33    640.221     29.000     -1.980
    22     40     28     34    579.104     30.000     -1.980
    23     41     29     35    506.856     31.000     -1.980
    24     42     30     36    483.398     32.000     -1.980
    25     43     31     37    506.482     33.000     -1.980
    26     44     32     38    484.694     34.000     -1.980
    27     45     33     39    481.299     35.000     -1.980
    28     46     34     40    475.270     36.000     -1.980
    29     47     35     41    475.433     37.000     -1.980
    30     48     36     42    476.929     38.000     -1.980
     1     22      8     15    442.175     10.500     -2.310
     2     23      9     16    524.738     11.500     -2.310
     3     24     10     17    554.670     12.500     -2.310
     4     25     11     18    553.668     13.500     -2.310
     5     26     12     19    583.033     14.500     -2.310
     6     27     13     20    565.374     15.500     -2.310
     7     28     14     21    517.382     16.500     -2.310
     8     29     15     22    505.963     17.500     -2.310
     9     30     16     23    498.657     18.500     -2.310
    10     31     17     24    527.017     19.500     -2.310
    11     32     18     25    551.042     20.500     -2.310
    12     33     19     26    502.120     21.500     -2.310
    13     34     20     27    500.145     22.500     -2.310
    14     35     21     28    472.372     23.500     -2.310
    15     36     22     29    452.306     24.500     -2.310
    16     37     23     30    492.483     25.500     -2.310
    17     38     24     31    516.745     26.500     -2.310
    18     39     25     32    518.236     27.500     -2.310
    19     40     26     33    548.125     28.500     -2.310
    20     41     27     34    522.320     29.500     -2.310
    21     42     28     35    453.258     30.500     -2.310
    22     43     29     36    444.805     31.500     -2.310
    23     44     30     37    386.187     32.500     -2.310
    24     45     31     38    392.157     33.500     -2.310
    25     46     32     39    382.213     34.500     -2.310
    26     47     33     40    358.344     35.500     -2.310
    27     48     34     41    364.155     36.500     -2.310
     1     25      9     17    399.916     12.000     -2.640
     2     26     10     18    422.779     13.000     -2.640
     3     27     11     19    410.126     14.000     -2.640
     4     28     12     20    388.893     15.000     -2.640
     5     29     13     21    373.699     16.000     -2.640
     6     30     14     22    368.717     17.000     -2.640
     7     31     15     23    346.541     18.000     -2.640
     8     32     16     24    330.772     19.000     -2.640
     9     33     17     25    314.252     20.000     -2.640
    10     34     18     26    348.574     21.000     -2.640
    11     35     19     27    354.635     22.000     -2.640
    12     36     20     28    357.514     23.000     -2.640
    13     37     21     29    336.315     24.000     -2.640
    14     38     22     30    349.071     25.000     -2.640
    15     39     23     31    374.131     26.000     -2.640
    16     40     24     32    400.660     27.000     -2.640
    17     41     25     33    426.054     28.000     -2.640
    18     42     26     34    425.816     29.000     -2.640
    19     43     27     35    403.132     30.000     -2.640
    20     44     28     36    379.093     31.000     -2.640
    21     45     29     37    349.831     32.000     -2.640
    22     46     30     38    337.459     33.000     -2.640
    23     47     31     39    317.955     34.000     -2.640
    24     48     32     40    295.558     35.000     -2.640
     1     28     10     19    292.837     13.500     -2.970
     2     29     11     20    291.043     14.500     -2.970
     3     30     12     21    274.447     15.500     -2.970
     4     31     13     22    263.478     16.500     -2.970
     5     32     14     23    251.608     17.500     -2.970
     6     33     15     24    249.175     18.500     -2.970
     7     34     16     25    231.410     19.500     -2.970
     8     35     17     26    220.350     20.500     -2.970
     9     36     18     27    244.730     21.500     -2.970
    10     37     19     28    263.386     22.500     -2.970
    11     38     20     29    273.466     23.500     -2.970
    12     39     21     30    260.879     24.500     -2.970
    13     40     22     31    263.505     25.500     -2.970
    14     41     23     32    306.646     26.500     -2.970
    15     42     24     33    327.765     27.500     -2.970
    16     43     25     34    340.352     28.500     -2.970
    17     44     26     35    342.238     29.500     -2.970
    18     45     27     36    322.220     30.500     -2.970
    19     46     28     37    302.656     31.500     -2.970
    20     47     29     38    290.957     32.500     -2.970
    21     48     30     39    274.045     33.500     -2.970
     1     31     11     21    225.866     15.000     -3.300
     2     32     12     22    201.605     16.000     -3.300
     3     33     13     23    177.839     17.000     -3.300
     4     34     14     24    178.951     18.000     -3.300
     5     35     15     25    187.157     19.000     -3.300
     6     36     16     26    194.403     20.000     -3.300
     7     37     17     27    186.473     21.000     -3.300
     8     38     18     28    191.758     22.000     -3.300
     9     39     19     29    198.794     23.000     -3.300
    10     40     20     30    216.140     24.000     -3.300
    11     41     21     31    216.607     25.000     -3.300
    12     42     22     32    233.572     26.000     -3.300
    13     43     23     33    273.399     27.000     -3.300
    14     44     24     34    282.131     28.000     -3.300
    15     45     25     35    274.969     29.000     -3.300
    16     46     26     36    269.371     30.000     -3.300
    17     47     27     37    248.102     31.000     -3.300
    18     48     28     38    233.175     32.000     -3.300
     1     34     12     23    144.455     16.500     -3.630
     2     35     13     24    141.388     17.500     -3.630
     3     36     14     25    150.518     18.500     -3.630
     4     37     15     26    160.189     19.500     -3.630
     5     38     16     27    170.138     20.500     -3.630
     6     39     17     28    167.331     21.500     -3.630
     7     40     18     29    170.202     22.500     -3.630
     8     41     19     30    168.646     23.500     -3.630
     9     42     20     31    174.578     24.500     -3.630
    10     43     21     32    175.110     25.500     -3.630
    11     44     22     33    205.769     26.500     -3.630
    12     45     23     34    237.060     27.500     -3.630
    13     46     24     35    250.635     28.500     -3.630
    14     47     25     36    223.722     29.500     -3.630
    15     48     26     37    202.857     30.500     -3.630
     1     37     13     25    127.580     18.000     -3.960
     2     38     14     26    139.013     19.000     -3.960
     3     39     15     27    151.725     20.000     -3.960
     4     40     16     28    155.696     21.000     -3.960
     5     41     17     29    148.529     22.000     -3.960
     6     42     18     30    157.048     23.000     -3.960
     7     43     19     31    154.022     24.000     -3.960
     8     44     20     32    161.157     25.000     -3.960
     9     45     21     33    169.931     26.000     -3.960
    10     46     22     34    188.210     27.000     -3.960
    11     47     23     35    208.291     28.000     -3.960
    12     48     24     36    204.503     29.000     -3.960
     1     40     14     27    135.798     19.500     -4.290
     2     41     15     28    144.148     20.500     -4.290
     3     42     16     29    144.851     21.500     -4.290
     4     43     17     30    139.851     22.500     -4.290
     5     44     18     31    146.097     23.500     -4.290
     6     45     19     32    148.945     24.500     -4.290
     7     46     20     33    160.255     25.500     -4.290
     8     47     21     34    160.149     26.500     -4.290
     9     48     22     35    158.853     27.500     -4.290
     1     43     15     29    135.781     21.000     -4.620
     2     44     16     30    139.568     22.000     -4.620
     3     45     17     31    133.476     23.000     -4.620
     4     46     18     32    140.831     24.000     -4.620
     5     47     19     33    151.131     25.000     -4.620
     6     48     20     34    154.494     26.000     -4.620
     1     46     16     31    128.162     22.500     -4.950
     2     47     17     32    130.209     23.500     -4.950
     3     48     18     33    140.813     24.500     -4.950
     1      2      4      3   2037.632      1.500     -0.585
     2      3      5      4   2288.744      2.500     -0.585
     3      4      6      5   2182.000      3.500     -0.585
     4      5      7      6   2612.443      4.500     -0.585
     5      6      8      7   3327.967      5.500     -0.585
     6      7      9      8   1878.120      6.500     -0.585
     7      8     10      9   3050.460      7.500     -0.585
     8      9     11     10   4745.041      8.500     -0.585
     9     10     12     11   5956.301      9.500     -0.585
    10     11     13     12   4363.406     10.500     -0.585
    11     12     14     13   3635.514     11.500     -0.585
    12     13     15     14   4881.215     12.500     -0.585
    13     14     16     15   4509.294     13.500     -0.585
    14     15     17     16   5535.737     14.500     -0.585
    15     16     18     17   5159.905     15.500     -0.585
    16     17     19     18   5167.592     16.500     -0.585
    17     18     20     19   5225.713     17.500     -0.585
    18     19     21     20   4296.936     18.500     -0.585
    19     20     22     21   4197.669     19.500     -0.585
    20     21     23     22   2289.147     20.500     -0.585
    21     22     24     23   3554.644     21.500     -0.585
    22     23     25     24   2428.703     22.500     -0.585
    23     24     26     25   2659.389     23.500     -0.585
    24     25     27     26   3981.858     24.500     -0.585
    25     26     28     27   3333.531     25.500     -0.585
    26     27     29     28   4185.091     26.500     -0.585
    27     28     30     29   3850.848     27.500     -0.585
    28     29     31     30   2367.352     28.500     -0.585
    29     30     32     31   2908.637     29.500     -0.585
    30     31     33     32   3453.542     30.500     -0.585
    31     32     34     33   3087.636     31.500     -0.585
    32     33     35     34   2693.386     32.500     -0.585
    33     34     36     35   2441.585     33.500     -0.585
    34     35     37     36   1465.370     34.500     -0.585
    35     36     38     37   2019.389     35.500     -0.585
    36     37     39     38   1928.666     36.500     -0.585
    37     38     40     39   1977.757     37.500     -0.585
    38     39     41     40   1033.587     38.500     -0.585
    39     40     42     41   1649.551     39.500     -0.585
    40     41     43     42   1589.622     40.500     -0.585
    41     42     44     43   1716.890     41.500     -0.585
    42     43     45     44   1765.563     42.500     -0.585
    43     44     46     45   2094.139     43.500     -0.585
    44     45     47     46   2368.453     44.500     -0.585
    45     46     48     47   3457.261     45.500     -0.585
     1      2      5      4   1640.088      2.000     -0.780
     2      3      6      5   2070.569      3.000     -0.780
     3      4      7      6   1983.156      4.000     -0.780
     4      5      8      7   2371.732      5.000     -0.780
     5      6      9      8   2215.089      6.000     -0.780
     6      7     10      9   2235.153      7.000     -0.780
     7      8     11     10   3352.806      8.000     -0.780
     8      9     12     11   4129.493      9.000     -0.780
     9     10     13     12   5207.363     10.000     -0.780
    10     11     14     13   3591.456     11.000     -0.780
    11     12     15     14   3989.822     12.000     -0.780
    12     13     16     15   5105.816     13.000     -0.780
    13     14     17     16   5122.099     14.000     -0.780
    14     15     18     17   4879.609     15.000     -0.780
    15     16     19     18   5421.563     16.000     -0.780
    16     17     20     19   5023.359     17.000     -0.780
    17     18     21     20   3755.581     18.000     -0.780
    18     19     22     21   4028.275     19.000     -0.780
    19     20     23     22   2434.579     20.000     -0.780
    20     21     24     23   2617.670     21.000     -0.780
    21     22     25     24   2497.251     22.000     -0.780
    22     23     26     25   1991.237     23.000     -0.780
    23     24     27     26   2720.619     24.000     -0.780
    24     25     28     27   3310.189     25.000     -0.780
    25     26     29     28   3010.814     26.000     -0.780
    26     27     30     29   4167.515     27.000     -0.780
    27     28     31     30   3031.052     28.000     -0.780
    28     29     32     31   3437.246     29.000     -0.780
    29     30     33     32   2996.646     30.000     -0.780
    30     31     34     33   3319.905     31.000     -0.780
    31     32     35     34   2786.910     32.000     -0.780
    32     33     36     35   2697.336     33.000     -0.780
    33     34     37     36   2027.269     34.000     -0.780
    34     35     38     37   1388.195     35.000     -0.780
    35     36     39     38   1578.344     36.000     -0.780
    36     37     40     39   1751.086     37.000     -0.780
    37     38     41     40   1529.839     38.000     -0.780
    38     39     42     41   1211.537     39.000     -0.780
    39     40     43     42   1624.941     40.000     -0.780
    40     41     44     43   1711.106     41.000     -0.780
    41     42     45     44   1876.191     42.000     -0.780
    42     43     46     45   1776.700     43.000     -0.780
    43     44     47     46   2362.433     44.000     -0.780
    44     45     48     47   2687.353     45.000     -0.780
     1      2      6      5   1427.570      2.500     -0.975
     2      3      7      6   1527.710      3.500     -0.975
     3      4      8      7   1705.253      4.500     -0.975
     4      5      9      8   1942.754      5.500     -0.975
     5      6     10      9   2528.797      6.500     -0.975
     6      7     11     10   2420.445      7.500     -0.975
     7      8     12     11   2851.934      8.500     -0.975
     8      9     13     12   3479.183      9.500     -0.975
     9     10     14     13   3826.255     10.500     -0.975
    10     11     15     14   4186.219     11.500     -0.975
    11     12     16     15   4461.622     12.500     -0.975
    12     13     17     16   5506.189     13.500     -0.975
    13     14     18     17   4244.153     14.500     -0.975
    14     15     19     18   4905.224     15.500     -0.975
    15     16     20     19   4826.913     16.500     -0.975
    16     17     21     20   3653.672     17.500     -0.975
    17     18     22     21   3594.483     18.500     -0.975
    18     19     23     22   2507.088     19.500     -0.975
    19     20     24     23   3322.489     20.500     -0.975
    20     21     25     24   2277.523     21.500     -0.975
    21     22     26     25   2289.255     22.500     -0.975
    22     23     27     26   2209.499     23.500     -0.975
    23     24     28     27   2485.024     24.500     -0.975
    24     25     29     28   2607.177     25.500     -0.975
    25     26     30     29   2619.043     26.500     -0.975
    26     27     31     30   3047.812     27.500     -0.975
    27     28     32     31   3532.971     28.500     -0.975
    28     29     33     32   3156.029     29.500     -0.975
    29     30     34     33   2636.454     30.500     -0.975
    30     31     35     34   2492.329     31.500     -0.975
    31     32     36     35   2369.558     32.500     -0.975
    32     33     37     36   1928.009     33.500     -0.975
    33     34     38     37   1590.470     34.500     -0.975
    34     35     39     38    997.445     35.500     -0.975
    35     36     40     39   1393.665     36.500     -0.975
    36     37     41     40   1242.804     37.500     -0.975
    37     38     42     41   1448.613     38.500     -0.975
    38     39     43     42   1065.209     39.500     -0.975
    39     40     44     43   1493.725     40.500     -0.975
    40     41     45     44   1589.015     41.500     -0.975
    41     42     46     45   1599.942     42.500     -0.975
    42     43     47     46   1825.185     43.500     -0.975
    43     44     48     47   2451.356     44.500     -0.975
     1      2      7      6   1138.358      3.000     -1.170
     2      3      8      7   1254.176      4.000     -1.170
     3      4      9      8   1444.728      5.000     -1.170
     4      5     10      9   2151.013      6.000     -1.170
     5      6     11     10   2624.583      7.000     -1.170
     6      7     12     11   2036.116      8.000     -1.170
     7      8     13     12   2335.493      9.000     -1.170
     8      9     14     13   2400.554     10.000     -1.170
     9     10     15     14   4069.129     11.000     -1.170
    10     11     16     15   4493.542     12.000     -1.170
    11     12     17     16   4878.722     13.000     -1.170
    12     13     18     17   4486.312     14.000     -1.170
    13     14     19     18   4051.038     15.000     -1.170
    14     15     20     19   4179.207     16.000     -1.170
    15     16     21     20   3335.817     17.000     -1.170
    16     17     22     21   3250.723     18.000     -1.170
    17     18     23     22   2194.469     19.000     -1.170
    18     19     24     23   3167.626     20.000     -1.170
    19     20     25     24   2748.812     21.000     -1.170
    20     21     26     25   2098.314     22.000     -1.170
    21     22     27     26   2498.999     23.000     -1.170
    22     23     28     27   1931.265     24.000     -1.170
    23     24     29     28   1962.672     25.000     -1.170
    24     25     30     29   2093.194     26.000     -1.170
    25     26     31     30   1934.172     27.000     -1.170
    26     27     32     31   3332.470     28.000     -1.170
    27     28     33     32   3029.143     29.000     -1.170
    28     29     34     33   2428.343     30.000     -1.170
    29     30     35     34   1832.305     31.000     -1.170
    30     31     36     35   1952.490     32.000     -1.170
    31     32     37     36   1667.398     33.000     -1.170
    32     33     38     37   1437.229     34.000     -1.170
    33     34     39     38   1251.745     35.000     -1.170
    34     35     40     39    905.926     36.000     -1.170
    35     36     41     40   1022.346     37.000     -1.170
    36     37     42     41   1099.488     38.000     -1.170
    37     38     43     42   1190.163     39.000     -1.170
    38     39     44     43    945.578     40.000     -1.170
    39     40     45     44   1281.931     41.000     -1.170
    40     41     46     45   1261.076     42.000     -1.170
    41     42     47     46   1545.226     43.000     -1.170
    42     43     48     47   1843.971     44.000     -1.170
     1      2      8      7   1005.941      3.500     -1.365
     2      3      9      8   1067.586      4.500     -1.365
     3      4     10      9   1571.331      5.500     -1.365
     4      5     11     10   2174.598      6.500     -1.365
     5      6     12     11   2218.410      7.500     -1.365
     6      7     13     12   1715.117      8.500     -1.365
     7      8     14     13   1588.428      9.500     -1.365
     8      9     15     14   2428.180     10.500     -1.365
     9     10     16     15   4197.680     11.500     -1.365
    10     11     17     16   4626.170     12.500     -1.365
    11     12     18     17   3601.695     13.500     -1.365
    12     13     19     18   3845.737     14.500     -1.365
    13     14     20     19   3360.344     15.500     -1.365
    14     15     21     20   2758.000     16.500     -1.365
    15     16     22     21   2957.042     17.500     -1.365
    16     17     23     22   1944.594     18.500     -1.365
    17     18     24     23   2620.195     19.500     -1.365
    18     19     25     24   2436.096     20.500     -1.365
    19     20     26     25   2323.466     21.500     -1.365
    20     21     27     26   2176.543     22.500     -1.365
    21     22     28     27   2128.864     23.500     -1.365
    22     23     29     28   1462.222     24.500     -1.365
    23     24     30     29   1622.257     25.500     -1.365
    24     25     31     30   1441.474     26.500     -1.365
    25     26     32     31   2014.770     27.500     -1.365
    26     27     33     32   2758.726     28.500     -1.365
    27     28     34     33   2274.798     29.500     -1.365
    28     29     35     34   1655.736     30.500     -1.365
    29     30     36     35   1505.329     31.500     -1.365
    30     31     37     36   1307.574     32.500     -1.365
    31     32     38     37   1250.164     33.500     -1.365
    32     33     39     38   1082.552     34.500     -1.365
    33     34     40     39   1046.369     35.500     -1.365
    34     35     41     40    706.416     36.500     -1.365
    35     36     42     41    890.680     37.500     -1.365
    36     37     43     42    880.734     38.500     -1.365
    37     38     44     43    997.173     39.500     -1.365
    38     39     45     44    821.523     40.500     -1.365
    39     40     46     45   1063.315     41.500     -1.365
    40     41     47     46   1268.474     42.500     -1.365
    41     42     48     47   1630.271     43.500     -1.365
     1      3      9      7   1106.238      4.000     -1.560
     2      4     10      8   1352.863      5.000     -1.560
     3      5     11      9   1946.092      6.000     -1.560
     4      6     12     10   2312.497      7.000     -1.560
     5      7     13     11   1960.920      8.000     -1.560
     6      8     14     12   1859.150      9.000     -1.560
     7      9     15     13   2119.342     10.000     -1.560
     8     10     16     14   3470.771     11.000     -1.560
     9     11     17     15   4375.788     12.000     -1.560
    10     12     18     16   4310.245     13.000     -1.560
    11     13     19     17   3980.385     14.000     -1.560
    12     14     20     18   3732.103     15.000     -1.560
    13     15     21     19   3339.234     16.000     -1.560
    14     16     22     20   3007.666     17.000     -1.560
    15     17     23     21   2742.132     18.000     -1.560
    16     18     24     22   2228.906     19.000     -1.560
    17     19     25     23   2676.796     20.000     -1.560
    18     20     26     24   2503.589     21.000     -1.560
    19     21     27     25   2215.689     22.000     -1.560
    20     22     28     26   2243.431     23.000     -1.560
    21     23     29     27   1817.805     24.000     -1.560
    22     24     30     28   1661.720     25.000     -1.560
    23     25     31     29   1719.142     26.000     -1.560
    24     26     32     30   1778.384     27.000     -1.560
    25     27     33     31   2632.231     28.000     -1.560
    26     28     34     32   2657.049     29.000     -1.560
    27     29     35     33   2077.730     30.000     -1.560
    28     30     36     34   1635.744     31.000     -1.560
    29     31     37     35   1566.391     32.000     -1.560
    30     32     38     36   1388.068     33.000     -1.560
    31     33     39     37   1243.000     34.000     -1.560
    32     34     40     38   1142.048     35.000     -1.560
    33     35     41     39    877.094     36.000     -1.560
    34     36     42     40    864.096     37.000     -1.560
    35     37     43     41    949.411     38.000     -1.560
    36     38     44     42   1012.109     39.000     -1.560
    37     39     45     43    910.582     40.000     -1.560
    38     40     46     44   1036.698     41.000     -1.560
    39     41     47     45   1179.228     42.000     -1.560
    40     42     48     46   1432.792     43.000     -1.560
     1      3     11      9   1143.979      5.000     -1.950
     2      4     12     10   1303.170      6.000     -1.950
     3      5     13     11   1456.958      7.000     -1.950
     4      6     14     12   1405.467      8.000     -1.950
     5      7     15     13   1159.896      9.000     -1.950
     6      8     16     14   1368.908     10.000     -1.950
     7      9     17     15   1992.397     11.000     -1.950
     8     10     18     16   2920.391     12.000     -1.950
     9     11     19     17   2959.040     13.000     -1.950
    10     12     20     18   2798.408     14.000     -1.950
    11     13     21     19   2505.693     15.000     -1.950
    12     14     22     20   1913.904     16.000     -1.950
    13     15     23     21   1918.963     17.000     -1.950
    14     16     24     22   1682.741     18.000     -1.950
    15     17     25     23   1957.017     19.000     -1.950
    16     18     26     24   1759.387     20.000     -1.950
    17     19     27     25   1920.290     21.000     -1.950
    18     20     28     26   2149.535     22.000     -1.950
    19     21     29     27   1667.849     23.000     -1.950
    20     22     30     28   1335.524     24.000     -1.950
    21     23     31     29   1090.469     25.000     -1.950
    22     24     32     30   1059.066     26.000     -1.950
    23     25     33     31   1325.180     27.000     -1.950
    24     26     34     32   1297.946     28.000     -1.950
    25     27     35     33   1418.930     29.000     -1.950
    26     28     36     34   1264.665     30.000     -1.950
    27     29     37     35   1061.011     31.000     -1.950
    28     30     38     36    836.158     32.000     -1.950
    29     31     39     37    792.680     33.000     -1.950
    30     32     40     38    808.091     34.000     -1.950
    31     33     41     39    822.127     35.000     -1.950
    32     34     42     40    754.459     36.000     -1.950
    33     35     43     41    615.859     37.000     -1.950
    34     36     44     42    613.557     38.000     -1.950
    35     37     45     43    659.776     39.000     -1.950
    36     38     46     44    687.849     40.000     -1.950
    37     39     47     45    657.660     41.000     -1.950
    38     40     48     46    832.698     42.000     -1.950
     1      3     13     11    862.446      6.000     -2.340
     2      4     14     12    812.689      7.000     -2.340
     3      5     15     13    832.326      8.000     -2.340
     4      6     16     14   1049.252      9.000     -2.340
     5      7     17     15   1018.828     10.000     -2.340
     6      8     18     16   1070.050     11.000     -2.340
     7      9     19     17   1220.743     12.000     -2.340
     8     10     20     18   1634.242     13.000     -2.340
     9     11     21     19   1717.949     14.000     -2.340
    10     12     22     20   1399.067     15.000     -2.340
    11     13     23     21   1123.343     16.000     -2.340
    12     14     24     22   1237.888     17.000     -2.340
    13     15     25     23   1160.130     18.000     -2.340
    14     16     26     24   1135.135     19.000     -2.340
    15     17     27     25   1422.923     20.000     -2.340
    16     18     28     26   1461.760     21.000     -2.340
    17     19     29     27   1353.443     22.000     -2.340
    18     20     30     28   1208.762     23.000     -2.340
    19     21     31     29    957.361     24.000     -2.340
    20     22     32     30    848.358     25.000     -2.340
    21     23     33     31    724.607     26.000     -2.340
    22     24     34     32    683.304     27.000     -2.340
    23     25     35     33    686.177     28.000     -2.340
    24     26     36     34    570.193     29.000     -2.340
    25     27     37     35    668.639     30.000     -2.340
    26     28     38     36    656.598     31.000     -2.340
    27     29     39     37    536.375     32.000     -2.340
    28     30     40     38    530.027     33.000     -2.340
    29     31     41     39    546.622     34.000     -2.340
    30     32     42     40    584.434     35.000     -2.340
    31     33     43     41    614.722     36.000     -2.340
    32     34     44     42    567.449     37.000     -2.340
    33     35     45     43    471.204     38.000     -2.340
    34     36     46     44    516.985     39.000     -2.340
    35     37     47     45    565.978     40.000     -2.340
    36     38     48     46    653.096     41.000     -2.340
     1      3     15     13    450.118      7.000     -2.730
     2      4     16     14    602.058      8.000     -2.730
     3      5     17     15    788.697      9.000     -2.730
     4      6     18     16    774.491     10.000     -2.730
     5      7     19     17    665.743     11.000     -2.730
     6      8     20     18    580.112     12.000     -2.730
     7      9     21     19    646.883     13.000     -2.730
     8     10     22     20    823.111     14.000     -2.730
     9     11     23     21    656.080     15.000     -2.730
    10     12     24     22    699.332     16.000     -2.730
    11     13     25     23    635.351     17.000     -2.730
    12     14     26     24    623.198     18.000     -2.730
    13     15     27     25    697.775     19.000     -2.730
    14     16     28     26    971.697     20.000     -2.730
    15     17     29     27    962.394     21.000     -2.730
    16     18     30     28    790.811     22.000     -2.730
    17     19     31     29    788.805     23.000     -2.730
    18     20     32     30    804.757     24.000     -2.730
    19     21     33     31    594.117     25.000     -2.730
    20     22     34     32    473.373     26.000     -2.730
    21     23     35     33    386.393     27.000     -2.730
    22     24     36     34    319.272     28.000     -2.730
    23     25     37     35    316.527     29.000     -2.730
    24     26     38     36    326.848     30.000     -2.730
    25     27     39     37    382.765     31.000     -2.730
    26     28     40     38    398.189     32.000     -2.730
    27     29     41     39    390.576     33.000     -2.730
    28     30     42     40    386.459     34.000     -2.730
    29     31     43     41    429.579     35.000     -2.730
    30     32     44     42    454.412     36.000     -2.730
    31     33     45     43    489.695     37.000     -2.730
    32     34     46     44    369.177     38.000     -2.730
    33     35     47     45    355.077     39.000     -2.730
    34     36     48     46    522.088     40.000     -2.730
     1      4     16     13    566.574      7.500     -2.925
     2      5     17     14    718.824      8.500     -2.925
     3      6     18     15    786.149      9.500     -2.925
     4      7     19     16    716.794     10.500     -2.925
     5      8     20     17    714.362     11.500     -2.925
     6      9     21     18    733.899     12.500     -2.925
     7     10     22     19    876.499     13.500     -2.925
     8     11     23     20    843.836     14.500     -2.925
     9     12     24     21    703.550     15.500     -2.925
    10     13     25     22    595.367     16.500     -2.925
    11     14     26     23    737.706     17.500     -2.925
    12     15     27     24    749.044     18.500     -2.925
    13     16     28     25    886.061     19.500     -2.925
    14     17     29     26   1044.262     20.500     -2.925
    15     18     30     27    935.434     21.500     -2.925
    16     19     31     28    847.342     22.500     -2.925
    17     20     32     29    847.427     23.500     -2.925
    18     21     33     30    676.056     24.500     -2.925
    19     22     34     31    609.770     25.500     -2.925
    20     23     35     32    456.059     26.500     -2.925
    21     24     36     33    411.250     27.500     -2.925
    22     25     37     34    355.080     28.500     -2.925
    23     26     38     35    343.556     29.500     -2.925
    24     27     39     36    410.046     30.500     -2.925
    25     28     40     37    416.718     31.500     -2.925
    26     29     41     38    394.223     32.500     -2.925
    27     30     42     39    391.758     33.500     -2.925
    28     31     43     40    414.915     34.500     -2.925
    29     32     44     41    466.939     35.500     -2.925
    30     33     45     42    470.950     36.500     -2.925
    31     34     46     43    429.911     37.500     -2.925
    32     35     47     44    385.360     38.500     -2.925
    33     36     48     45    486.761     39.500     -2.925
     1      4     19     16    382.559      9.000     -3.510
     2      5     20     17    305.058     10.000     -3.510
     3      6     21     18    261.696     11.000     -3.510
     4      7     22     19    289.835     12.000     -3.510
     5      8     23     20    266.575     13.000     -3.510
     6      9     24     21    186.789     14.000     -3.510
     7     10     25     22    221.501     15.000     -3.510
     8     11     26     23    504.154     16.000     -3.510
     9     12     27     24    533.933     17.000     -3.510
    10     13     28     25    585.641     18.000     -3.510
    11     14     29     26    483.039     19.000     -3.510
    12     15     30     27    465.249     20.000     -3.510
    13     16     31     28    502.220     21.000     -3.510
    14     17     32     29    539.712     22.000     -3.510
    15     18     33     30    437.630     23.000     -3.510
    16     19     34     31    418.517     24.000     -3.510
    17     20     35     32    301.393     25.000     -3.510
    18     21     36     33    292.685     26.000     -3.510
    19     22     37     34    217.520     27.000     -3.510
    20     23     38     35    172.643     28.000     -3.510
    21     24     39     36    164.331     29.000     -3.510
    22     25     40     37    180.492     30.000     -3.510
    23     26     41     38    186.147     31.000     -3.510
    24     27     42     39    254.775     32.000     -3.510
    25     28     43     40    257.930     33.000     -3.510
    26     29     44     41    285.051     34.000     -3.510
    27     30     45     42    333.536     35.000     -3.510
    28     31     46     43    468.540     36.000     -3.510
    29     32     47     44    562.637     37.000     -3.510
    30     33     48     45    527.864     38.000     -3.510
     1      4     22     19    162.314     10.500     -4.095
     2      5     23     20    120.680     11.500     -4.095
     3      6     24     21    400.187     12.500     -4.095
     4      7     25     22     48.067     13.500     -4.095
     5      8     26     23     61.613     14.500     -4.095
     6      9     27     24    279.598     15.500     -4.095
     7     10     28     25    410.625     16.500     -4.095
     8     11     29     26    357.305     17.500     -4.095
     9     12     30     27    292.862     18.500     -4.095
    10     13     31     28    312.259     19.500     -4.095
    11     14     32     29    393.327     20.500     -4.095
    12     15     33     30    245.540     21.500     -4.095
    13     16     34     31    154.635     22.500     -4.095
    14     17     35     32    109.885     23.500     -4.095
    15     18     36     33    207.598     24.500     -4.095
    16     19     37     34    167.242     25.500     -4.095
    17     20     38     35    154.971     26.500     -4.095
    18     21     39     36    128.015     27.500     -4.095
    19     22     40     37    154.101     28.500     -4.095
    20     23     41     38    108.539     29.500     -4.095
    21     24     42     39    131.261     30.500     -4.095
    22     25     43     40    112.280     31.500     -4.095
    23     26     44     41    162.275     32.500     -4.095
    24     27     45     42    141.465     33.500     -4.095
    25     28     46     43    152.082     34.500     -4.095
    26     29     47     44    342.659     35.500     -4.095
    27     30     48     45    984.712     36.500     -4.095
     1      5     25     21   -146.707     12.000     -4.680
     2      6     26     22     97.502     13.000     -4.680
     3      7     27     23    102.991     14.000     -4.680
     4      8     28     24    105.732     15.000     -4.680
     5      9     29     25    200.785     16.000     -4.680
     6     10     30     26    211.673     17.000     -4.680
     7     11     31     27    222.093     18.000     -4.680
     8     12     32     28    238.077     19.000     -4.680
     9     13     33     29    217.931     20.000     -4.680
    10     14     34     30    209.833     21.000     -4.680
    11     15     35     31    113.580     22.000     -4.680
    12     16     36     32     74.222     23.000     -4.680
    13     17     37     33    157.100     24.000     -4.680
    14     18     38     34    133.591     25.000     -4.680
    15     19     39     35    143.347     26.000     -4.680
    16     20     40     36    143.603     27.000     -4.680
    17     21     41     37    117.923     28.000     -4.680
    18     22     42     38    124.045     29.000     -4.680
    19     23     43     39    108.860     30.000     -4.680
    20     24     44     40     97.369     31.000     -4.680
    21     25     45     41     98.018     32.000     -4.680
    22     26     46     42   -105.678     33.000     -4.680
    23     27     47     43   -245.391     34.000     -4.680
    24     28     48     44     -7.817     35.000     -4.680
     1      5     29     25    201.235     14.000     -5.460
     2      6     30     26     94.954     15.000     -5.460
     3      7     31     27    137.124     16.000     -5.460
     4      8     32     28    132.253     17.000     -5.460
     5      9     33     29     98.749     18.000     -5.460
     6     10     34     30    140.682     19.000     -5.460
     7     11     35     31    123.951     20.000     -5.460
     8     12     36     32     87.164     21.000     -5.460
     9     13     37     33    124.030     22.000     -5.460
    10     14     38     34     89.539     23.000     -5.460
    11     15     39     35     92.020     24.000     -5.460
    12     16     40     36    129.387     25.000     -5.460
    13     17     41     37    104.607     26.000     -5.460
    14     18     42     38    117.908     27.000     -5.460
    15     19     43     39    113.263     28.000     -5.460
    16     20     44     40     84.578     29.000     -5.460
    17     21     45     41    102.839     30.000     -5.460
    18     22     46     42     63.757     31.000     -5.460
    19     23     47     43    103.605     32.000     -5.460
    20     24     48     44    244.709     33.000     -5.460
     1      6     31     26    120.780     15.000     -5.850
     2      7     32     27    136.648     16.000     -5.850
     3      8     33     28     88.483     17.000     -5.850
     4      9     34     29     98.361     18.000     -5.850
     5     10     35     30    117.338     19.000     -5.850
     6     11     36     31    139.487     20.000     -5.850
     7     12     37     32     52.816     21.000     -5.850
     8     13     38     33    108.064     22.000     -5.850
     9     14     39     34     86.708     23.000     -5.850
    10     15     40     35    111.193     24.000     -5.850
    11     16     41     36     91.401     25.000     -5.850
    12     17     42     37    105.916     26.000     -5.850
    13     18     43     38    101.618     27.000     -5.850
    14     19     44     39    116.679     28.000     -5.850
    15     20     45     40     91.213     29.000     -5.850
    16     21     46     41     83.202     30.000     -5.850
    17     22     47     42    100.770     31.000     -5.850
    18     23     48     43    309.302     32.000     -5.850
     1      6     36     31     52.865     17.500     -6.825
     2      7     37     32     11.519     18.500     -6.825
     3      8     38     33     59.601     19.500     -6.825
     4      9     39     34     54.309     20.500     -6.825
     5     10     40     35     75.870     21.500     -6.825
     6     11     41     36     69.833     22.500     -6.825
     7     12     42     37     88.504     23.500     -6.825
     8     13     43     38     92.066     24.500     -6.825
     9     14     44     39     97.311     25.500     -6.825
    10     15     45     40     57.727     26.500     -6.825
    11     16     46     41     74.979     27.500     -6.825
    12     17     47     42    105.591     28.500     -6.825
    13     18     48     43    579.380     29.500     -6.825
     1      7     37     31     67.623     18.000     -7.020
     2      8     38     32     25.080     19.000     -7.020
     3      9     39     33     62.683     20.000     -7.020
     4     10     40     34     70.188     21.000     -7.020
     5     11     41     35     68.673     22.000     -7.020
     6     12     42     36     76.476     23.000     -7.020
     7     13     43     37     82.561     24.000     -7.020
     8     14     44     38     91.428     25.000     -7.020
     9     15     45     39     93.486     26.000     -7.020
    10     16     46     40     60.145     27.000     -7.020
    11     17     47     41    119.589     28.000     -7.020
    12     18     48     42    370.756     29.000     -7.020
     1      7     43     37     62.543     21.000     -8.190
     2      8     44     38     64.965     22.000     -8.190
     3      9     45     39     62.931     23.000     -8.190
     4     10     46     40     35.705     24.000     -8.190
     5     11     47     41     64.562     25.000     -8.190
     6     12     48     42    160.830     26.000     -8.190
     1     10     46     37     57.561     22.500     -8.775
     2     11     47     38     63.448     23.500     -8.775
     3     12     48     39    149.051     24.500     -8.775
