48# Number of electrodes
# x z
0.000     0.000
1.000     0.000
2.000     0.000
3.000     0.000
4.000     0.000
5.000     0.000
6.000     0.000
7.000     0.000
8.000     0.000
9.000     0.000
10.000     0.000
11.000     0.000
12.000     0.000
13.000     0.000
14.000     0.000
15.000     0.000
16.000     0.000
17.000     0.000
18.000     0.000
19.000     0.000
20.000     0.000
21.000     0.000
22.000     0.000
23.000     0.000
24.000     0.000
25.000     0.000
26.000     0.000
27.000     0.000
28.000     0.000
29.000     0.000
30.000     0.000
31.000     0.000
32.000     0.000
33.000     0.000
34.000     0.000
35.000     0.000
36.000     0.000
37.000     0.000
38.000     0.000
39.000     0.000
40.000     0.000
41.000     0.000
42.000     0.000
43.000     0.000
44.000     0.000
45.000     0.000
46.000     0.000
47.000     0.000
909# Number of data
# a   b   m   n      rhoa      x      z
     1      4      2      3   1117.599      1.500     -0.330
     2      5      3      4   1622.227      2.500     -0.330
     3      6      4      5   1937.056      3.500     -0.330
     4      7      5      6   1777.146      4.500     -0.330
     5      8      6      7   2005.440      5.500     -0.330
     6      9      7      8   2175.185      6.500     -0.330
     7     10      8      9   2970.281      7.500     -0.330
     8     11      9     10   3432.313      8.500     -0.330
     9     12     10     11   3589.948      9.500     -0.330
    10     13     11     12   4448.182     10.500     -0.330
    11     14     12     13   3407.374     11.500     -0.330
    12     15     13     14   4010.119     12.500     -0.330
    13     16     14     15   4208.325     13.500     -0.330
    14     17     15     16   3785.512     14.500     -0.330
    15     18     16     17   4666.546     15.500     -0.330
    16     19     17     18   3918.830     16.500     -0.330
    17     20     18     19   3898.874     17.500     -0.330
    18     21     19     20   3702.242     18.500     -0.330
    19     22     20     21   2922.538     19.500     -0.330
    20     23     21     22   3205.109     20.500     -0.330
    21     24     22     23   2667.981     21.500     -0.330
    22     25     23     24   2765.241     22.500     -0.330
    23     26     24     25   2605.500     23.500     -0.330
    24     27     25     26   3099.286     24.500     -0.330
    25     28     26     27   3241.813     25.500     -0.330
    26     29     27     28   3352.129     26.500     -0.330
    27     30     28     29   3190.447     27.500     -0.330
    28     31     29     30   3543.893     28.500     -0.330
    29     32     30     31   3106.156     29.500     -0.330
    30     33     31     32   2828.679     30.500     -0.330
    31     34     32     33   2539.440     31.500     -0.330
    32     35     33     34   2188.624     32.500     -0.330
    33     36     34     35   1571.937     33.500     -0.330
    34     37     35     36   2049.992     34.500     -0.330
    35     38     36     37   1238.792     35.500     -0.330
    36     39     37     38   1701.152     36.500     -0.330
    37     40     38     39   1062.757     37.500     -0.330
    38     41     39     40   1860.236     38.500     -0.330
    39     42     40     41   1184.095     39.500     -0.330
    40     43     41     42   2090.118     40.500     -0.330
    41     44     42     43   1879.708     41.500     -0.330
    42     45     43     44   2275.702     42.500     -0.330
    43     46     44     45   2431.054     43.500     -0.330
    44     47     45     46   3130.547     44.500     -0.330
    45     48     46     47   3691.606     45.500     -0.330
     1      7      3      5   1567.190      3.000     -0.660
     2      8      4      6   1791.253      4.000     -0.660
     3      9      5      7   1633.369      5.000     -0.660
     4     10      6      8   1965.186      6.000     -0.660
     5     11      7      9   2869.269      7.000     -0.660
     6     12      8     10   3255.931      8.000     -0.660
     7     13      9     11   3294.198      9.000     -0.660
     8     14     10     12   3572.697     10.000     -0.660
     9     15     11     13   3892.343     11.000     -0.660
    10     16     12     14   4215.258     12.000     -0.660
    11     17     13     15   4462.512     13.000     -0.660
    12     18     14     16   4382.655     14.000     -0.660
    13     19     15     17   4253.996     15.000     -0.660
    14     20     16     18   4242.186     16.000     -0.660
    15     21     17     19   4325.272     17.000     -0.660
    16     22     18     20   4082.084     18.000     -0.660
    17     23     19     21   3564.292     19.000     -0.660
    18     24     20     22   3225.584     20.000     -0.660
    19     25     21     23   3430.144     21.000     -0.660
    20     26     22     24   3051.131     22.000     -0.660
    21     27     23     25   2556.422     23.000     -0.660
    22     28     24     26   2794.335     24.000     -0.660
    23     29     25     27   3222.717     25.000     -0.660
    24     30     26     28   3070.539     26.000     -0.660
    25     31     27     29   2809.169     27.000     -0.660
    26     32     28     30   3035.162     28.000     -0.660
    27     33     29     31   3073.611     29.000     -0.660
    28     34     30     32   2805.078     30.000     -0.660
    29     35     31     33   2640.094     31.000     -0.660
    30     36     32     34   2429.104     32.000     -0.660
    31     37     33     35   2114.840     33.000     -0.660
    32     38     34     36   2036.229     34.000     -0.660
    33     39     35     37   1878.071     35.000     -0.660
    34     40     36     38   1420.726     36.000     -0.660
    35     41     37     39   1305.785     37.000     -0.660
    36     42     38     40   1555.267     38.000     -0.660
    37     43     39     41   1628.877     39.000     -0.660
    38     44     40     42   1839.189     40.000     -0.660
    39     45     41     43   2004.892     41.000     -0.660
    40     46     42     44   2306.496     42.000     -0.660
    41     47     43     45   2663.347     43.000     -0.660
    42     48     44     46   3215.820     44.000     -0.660
     1     10      4      7   1445.465      4.500     -0.990
     2     11      5      8   1553.268      5.500     -0.990
     3     12      6      9   1929.986      6.500     -0.990
     4     13      7     10   2514.608      7.500     -0.990
     5     14      8     11   3028.045      8.500     -0.990
     6     15      9     12   3316.673      9.500     -0.990
     7     16     10     13   3331.220     10.500     -0.990
     8     17     11     14   3375.848     11.500     -0.990
     9     18     12     15   3568.157     12.500     -0.990
    10     19     13     16   3687.673     13.500     -0.990
    11     20     14     17   3627.346     14.500     -0.990
    12     21     15     18   3750.069     15.500     -0.990
    13     22     16     19   3716.632     16.500     -0.990
    14     23     17     20   3591.435     17.500     -0.990
    15     24     18     21   3447.665     18.500     -0.990
    16     25     19     22   3346.420     19.500     -0.990
    17     26     20     23   3075.208     20.500     -0.990
    18     27     21     24   2860.646     21.500     -0.990
    19     28     22     25   2585.462     22.500     -0.990
    20     29     23     26   2635.683     23.500     -0.990
    21     30     24     27   2525.507     24.500     -0.990
    22     31     25     28   2660.501     25.500     -0.990
    23     32     26     29   2507.308     26.500     -0.990
    24     33     27     30   2397.234     27.500     -0.990
    25     34     28     31   2209.522     28.500     -0.990
    26     35     29     32   2274.467     29.500     -0.990
    27     36     30     33   2014.181     30.500     -0.990
    28     37     31     34   1994.179     31.500     -0.990
    29     38     32     35   1798.245     32.500     -0.990
    30     39     33     36   1962.865     33.500     -0.990
    31     40     34     37   1658.297     34.500     -0.990
    32     41     35     38   1628.521     35.500     -0.990
    33     42     36     39   1218.276     36.500     -0.990
    34     43     37     40   1400.584     37.500     -0.990
    35     44     38     41   1319.653     38.500     -0.990
    36     45     39     42   1773.530     39.500     -0.990
    37     46     40     43   1831.387     40.500     -0.990
    38     47     41     44   2245.528     41.500     -0.990
    39     48     42     45   2173.979     42.500     -0.990
     1     13      5      9   1467.646      6.000     -1.320
     2     14      6     10   1891.302      7.000     -1.320
     3     15      7     11   2196.524      8.000     -1.320
     4     16      8     12   2672.174      9.000     -1.320
     5     17      9     13   2701.023     10.000     -1.320
     6     18     10     14   2808.591     11.000     -1.320
     7     19     11     15   2704.053     12.000     -1.320
     8     20     12     16   2470.099     13.000     -1.320
     9     21     13     17   2721.840     14.000     -1.320
    10     22     14     18   2763.959     15.000     -1.320
    11     23     15     19   2853.692     16.000     -1.320
    12     24     16     20   3038.027     17.000     -1.320
    13     25     17     21   2840.459     18.000     -1.320
    14     26     18     22   2823.747     19.000     -1.320
    15     27     19     23   2679.530     20.000     -1.320
    16     28     20     24   2450.312     21.000     -1.320
    17     29     21     25   2405.899     22.000     -1.320
    18     30     22     26   2263.094     23.000     -1.320
    19     31     23     27   2163.478     24.000     -1.320
    20     32     24     28   2103.824     25.000     -1.320
    21     33     25     29   2013.133     26.000     -1.320
    22     34     26     30   1946.878     27.000     -1.320
    23     35     27     31   1822.629     28.000     -1.320
    24     36     28     32   1568.073     29.000     -1.320
    25     37     29     33   1510.078     30.000     -1.320
    26     38     30     34   1468.595     31.000     -1.320
    27     39     31     35   1424.587     32.000     -1.320
    28     40     32     36   1444.317     33.000     -1.320
    29     41     33     37   1353.037     34.000     -1.320
    30     42     34     38   1327.371     35.000     -1.320
    31     43     35     39   1258.047     36.000     -1.320
    32     44     36     40   1175.480     37.000     -1.320
    33     45     37     41   1211.889     38.000     -1.320
    34     46     38     42   1446.703     39.000     -1.320
    35     47     39     43   1682.423     40.000     -1.320
    36     48     40     44   1782.107     41.000     -1.320
     1     16      6     11   1693.825      7.500     -1.650
     2     17      7     12   1885.020      8.500     -1.650
     3     18      8     13   1886.755      9.500     -1.650
     4     19      9     14   1973.746     10.500     -1.650
     5     20     10     15   2044.265     11.500     -1.650
     6     21     11     16   2036.746     12.500     -1.650
     7     22     12     17   1878.027     13.500     -1.650
     8     23     13     18   1789.408     14.500     -1.650
     9     24     14     19   1929.495     15.500     -1.650
    10     25     15     20   2174.717     16.500     -1.650
    11     26     16     21   2213.372     17.500     -1.650
    12     27     17     22   2200.662     18.500     -1.650
    13     28     18     23   2104.967     19.500     -1.650
    14     29     19     24   2055.855     20.500     -1.650
    15     30     20     25   1889.066     21.500     -1.650
    16     31     21     26   1903.985     22.500     -1.650
    17     32     22     27   1816.838     23.500     -1.650
    18     33     23     28   1677.881     24.500     -1.650
    19     34     24     29   1588.994     25.500     -1.650
    20     35     25     30   1644.580     26.500     -1.650
    21     36     26     31   1376.157     27.500     -1.650
    22     37     27     32   1283.711     28.500     -1.650
    23     38     28     33   1202.895     29.500     -1.650
    24     39     29     34   1195.969     30.500     -1.650
    25     40     30     35   1022.558     31.500     -1.650
    26     41     31     36   1099.112     32.500     -1.650
    27     42     32     37   1023.049     33.500     -1.650
    28     43     33     38   1008.594     34.500     -1.650
    29     44     34     39    947.391     35.500     -1.650
    30     45     35     40   1078.664     36.500     -1.650
    31     46     36     41   1025.970     37.500     -1.650
    32     47     37     42   1264.709     38.500     -1.650
    33     48     38     43   1303.471     39.500     -1.650
     1     19      7     13   1283.707      9.000     -1.980
     2     20      8     14   1359.768     10.000     -1.980
     3     21      9     15   1395.424     11.000     -1.980
     4     22     10     16   1408.294     12.000     -1.980
     5     23     11     17   1448.071     13.000     -1.980
     6     24     12     18   1359.930     14.000     -1.980
     7     25     13     19   1391.384     15.000     -1.980
     8     26     14     20   1326.796     16.000     -1.980
     9     27     15     21   1387.480     17.000     -1.980
    10     28     16     22   1558.397     18.000     -1.980
    11     29     17     23   1597.633     19.000     -1.980
    12     30     18     24   1591.672     20.000     -1.980
    13     31     19     25   1440.908     21.000     -1.980
    14     32     20     26   1433.229     22.000     -1.980
    15     33     21     27   1439.405     23.000     -1.980
    16     34     22     28   1352.672     24.000     -1.980
    17     35     23     29   1289.751     25.000     -1.980
    18     36     24     30   1207.244     26.000     -1.980
    19     37     25     31   1222.313     27.000     -1.980
    20     38     26     32   1108.193     28.000     -1.980
    21     39     27     33   1013.069     29.000     -1.980
    22     40     28     34    941.954     30.000     -1.980
    23     41     29     35    913.173     31.000     -1.980
    24     42     30     36    848.835     32.000     -1.980
    25     43     31     37    761.119     33.000     -1.980
    26     44     32     38    772.649     34.000     -1.980
    27     45     33     39    748.603     35.000     -1.980
    28     46     34     40    813.080     36.000     -1.980
    29     47     35     41    872.372     37.000     -1.980
    30     48     36     42    952.464     38.000     -1.980
     1     22      8     15    963.146     10.500     -2.310
     2     23      9     16    970.587     11.500     -2.310
     3     24     10     17    982.884     12.500     -2.310
     4     25     11     18   1023.687     13.500     -2.310
     5     26     12     19   1015.605     14.500     -2.310
     6     27     13     20    980.980     15.500     -2.310
     7     28     14     21    914.492     16.500     -2.310
     8     29     15     22    920.908     17.500     -2.310
     9     30     16     23   1014.840     18.500     -2.310
    10     31     17     24   1068.634     19.500     -2.310
    11     32     18     25   1088.210     20.500     -2.310
    12     33     19     26   1090.938     21.500     -2.310
    13     34     20     27   1017.320     22.500     -2.310
    14     35     21     28   1058.878     23.500     -2.310
    15     36     22     29    985.007     24.500     -2.310
    16     37     23     30    977.657     25.500     -2.310
    17     38     24     31    967.147     26.500     -2.310
    18     39     25     32    967.692     27.500     -2.310
    19     40     26     33    896.051     28.500     -2.310
    20     41     27     34    849.595     29.500     -2.310
    21     42     28     35    739.697     30.500     -2.310
    22     43     29     36    733.763     31.500     -2.310
    23     44     30     37    658.269     32.500     -2.310
    24     45     31     38    621.790     33.500     -2.310
    25     46     32     39    591.072     34.500     -2.310
    26     47     33     40    644.679     35.500     -2.310
    27     48     34     41    643.010     36.500     -2.310
     1     25      9     17    728.547     12.000     -2.640
     2     26     10     18    716.712     13.000     -2.640
     3     27     11     19    684.825     14.000     -2.640
     4     28     12     20    668.837     15.000     -2.640
     5     29     13     21    685.981     16.000     -2.640
     6     30     14     22    655.014     17.000     -2.640
     7     31     15     23    634.075     18.000     -2.640
     8     32     16     24    628.873     19.000     -2.640
     9     33     17     25    674.647     20.000     -2.640
    10     34     18     26    749.519     21.000     -2.640
    11     35     19     27    772.051     22.000     -2.640
    12     36     20     28    760.681     23.000     -2.640
    13     37     21     29    747.988     24.000     -2.640
    14     38     22     30    772.651     25.000     -2.640
    15     39     23     31    770.982     26.000     -2.640
    16     40     24     32    763.089     27.000     -2.640
    17     41     25     33    795.929     28.000     -2.640
    18     42     26     34    728.739     29.000     -2.640
    19     43     27     35    673.378     30.000     -2.640
    20     44     28     36    641.544     31.000     -2.640
    21     45     29     37    582.759     32.000     -2.640
    22     46     30     38    547.688     33.000     -2.640
    23     47     31     39    519.499     34.000     -2.640
    24     48     32     40    511.270     35.000     -2.640
     1     28     10     19    486.711     13.500     -2.970
     2     29     11     20    488.578     14.500     -2.970
     3     30     12     21    431.858     15.500     -2.970
     4     31     13     22    431.274     16.500     -2.970
     5     32     14     23    450.186     17.500     -2.970
     6     33     15     24    442.968     18.500     -2.970
     7     34     16     25    437.769     19.500     -2.970
     8     35     17     26    442.370     20.500     -2.970
     9     36     18     27    492.043     21.500     -2.970
    10     37     19     28    537.621     22.500     -2.970
    11     38     20     29    558.721     23.500     -2.970
    12     39     21     30    612.215     24.500     -2.970
    13     40     22     31    584.155     25.500     -2.970
    14     41     23     32    606.994     26.500     -2.970
    15     42     24     33    615.066     27.500     -2.970
    16     43     25     34    627.037     28.500     -2.970
    17     44     26     35    588.094     29.500     -2.970
    18     45     27     36    574.674     30.500     -2.970
    19     46     28     37    529.402     31.500     -2.970
    20     47     29     38    510.400     32.500     -2.970
    21     48     30     39    440.037     33.500     -2.970
     1     31     11     21    309.256     15.000     -3.300
     2     32     12     22    296.762     16.000     -3.300
     3     33     13     23    285.530     17.000     -3.300
     4     34     14     24    290.245     18.000     -3.300
     5     35     15     25    319.166     19.000     -3.300
     6     36     16     26    332.059     20.000     -3.300
     7     37     17     27    333.028     21.000     -3.300
     8     38     18     28    342.285     22.000     -3.300
     9     39     19     29    390.660     23.000     -3.300
    10     40     20     30    431.895     24.000     -3.300
    11     41     21     31    468.971     25.000     -3.300
    12     42     22     32    479.810     26.000     -3.300
    13     43     23     33    470.702     27.000     -3.300
    14     44     24     34    499.233     28.000     -3.300
    15     45     25     35    498.808     29.000     -3.300
    16     46     26     36    493.677     30.000     -3.300
    17     47     27     37    473.991     31.000     -3.300
    18     48     28     38    429.901     32.000     -3.300
     1     34     12     23    200.360     16.500     -3.630
     2     35     13     24    213.146     17.500     -3.630
     3     36     14     25    204.805     18.500     -3.630
     4     37     15     26    232.807     19.500     -3.630
     5     38     16     27    259.052     20.500     -3.630
     6     39     17     28    279.382     21.500     -3.630
     7     40     18     29    283.776     22.500     -3.630
     8     41     19     30    298.896     23.500     -3.630
     9     42     20     31    326.265     24.500     -3.630
    10     43     21     32    350.230     25.500     -3.630
    11     44     22     33    375.064     26.500     -3.630
    12     45     23     34    397.879     27.500     -3.630
    13     46     24     35    396.543     28.500     -3.630
    14     47     25     36    413.911     29.500     -3.630
    15     48     26     37    386.474     30.500     -3.630
     1     37     13     25    162.562     18.000     -3.960
     2     38     14     26    178.014     19.000     -3.960
     3     39     15     27    189.261     20.000     -3.960
     4     40     16     28    215.512     21.000     -3.960
     5     41     17     29    241.494     22.000     -3.960
     6     42     18     30    252.491     23.000     -3.960
     7     43     19     31    247.893     24.000     -3.960
     8     44     20     32    248.018     25.000     -3.960
     9     45     21     33    283.350     26.000     -3.960
    10     46     22     34    305.768     27.000     -3.960
    11     47     23     35    318.174     28.000     -3.960
    12     48     24     36    339.128     29.000     -3.960
     1     40     14     27    149.328     19.500     -4.290
     2     41     15     28    175.396     20.500     -4.290
     3     42     16     29    182.811     21.500     -4.290
     4     43     17     30    203.051     22.500     -4.290
     5     44     18     31    217.999     23.500     -4.290
     6     45     19     32    215.149     24.500     -4.290
     7     46     20     33    221.589     25.500     -4.290
     8     47     21     34    227.125     26.500     -4.290
     9     48     22     35    236.596     27.500     -4.290
     1     43     15     29    156.498     21.000     -4.620
     2     44     16     30    172.821     22.000     -4.620
     3     45     17     31    180.114     23.000     -4.620
     4     46     18     32    189.939     24.000     -4.620
     5     47     19     33    197.503     25.000     -4.620
     6     48     20     34    192.394     26.000     -4.620
     1     46     16     31    155.934     22.500     -4.950
     2     47     17     32    155.216     23.500     -4.950
     3     48     18     33    164.594     24.500     -4.950
     1      2      4      3   1974.506      1.500     -0.585
     2      3      5      4   1535.762      2.500     -0.585
     3      4      6      5   1566.542      3.500     -0.585
     4      5      7      6   2367.385      4.500     -0.585
     5      6      8      7   2038.376      5.500     -0.585
     6      7      9      8   1829.690      6.500     -0.585
     7      8     10      9   2172.340      7.500     -0.585
     8      9     11     10   3770.545      8.500     -0.585
     9     10     12     11   4823.127      9.500     -0.585
    10     11     13     12   3554.353     10.500     -0.585
    11     12     14     13   4331.433     11.500     -0.585
    12     13     15     14   2807.445     12.500     -0.585
    13     14     16     15   3228.254     13.500     -0.585
    14     15     17     16   5229.713     14.500     -0.585
    15     16     18     17   3874.775     15.500     -0.585
    16     17     19     18   4134.691     16.500     -0.585
    17     18     20     19   3626.907     17.500     -0.585
    18     19     21     20   3217.338     18.500     -0.585
    19     20     22     21   3513.175     19.500     -0.585
    20     21     23     22   2437.666     20.500     -0.585
    21     22     24     23   2702.306     21.500     -0.585
    22     23     25     24   2289.058     22.500     -0.585
    23     24     26     25   2776.093     23.500     -0.585
    24     25     27     26   3039.444     24.500     -0.585
    25     26     28     27   3322.671     25.500     -0.585
    26     27     29     28   3425.948     26.500     -0.585
    27     28     30     29   3737.058     27.500     -0.585
    28     29     31     30   3139.180     28.500     -0.585
    29     30     32     31   3449.580     29.500     -0.585
    30     31     33     32   3067.918     30.500     -0.585
    31     32     34     33   2230.136     31.500     -0.585
    32     33     35     34   1799.969     32.500     -0.585
    33     34     36     35   2007.444     33.500     -0.585
    34     35     37     36   1039.363     34.500     -0.585
    35     36     38     37   1968.857     35.500     -0.585
    36     37     39     38   1197.355     36.500     -0.585
    37     38     40     39   1720.367     37.500     -0.585
    38     39     41     40    717.047     38.500     -0.585
    39     40     42     41   2073.837     39.500     -0.585
    40     41     43     42   1380.001     40.500     -0.585
    41     42     44     43   2119.534     41.500     -0.585
    42     43     45     44   2120.362     42.500     -0.585
    43     44     46     45   2284.783     43.500     -0.585
    44     45     47     46   2196.729     44.500     -0.585
    45     46     48     47   3661.632     45.500     -0.585
     1      2      5      4   1567.254      2.000     -0.780
     2      3      6      5   1183.516      3.000     -0.780
     3      4      7      6   1851.823      4.000     -0.780
     4      5      8      7   2606.630      5.000     -0.780
     5      6      9      8   2511.506      6.000     -0.780
     6      7     10      9   2111.550      7.000     -0.780
     7      8     11     10   2733.622      8.000     -0.780
     8      9     12     11   4756.573      9.000     -0.780
     9     10     13     12   4467.050     10.000     -0.780
    10     11     14     13   4335.607     11.000     -0.780
    11     12     15     14   4412.016     12.000     -0.780
    12     13     16     15   3762.992     13.000     -0.780
    13     14     17     16   5123.198     14.000     -0.780
    14     15     18     17   5423.879     15.000     -0.780
    15     16     19     18   5021.219     16.000     -0.780
    16     17     20     19   4811.594     17.000     -0.780
    17     18     21     20   3579.479     18.000     -0.780
    18     19     22     21   4072.092     19.000     -0.780
    19     20     23     22   3453.410     20.000     -0.780
    20     21     24     23   2682.785     21.000     -0.780
    21     22     25     24   2701.688     22.000     -0.780
    22     23     26     25   3367.402     23.000     -0.780
    23     24     27     26   3125.952     24.000     -0.780
    24     25     28     27   2601.028     25.000     -0.780
    25     26     29     28   3308.063     26.000     -0.780
    26     27     30     29   3928.360     27.000     -0.780
    27     28     31     30   3887.123     28.000     -0.780
    28     29     32     31   3711.810     29.000     -0.780
    29     30     33     32   3952.579     30.000     -0.780
    30     31     34     33   3211.430     31.000     -0.780
    31     32     35     34   2499.968     32.000     -0.780
    32     33     36     35   2585.649     33.000     -0.780
    33     34     37     36   1668.384     34.000     -0.780
    34     35     38     37   1425.862     35.000     -0.780
    35     36     39     38   1703.308     36.000     -0.780
    36     37     40     39   1640.160     37.000     -0.780
    37     38     41     40   1214.806     38.000     -0.780
    38     39     42     41   1269.135     39.000     -0.780
    39     40     43     42   1981.566     40.000     -0.780
    40     41     44     43   1818.595     41.000     -0.780
    41     42     45     44   2833.902     42.000     -0.780
    42     43     46     45   2557.934     43.000     -0.780
    43     44     47     46   2738.003     44.000     -0.780
    44     45     48     47   3795.362     45.000     -0.780
     1      2      6      5   1231.873      2.500     -0.975
     2      3      7      6   1259.505      3.500     -0.975
     3      4      8      7   1932.432      4.500     -0.975
     4      5      9      8   3204.016      5.500     -0.975
     5      6     10      9   2557.184      6.500     -0.975
     6      7     11     10   2625.084      7.500     -0.975
     7      8     12     11   3181.680      8.500     -0.975
     8      9     13     12   4135.951      9.500     -0.975
     9     10     14     13   4894.210     10.500     -0.975
    10     11     15     14   4498.465     11.500     -0.975
    11     12     16     15   4946.236     12.500     -0.975
    12     13     17     16   5090.767     13.500     -0.975
    13     14     18     17   5505.655     14.500     -0.975
    14     15     19     18   5984.183     15.500     -0.975
    15     16     20     19   5310.749     16.500     -0.975
    16     17     21     20   4363.350     17.500     -0.975
    17     18     22     21   4202.056     18.500     -0.975
    18     19     23     22   3948.914     19.500     -0.975
    19     20     24     23   3384.911     20.500     -0.975
    20     21     25     24   2446.323     21.500     -0.975
    21     22     26     25   3545.380     22.500     -0.975
    22     23     27     26   3418.475     23.500     -0.975
    23     24     28     27   2769.679     24.500     -0.975
    24     25     29     28   2477.356     25.500     -0.975
    25     26     30     29   3867.535     26.500     -0.975
    26     27     31     30   3847.785     27.500     -0.975
    27     28     32     31   3859.400     28.500     -0.975
    28     29     33     32   3677.726     29.500     -0.975
    29     30     34     33   3894.341     30.500     -0.975
    30     31     35     34   3051.348     31.500     -0.975
    31     32     36     35   3024.729     32.500     -0.975
    32     33     37     36   1815.262     33.500     -0.975
    33     34     38     37   1940.575     34.500     -0.975
    34     35     39     38   1121.108     35.500     -0.975
    35     36     40     39   2332.564     36.500     -0.975
    36     37     41     40   1051.584     37.500     -0.975
    37     38     42     41   1712.087     38.500     -0.975
    38     39     43     42   1084.623     39.500     -0.975
    39     40     44     43   2093.913     40.500     -0.975
    40     41     45     44   1970.668     41.500     -0.975
    41     42     46     45   2800.296     42.500     -0.975
    42     43     47     46   2807.648     43.500     -0.975
    43     44     48     47   4259.008     44.500     -0.975
     1      2      7      6   1296.463      3.000     -1.170
     2      3      8      7   1256.683      4.000     -1.170
     3      4      9      8   2321.352      5.000     -1.170
     4      5     10      9   3063.733      6.000     -1.170
     5      6     11     10   2884.224      7.000     -1.170
     6      7     12     11   2817.343      8.000     -1.170
     7      8     13     12   2642.769      9.000     -1.170
     8      9     14     13   4252.517     10.000     -1.170
     9     10     15     14   4785.793     11.000     -1.170
    10     11     16     15   4685.672     12.000     -1.170
    11     12     17     16   6302.086     13.000     -1.170
    12     13     18     17   5002.243     14.000     -1.170
    13     14     19     18   5997.752     15.000     -1.170
    14     15     20     19   5787.688     16.000     -1.170
    15     16     21     20   4446.260     17.000     -1.170
    16     17     22     21   4839.066     18.000     -1.170
    17     18     23     22   3840.955     19.000     -1.170
    18     19     24     23   3630.579     20.000     -1.170
    19     20     25     24   2919.272     21.000     -1.170
    20     21     26     25   3025.482     22.000     -1.170
    21     22     27     26   3255.087     23.000     -1.170
    22     23     28     27   2922.688     24.000     -1.170
    23     24     29     28   2551.619     25.000     -1.170
    24     25     30     29   2724.719     26.000     -1.170
    25     26     31     30   3542.503     27.000     -1.170
    26     27     32     31   3427.332     28.000     -1.170
    27     28     33     32   3540.618     29.000     -1.170
    28     29     34     33   3203.791     30.000     -1.170
    29     30     35     34   3343.538     31.000     -1.170
    30     31     36     35   3324.877     32.000     -1.170
    31     32     37     36   1931.386     33.000     -1.170
    32     33     38     37   1891.518     34.000     -1.170
    33     34     39     38   1396.739     35.000     -1.170
    34     35     40     39   1408.409     36.000     -1.170
    35     36     41     40   1490.128     37.000     -1.170
    36     37     42     41   1349.947     38.000     -1.170
    37     38     43     42   1343.859     39.000     -1.170
    38     39     44     43   1109.088     40.000     -1.170
    39     40     45     44   1995.521     41.000     -1.170
    40     41     46     45   1753.497     42.000     -1.170
    41     42     47     46   2881.508     43.000     -1.170
    42     43     48     47   3997.356     44.000     -1.170
     1      2      8      7   1290.578      3.500     -1.365
     2      3      9      8   1519.853      4.500     -1.365
     3      4     10      9   2212.726      5.500     -1.365
     4      5     11     10   3270.465      6.500     -1.365
     5      6     12     11   3147.523      7.500     -1.365
     6      7     13     12   2436.405      8.500     -1.365
     7      8     14     13   2591.478      9.500     -1.365
     8      9     15     14   4106.208     10.500     -1.365
     9     10     16     15   4883.361     11.500     -1.365
    10     11     17     16   5736.735     12.500     -1.365
    11     12     18     17   5825.410     13.500     -1.365
    12     13     19     18   4889.833     14.500     -1.365
    13     14     20     19   5714.006     15.500     -1.365
    14     15     21     20   4608.186     16.500     -1.365
    15     16     22     21   4743.122     17.500     -1.365
    16     17     23     22   4272.896     18.500     -1.365
    17     18     24     23   3364.333     19.500     -1.365
    18     19     25     24   2821.526     20.500     -1.365
    19     20     26     25   3395.304     21.500     -1.365
    20     21     27     26   2652.011     22.500     -1.365
    21     22     28     27   2696.220     23.500     -1.365
    22     23     29     28   2550.647     24.500     -1.365
    23     24     30     29   2738.459     25.500     -1.365
    24     25     31     30   2386.834     26.500     -1.365
    25     26     32     31   3035.841     27.500     -1.365
    26     27     33     32   2917.927     28.500     -1.365
    27     28     34     33   2962.373     29.500     -1.365
    28     29     35     34   2588.145     30.500     -1.365
    29     30     36     35   3525.694     31.500     -1.365
    30     31     37     36   1922.618     32.500     -1.365
    31     32     38     37   1861.817     33.500     -1.365
    32     33     39     38   1315.220     34.500     -1.365
    33     34     40     39   1743.173     35.500     -1.365
    34     35     41     40    905.845     36.500     -1.365
    35     36     42     41   1829.061     37.500     -1.365
    36     37     43     42   1010.825     38.500     -1.365
    37     38     44     43   1252.950     39.500     -1.365
    38     39     45     44   1097.856     40.500     -1.365
    39     40     46     45   1766.813     41.500     -1.365
    40     41     47     46   1788.403     42.500     -1.365
    41     42     48     47   3917.200     43.500     -1.365
     1      3      9      7   1365.051      4.000     -1.560
     2      4     10      8   1984.231      5.000     -1.560
     3      5     11      9   2817.849      6.000     -1.560
     4      6     12     10   3103.838      7.000     -1.560
     5      7     13     11   2721.619      8.000     -1.560
     6      8     14     12   2541.674      9.000     -1.560
     7      9     15     13   3583.938     10.000     -1.560
     8     10     16     14   4509.474     11.000     -1.560
     9     11     17     15   5089.470     12.000     -1.560
    10     12     18     16   5884.542     13.000     -1.560
    11     13     19     17   5270.379     14.000     -1.560
    12     14     20     18   5482.307     15.000     -1.560
    13     15     21     19   5293.207     16.000     -1.560
    14     16     22     20   4583.346     17.000     -1.560
    15     17     23     21   4578.635     18.000     -1.560
    16     18     24     22   3787.786     19.000     -1.560
    17     19     25     23   3232.656     20.000     -1.560
    18     20     26     24   3087.000     21.000     -1.560
    19     21     27     25   3007.933     22.000     -1.560
    20     22     28     26   2837.082     23.000     -1.560
    21     23     29     27   2693.249     24.000     -1.560
    22     24     30     28   2605.038     25.000     -1.560
    23     25     31     29   2590.186     26.000     -1.560
    24     26     32     30   2940.112     27.000     -1.560
    25     27     33     31   3104.171     28.000     -1.560
    26     28     34     32   3142.449     29.000     -1.560
    27     29     35     33   2874.098     30.000     -1.560
    28     30     36     34   3086.445     31.000     -1.560
    29     31     37     35   2847.693     32.000     -1.560
    30     32     38     36   1893.352     33.000     -1.560
    31     33     39     37   1666.764     34.000     -1.560
    32     34     40     38   1481.568     35.000     -1.560
    33     35     41     39   1324.127     36.000     -1.560
    34     36     42     40   1379.179     37.000     -1.560
    35     37     43     41   1384.073     38.000     -1.560
    36     38     44     42   1186.365     39.000     -1.560
    37     39     45     43   1144.981     40.000     -1.560
    38     40     46     44   1585.013     41.000     -1.560
    39     41     47     45   1743.851     42.000     -1.560
    40     42     48     46   2773.852     43.000     -1.560
     1      3     11      9   1476.374      5.000     -1.950
     2      4     12     10   2009.624      6.000     -1.950
     3      5     13     11   2648.267      7.000     -1.950
     4      6     14     12   2276.210      8.000     -1.950
     5      7     15     13   2126.758      9.000     -1.950
     6      8     16     14   2174.419     10.000     -1.950
     7      9     17     15   3293.532     11.000     -1.950
     8     10     18     16   4752.028     12.000     -1.950
     9     11     19     17   4860.989     13.000     -1.950
    10     12     20     18   5027.631     14.000     -1.950
    11     13     21     19   4170.625     15.000     -1.950
    12     14     22     20   3948.400     16.000     -1.950
    13     15     23     21   4235.437     17.000     -1.950
    14     16     24     22   3666.486     18.000     -1.950
    15     17     25     23   3115.804     19.000     -1.950
    16     18     26     24   2821.834     20.000     -1.950
    17     19     27     25   3033.801     21.000     -1.950
    18     20     28     26   2683.327     22.000     -1.950
    19     21     29     27   2105.087     23.000     -1.950
    20     22     30     28   2085.884     24.000     -1.950
    21     23     31     29   2291.747     25.000     -1.950
    22     24     32     30   2053.907     26.000     -1.950
    23     25     33     31   1825.606     27.000     -1.950
    24     26     34     32   2039.928     28.000     -1.950
    25     27     35     33   2069.752     29.000     -1.950
    26     28     36     34   2047.521     30.000     -1.950
    27     29     37     35   1905.603     31.000     -1.950
    28     30     38     36   1612.519     32.000     -1.950
    29     31     39     37   1547.612     33.000     -1.950
    30     32     40     38   1272.676     34.000     -1.950
    31     33     41     39   1255.678     35.000     -1.950
    32     34     42     40   1117.994     36.000     -1.950
    33     35     43     41   1052.286     37.000     -1.950
    34     36     44     42   1087.945     38.000     -1.950
    35     37     45     43    978.647     39.000     -1.950
    36     38     46     44    931.996     40.000     -1.950
    37     39     47     45    958.966     41.000     -1.950
    38     40     48     46   1493.076     42.000     -1.950
     1      3     13     11   1306.869      6.000     -2.340
     2      4     14     12   1435.448      7.000     -2.340
     3      5     15     13   1892.868      8.000     -2.340
     4      6     16     14   1875.784      9.000     -2.340
     5      7     17     15   1852.215     10.000     -2.340
     6      8     18     16   2045.935     11.000     -2.340
     7      9     19     17   2836.403     12.000     -2.340
     8     10     20     18   3642.277     13.000     -2.340
     9     11     21     19   3468.959     14.000     -2.340
    10     12     22     20   3241.853     15.000     -2.340
    11     13     23     21   3037.508     16.000     -2.340
    12     14     24     22   2907.944     17.000     -2.340
    13     15     25     23   2613.340     18.000     -2.340
    14     16     26     24   2387.802     19.000     -2.340
    15     17     27     25   2715.294     20.000     -2.340
    16     18     28     26   2324.754     21.000     -2.340
    17     19     29     27   2009.732     22.000     -2.340
    18     20     30     28   1897.170     23.000     -2.340
    19     21     31     29   1672.597     24.000     -2.340
    20     22     32     30   1478.592     25.000     -2.340
    21     23     33     31   1407.863     26.000     -2.340
    22     24     34     32   1284.710     27.000     -2.340
    23     25     35     33   1087.531     28.000     -2.340
    24     26     36     34   1166.064     29.000     -2.340
    25     27     37     35   1243.950     30.000     -2.340
    26     28     38     36    972.358     31.000     -2.340
    27     29     39     37    894.306     32.000     -2.340
    28     30     40     38   1043.210     33.000     -2.340
    29     31     41     39   1047.334     34.000     -2.340
    30     32     42     40    915.990     35.000     -2.340
    31     33     43     41    999.812     36.000     -2.340
    32     34     44     42    869.213     37.000     -2.340
    33     35     45     43    737.481     38.000     -2.340
    34     36     46     44    813.096     39.000     -2.340
    35     37     47     45    739.334     40.000     -2.340
    36     38     48     46    902.582     41.000     -2.340
     1      3     15     13    902.575      7.000     -2.730
     2      4     16     14   1022.950      8.000     -2.730
     3      5     17     15   1485.754      9.000     -2.730
     4      6     18     16   1622.382     10.000     -2.730
     5      7     19     17   1436.107     11.000     -2.730
     6      8     20     18   1450.445     12.000     -2.730
     7      9     21     19   1895.929     13.000     -2.730
     8     10     22     20   2243.691     14.000     -2.730
     9     11     23     21   2285.307     15.000     -2.730
    10     12     24     22   2395.008     16.000     -2.730
    11     13     25     23   1749.576     17.000     -2.730
    12     14     26     24   1781.903     18.000     -2.730
    13     15     27     25   2174.564     19.000     -2.730
    14     16     28     26   1922.796     20.000     -2.730
    15     17     29     27   1762.599     21.000     -2.730
    16     18     30     28   1596.953     22.000     -2.730
    17     19     31     29   1517.231     23.000     -2.730
    18     20     32     30   1291.681     24.000     -2.730
    19     21     33     31    959.109     25.000     -2.730
    20     22     34     32    842.956     26.000     -2.730
    21     23     35     33    787.372     27.000     -2.730
    22     24     36     34    706.892     28.000     -2.730
    23     25     37     35    607.966     29.000     -2.730
    24     26     38     36    552.976     30.000     -2.730
    25     27     39     37    634.744     31.000     -2.730
    26     28     40     38    616.364     32.000     -2.730
    27     29     41     39    676.571     33.000     -2.730
    28     30     42     40    745.262     34.000     -2.730
    29     31     43     41    868.329     35.000     -2.730
    30     32     44     42    742.835     36.000     -2.730
    31     33     45     43    711.455     37.000     -2.730
    32     34     46     44    653.884     38.000     -2.730
    33     35     47     45    535.097     39.000     -2.730
    34     36     48     46    770.554     40.000     -2.730
     1      4     16     13   1077.782      7.500     -2.925
     2      5     17     14   1368.490      8.500     -2.925
     3      6     18     15   1508.774      9.500     -2.925
     4      7     19     16   1585.365     10.500     -2.925
     5      8     20     17   1522.438     11.500     -2.925
     6      9     21     18   1940.293     12.500     -2.925
     7     10     22     19   2256.015     13.500     -2.925
     8     11     23     20   2337.993     14.500     -2.925
     9     12     24     21   2448.857     15.500     -2.925
    10     13     25     22   2038.772     16.500     -2.925
    11     14     26     23   2013.772     17.500     -2.925
    12     15     27     24   1899.617     18.500     -2.925
    13     16     28     25   2141.000     19.500     -2.925
    14     17     29     26   1950.047     20.500     -2.925
    15     18     30     27   1723.513     21.500     -2.925
    16     19     31     28   1593.508     22.500     -2.925
    17     20     32     29   1463.714     23.500     -2.925
    18     21     33     30   1149.742     24.500     -2.925
    19     22     34     31    990.009     25.500     -2.925
    20     23     35     32    883.184     26.500     -2.925
    21     24     36     33    812.593     27.500     -2.925
    22     25     37     34    673.326     28.500     -2.925
    23     26     38     35    717.139     29.500     -2.925
    24     27     39     36    618.959     30.500     -2.925
    25     28     40     37    658.882     31.500     -2.925
    26     29     41     38    612.196     32.500     -2.925
    27     30     42     39    767.874     33.500     -2.925
    28     31     43     40    748.427     34.500     -2.925
    29     32     44     41    883.804     35.500     -2.925
    30     33     45     42    710.329     36.500     -2.925
    31     34     46     43    680.608     37.500     -2.925
    32     35     47     44    558.350     38.500     -2.925
    33     36     48     45    735.138     39.500     -2.925
     1      4     19     16    774.943      9.000     -3.510
     2      5     20     17    901.187     10.000     -3.510
     3      6     21     18    879.841     11.000     -3.510
     4      7     22     19    811.379     12.000     -3.510
     5      8     23     20    720.738     13.000     -3.510
     6      9     24     21    954.712     14.000     -3.510
     7     10     25     22    998.028     15.000     -3.510
     8     11     26     23   1238.982     16.000     -3.510
     9     12     27     24   1215.967     17.000     -3.510
    10     13     28     25   1236.404     18.000     -3.510
    11     14     29     26   1179.380     19.000     -3.510
    12     15     30     27   1141.424     20.000     -3.510
    13     16     31     28   1156.579     21.000     -3.510
    14     17     32     29   1146.197     22.000     -3.510
    15     18     33     30    902.517     23.000     -3.510
    16     19     34     31    739.996     24.000     -3.510
    17     20     35     32    591.074     25.000     -3.510
    18     21     36     33    479.203     26.000     -3.510
    19     22     37     34    382.439     27.000     -3.510
    20     23     38     35    343.696     28.000     -3.510
    21     24     39     36    262.307     29.000     -3.510
    22     25     40     37    248.500     30.000     -3.510
    23     26     41     38    264.229     31.000     -3.510
    24     27     42     39    334.078     32.000     -3.510
    25     28     43     40    403.803     33.000     -3.510
    26     29     44     41    430.686     34.000     -3.510
    27     30     45     42    392.211     35.000     -3.510
    28     31     46     43    615.239     36.000     -3.510
    29     32     47     44    658.478     37.000     -3.510
    30     33     48     45    642.491     38.000     -3.510
     1      4     22     19    389.230     10.500     -4.095
     2      5     23     20    414.936     11.500     -4.095
     3      6     24     21    566.713     12.500     -4.095
     4      7     25     22    360.796     13.500     -4.095
     5      8     26     23    342.786     14.500     -4.095
     6      9     27     24    528.906     15.500     -4.095
     7     10     28     25    842.198     16.500     -4.095
     8     11     29     26    744.615     17.500     -4.095
     9     12     30     27    695.076     18.500     -4.095
    10     13     31     28    659.232     19.500     -4.095
    11     14     32     29    759.954     20.500     -4.095
    12     15     33     30    609.357     21.500     -4.095
    13     16     34     31    503.449     22.500     -4.095
    14     17     35     32    369.517     23.500     -4.095
    15     18     36     33    373.079     24.500     -4.095
    16     19     37     34    292.882     25.500     -4.095
    17     20     38     35    242.872     26.500     -4.095
    18     21     39     36    162.453     27.500     -4.095
    19     22     40     37    164.788     28.500     -4.095
    20     23     41     38    154.694     29.500     -4.095
    21     24     42     39    187.608     30.500     -4.095
    22     25     43     40    169.257     31.500     -4.095
    23     26     44     41    140.028     32.500     -4.095
    24     27     45     42    480.847     33.500     -4.095
    25     28     46     43    214.051     34.500     -4.095
    26     29     47     44    335.593     35.500     -4.095
    27     30     48     45    604.428     36.500     -4.095
     1      5     25     21    284.212     12.000     -4.680
     2      6     26     22    297.932     13.000     -4.680
     3      7     27     23    246.570     14.000     -4.680
     4      8     28     24    260.694     15.000     -4.680
     5      9     29     25    442.467     16.000     -4.680
     6     10     30     26    452.721     17.000     -4.680
     7     11     31     27    481.795     18.000     -4.680
     8     12     32     28    529.190     19.000     -4.680
     9     13     33     29    458.949     20.000     -4.680
    10     14     34     30    450.339     21.000     -4.680
    11     15     35     31    354.432     22.000     -4.680
    12     16     36     32    258.103     23.000     -4.680
    13     17     37     33    290.796     24.000     -4.680
    14     18     38     34    230.146     25.000     -4.680
    15     19     39     35    196.985     26.000     -4.680
    16     20     40     36    163.599     27.000     -4.680
    17     21     41     37    139.110     28.000     -4.680
    18     22     42     38    138.558     29.000     -4.680
    19     23     43     39    145.374     30.000     -4.680
    20     24     44     40    115.902     31.000     -4.680
    21     25     45     41     76.001     32.000     -4.680
    22     26     46     42     67.195     33.000     -4.680
    23     27     47     43    102.496     34.000     -4.680
    24     28     48     44    241.862     35.000     -4.680
     1      5     29     25    241.093     14.000     -5.460
     2      6     30     26    167.694     15.000     -5.460
     3      7     31     27    171.716     16.000     -5.460
     4      8     32     28    187.898     17.000     -5.460
     5      9     33     29    190.241     18.000     -5.460
     6     10     34     30    219.533     19.000     -5.460
     7     11     35     31    216.472     20.000     -5.460
     8     12     36     32    166.068     21.000     -5.460
     9     13     37     33    169.341     22.000     -5.460
    10     14     38     34    146.355     23.000     -5.460
    11     15     39     35    134.718     24.000     -5.460
    12     16     40     36    138.571     25.000     -5.460
    13     17     41     37    124.030     26.000     -5.460
    14     18     42     38    126.854     27.000     -5.460
    15     19     43     39    134.269     28.000     -5.460
    16     20     44     40    113.078     29.000     -5.460
    17     21     45     41    113.485     30.000     -5.460
    18     22     46     42     91.075     31.000     -5.460
    19     23     47     43     77.701     32.000     -5.460
    20     24     48     44    124.452     33.000     -5.460
     1      6     31     26    166.076     15.000     -5.850
     2      7     32     27    164.338     16.000     -5.850
     3      8     33     28    145.511     17.000     -5.850
     4      9     34     29    173.600     18.000     -5.850
     5     10     35     30    183.085     19.000     -5.850
     6     11     36     31    181.521     20.000     -5.850
     7     12     37     32    156.300     21.000     -5.850
     8     13     38     33    150.476     22.000     -5.850
     9     14     39     34    134.058     23.000     -5.850
    10     15     40     35    139.543     24.000     -5.850
    11     16     41     36    114.454     25.000     -5.850
    12     17     42     37    122.202     26.000     -5.850
    13     18     43     38    123.596     27.000     -5.850
    14     19     44     39    130.043     28.000     -5.850
    15     20     45     40    111.495     29.000     -5.850
    16     21     46     41    112.796     30.000     -5.850
    17     22     47     42     95.594     31.000     -5.850
    18     23     48     43    115.159     32.000     -5.850
     1      6     36     31     84.512     17.500     -6.825
     2      7     37     32     47.171     18.500     -6.825
     3      8     38     33     68.698     19.500     -6.825
     4      9     39     34     65.716     20.500     -6.825
     5     10     40     35     79.366     21.500     -6.825
     6     11     41     36     78.608     22.500     -6.825
     7     12     42     37     92.660     23.500     -6.825
     8     13     43     38     99.488     24.500     -6.825
     9     14     44     39    115.157     25.500     -6.825
    10     15     45     40     92.825     26.500     -6.825
    11     16     46     41    105.822     27.500     -6.825
    12     17     47     42    110.968     28.500     -6.825
    13     18     48     43    175.919     29.500     -6.825
     1      7     37     31     77.431     18.000     -7.020
     2      8     38     32     54.834     19.000     -7.020
     3      9     39     33     77.246     20.000     -7.020
     4     10     40     34     80.209     21.000     -7.020
     5     11     41     35     81.317     22.000     -7.020
     6     12     42     36     86.972     23.000     -7.020
     7     13     43     37     92.084     24.000     -7.020
     8     14     44     38    103.575     25.000     -7.020
     9     15     45     39    109.456     26.000     -7.020
    10     16     46     40     95.092     27.000     -7.020
    11     17     47     41    119.386     28.000     -7.020
    12     18     48     42    160.191     29.000     -7.020
     1      7     43     37     62.685     21.000     -8.190
     2      8     44     38     65.361     22.000     -8.190
     3      9     45     39     72.241     23.000     -8.190
     4     10     46     40     66.240     24.000     -8.190
     5     11     47     41     87.481     25.000     -8.190
     6     12     48     42    122.235     26.000     -8.190
     1     10     46     37     69.314     22.500     -8.775
     2     11     47     38     77.511     23.500     -8.775
     3     12     48     39    104.214     24.500     -8.775
