48# Number of electrodes
# x z
0.000     0.000
1.000     0.000
2.000     0.000
3.000     0.000
4.000     0.000
5.000     0.000
6.000     0.000
7.000     0.000
8.000     0.000
9.000     0.000
10.000     0.000
11.000     0.000
12.000     0.000
13.000     0.000
14.000     0.000
15.000     0.000
16.000     0.000
17.000     0.000
18.000     0.000
19.000     0.000
20.000     0.000
21.000     0.000
22.000     0.000
23.000     0.000
24.000     0.000
25.000     0.000
26.000     0.000
27.000     0.000
28.000     0.000
29.000     0.000
30.000     0.000
31.000     0.000
32.000     0.000
33.000     0.000
34.000     0.000
35.000     0.000
36.000     0.000
37.000     0.000
38.000     0.000
39.000     0.000
40.000     0.000
41.000     0.000
42.000     0.000
43.000     0.000
44.000     0.000
45.000     0.000
46.000     0.000
47.000     0.000
909# Number of data
# a   b   m   n      rhoa      x      z
     1      4      2      3          -      1.500     -0.330
     2      5      3      4          -      2.500     -0.330
     3      6      4      5          -      3.500     -0.330
     4      7      5      6          -      4.500     -0.330
     5      8      6      7          -      5.500     -0.330
     6      9      7      8          -      6.500     -0.330
     7     10      8      9          -      7.500     -0.330
     8     11      9     10          -      8.500     -0.330
     9     12     10     11          -      9.500     -0.330
    10     13     11     12          -     10.500     -0.330
    11     14     12     13          -     11.500     -0.330
    12     15     13     14          -     12.500     -0.330
    13     16     14     15          -     13.500     -0.330
    14     17     15     16          -     14.500     -0.330
    15     18     16     17          -     15.500     -0.330
    16     19     17     18          -     16.500     -0.330
    17     20     18     19          -     17.500     -0.330
    18     21     19     20          -     18.500     -0.330
    19     22     20     21          -     19.500     -0.330
    20     23     21     22          -     20.500     -0.330
    21     24     22     23 992375.375     21.500     -0.330
    22     25     23     24 -146456.016     22.500     -0.330
    23     26     24     25  80981.461     23.500     -0.330
    24     27     25     26 -17635.494     24.500     -0.330
    25     28     26     27 -98130.844     25.500     -0.330
    26     29     27     28  -6003.489     26.500     -0.330
    27     30     28     29 263271.938     27.500     -0.330
    28     31     29     30 927881.875     28.500     -0.330
    29     32     30     31 -536122.625     29.500     -0.330
    30     33     31     32 -617987.813     30.500     -0.330
    31     34     32     33 881786.250     31.500     -0.330
    32     35     33     34   1199.385     32.500     -0.330
    33     36     34     35 536905.625     33.500     -0.330
    34     37     35     36 675155.875     34.500     -0.330
    35     38     36     37 628563.688     35.500     -0.330
    36     39     37     38  74148.117     36.500     -0.330
    37     40     38     39 614455.750     37.500     -0.330
    38     41     39     40 -205518.328     38.500     -0.330
    39     42     40     41   -522.723     39.500     -0.330
    40     43     41     42  81510.508     40.500     -0.330
    41     44     42     43 582872.750     41.500     -0.330
    42     45     43     44 644707.688     42.500     -0.330
    43     46     44     45 -81224.055     43.500     -0.330
    44     47     45     46 749978.813     44.500     -0.330
    45     48     46     47 -92473.469     45.500     -0.330
     1      7      3      5          -      3.000     -0.660
     2      8      4      6          -      4.000     -0.660
     3      9      5      7          -      5.000     -0.660
     4     10      6      8          -      6.000     -0.660
     5     11      7      9 2565024.000      7.000     -0.660
     6     12      8     10          -      8.000     -0.660
     7     13      9     11          -      9.000     -0.660
     8     14     10     12          -     10.000     -0.660
     9     15     11     13          -     11.000     -0.660
    10     16     12     14          -     12.000     -0.660
    11     17     13     15 2385935.500     13.000     -0.660
    12     18     14     16          -     14.000     -0.660
    13     19     15     17          -     15.000     -0.660
    14     20     16     18          -     16.000     -0.660
    15     21     17     19          -     17.000     -0.660
    16     22     18     20          -     18.000     -0.660
    17     23     19     21          -     19.000     -0.660
    18     24     20     22          -     20.000     -0.660
    19     25     21     23          -     21.000     -0.660
    20     26     22     24 2096178.880     22.000     -0.660
    21     27     23     25 176939.641     23.000     -0.660
    22     28     24     26 757399.063     24.000     -0.660
    23     29     25     27 -16771.807     25.000     -0.660
    24     30     26     28 -462885.813     26.000     -0.660
    25     31     27     29 560791.875     27.000     -0.660
    26     32     28     30          -     28.000     -0.660
    27     33     29     31 840857.313     29.000     -0.660
    28     34     30     32 217908.047     30.000     -0.660
    29     35     31     33 -183582.359     31.000     -0.660
    30     36     32     34 1862122.000     32.000     -0.660
    31     37     33     35 -185239.359     33.000     -0.660
    32     38     34     36 197824.578     34.000     -0.660
    33     39     35     37 -35585.840     35.000     -0.660
    34     40     36     38  95923.516     36.000     -0.660
    35     41     37     39 439962.094     37.000     -0.660
    36     42     38     40 1340763.750     38.000     -0.660
    37     43     39     41  71169.977     39.000     -0.660
    38     44     40     42 -175452.047     40.000     -0.660
    39     45     41     43 864917.875     41.000     -0.660
    40     46     42     44 2349845.500     42.000     -0.660
    41     47     43     45          -     43.000     -0.660
    42     48     44     46 189546.859     44.000     -0.660
     1     10      4      7 2507128.750      4.500     -0.990
     2     11      5      8          -      5.500     -0.990
     3     12      6      9 -4187248.000      6.500     -0.990
     4     13      7     10          -      7.500     -0.990
     5     14      8     11          -      8.500     -0.990
     6     15      9     12          -      9.500     -0.990
     7     16     10     13          -     10.500     -0.990
     8     17     11     14          -     11.500     -0.990
     9     18     12     15 550805.500     12.500     -0.990
    10     19     13     16          -     13.500     -0.990
    11     20     14     17 753861.438     14.500     -0.990
    12     21     15     18          -     15.500     -0.990
    13     22     16     19 3358660.000     16.500     -0.990
    14     23     17     20          -     17.500     -0.990
    15     24     18     21 4390344.000     18.500     -0.990
    16     25     19     22          -     19.500     -0.990
    17     26     20     23          -     20.500     -0.990
    18     27     21     24          -     21.500     -0.990
    19     28     22     25 2209629.250     22.500     -0.990
    20     29     23     26 218341.750     23.500     -0.990
    21     30     24     27 2390834.000     24.500     -0.990
    22     31     25     28 629509.313     25.500     -0.990
    23     32     26     29 318403.313     26.500     -0.990
    24     33     27     30 2080788.750     27.500     -0.990
    25     34     28     31          -     28.500     -0.990
    26     35     29     32 522237.469     29.500     -0.990
    27     36     30     33          -     30.500     -0.990
    28     37     31     34   4739.400     31.500     -0.990
    29     38     32     35 163687.391     32.500     -0.990
    30     39     33     36          -     33.500     -0.990
    31     40     34     37 1929124.250     34.500     -0.990
    32     41     35     38 353210.500     35.500     -0.990
    33     42     36     39 1104836.380     36.500     -0.990
    34     43     37     40 -208576.656     37.500     -0.990
    35     44     38     41 -1307221.250     38.500     -0.990
    36     45     39     42 344253.375     39.500     -0.990
    37     46     40     43 605582.688     40.500     -0.990
    38     47     41     44          -     41.500     -0.990
    39     48     42     45 1640900.000     42.500     -0.990
     1     13      5      9          -      6.000     -1.320
     2     14      6     10 1892139.630      7.000     -1.320
     3     15      7     11          -      8.000     -1.320
     4     16      8     12          -      9.000     -1.320
     5     17      9     13          -     10.000     -1.320
     6     18     10     14 -142817.797     11.000     -1.320
     7     19     11     15          -     12.000     -1.320
     8     20     12     16          -     13.000     -1.320
     9     21     13     17          -     14.000     -1.320
    10     22     14     18 670416.813     15.000     -1.320
    11     23     15     19          -     16.000     -1.320
    12     24     16     20          -     17.000     -1.320
    13     25     17     21          -     18.000     -1.320
    14     26     18     22          -     19.000     -1.320
    15     27     19     23          -     20.000     -1.320
    16     28     20     24          -     21.000     -1.320
    17     29     21     25          -     22.000     -1.320
    18     30     22     26 4189103.000     23.000     -1.320
    19     31     23     27 685598.000     24.000     -1.320
    20     32     24     28 2290042.500     25.000     -1.320
    21     33     25     29 -988756.125     26.000     -1.320
    22     34     26     30 1349027.750     27.000     -1.320
    23     35     27     31 2435735.750     28.000     -1.320
    24     36     28     32 2464630.250     29.000     -1.320
    25     37     29     33 355915.813     30.000     -1.320
    26     38     30     34  76557.852     31.000     -1.320
    27     39     31     35 136022.172     32.000     -1.320
    28     40     32     36 150210.313     33.000     -1.320
    29     41     33     37 -435383.188     34.000     -1.320
    30     42     34     38 -1067502.880     35.000     -1.320
    31     43     35     39 1564759.130     36.000     -1.320
    32     44     36     40 1736084.000     37.000     -1.320
    33     45     37     41 -1371564.750     38.000     -1.320
    34     46     38     42 -1131620.000     39.000     -1.320
    35     47     39     43 2238756.750     40.000     -1.320
    36     48     40     44 400083.344     41.000     -1.320
     1     16      6     11 -6535325.000      7.500     -1.650
     2     17      7     12 5247327.500      8.500     -1.650
     3     18      8     13          -      9.500     -1.650
     4     19      9     14          -     10.500     -1.650
     5     20     10     15          -     11.500     -1.650
     6     21     11     16          -     12.500     -1.650
     7     22     12     17          -     13.500     -1.650
     8     23     13     18  77926.570     14.500     -1.650
     9     24     14     19          -     15.500     -1.650
    10     25     15     20 -733010.125     16.500     -1.650
    11     26     16     21 5444760.000     17.500     -1.650
    12     27     17     22          -     18.500     -1.650
    13     28     18     23          -     19.500     -1.650
    14     29     19     24          -     20.500     -1.650
    15     30     20     25          -     21.500     -1.650
    16     31     21     26          -     22.500     -1.650
    17     32     22     27 2673878.500     23.500     -1.650
    18     33     23     28 120884.078     24.500     -1.650
    19     34     24     29 2259373.500     25.500     -1.650
    20     35     25     30 -4247724.500     26.500     -1.650
    21     36     26     31 -3158512.000     27.500     -1.650
    22     37     27     32 1776510.250     28.500     -1.650
    23     38     28     33 -211694.719     29.500     -1.650
    24     39     29     34 -204769.609     30.500     -1.650
    25     40     30     35 227161.953     31.500     -1.650
    26     41     31     36 666256.625     32.500     -1.650
    27     42     32     37 448462.656     33.500     -1.650
    28     43     33     38 1428940.130     34.500     -1.650
    29     44     34     39 -191627.047     35.500     -1.650
    30     45     35     40 1758962.250     36.500     -1.650
    31     46     36     41 465926.094     37.500     -1.650
    32     47     37     42 -1323571.380     38.500     -1.650
    33     48     38     43 136182.609     39.500     -1.650
     1     19      7     13          -      9.000     -1.980
     2     20      8     14          -     10.000     -1.980
     3     21      9     15          -     11.000     -1.980
     4     22     10     16 4434434.000     12.000     -1.980
     5     23     11     17          -     13.000     -1.980
     6     24     12     18          -     14.000     -1.980
     7     25     13     19 6635735.000     15.000     -1.980
     8     26     14     20 4879304.000     16.000     -1.980
     9     27     15     21          -     17.000     -1.980
    10     28     16     22          -     18.000     -1.980
    11     29     17     23          -     19.000     -1.980
    12     30     18     24          -     20.000     -1.980
    13     31     19     25          -     21.000     -1.980
    14     32     20     26          -     22.000     -1.980
    15     33     21     27          -     23.000     -1.980
    16     34     22     28 3728274.500     24.000     -1.980
    17     35     23     29 526694.250     25.000     -1.980
    18     36     24     30 4675973.000     26.000     -1.980
    19     37     25     31 -911489.500     27.000     -1.980
    20     38     26     32 -4150392.750     28.000     -1.980
    21     39     27     33 -1883494.000     29.000     -1.980
    22     40     28     34 -262274.094     30.000     -1.980
    23     41     29     35 -19401.773     31.000     -1.980
    24     42     30     36 -180863.297     32.000     -1.980
    25     43     31     37 2015378.630     33.000     -1.980
    26     44     32     38 2370648.750     34.000     -1.980
    27     45     33     39 -102108.641     35.000     -1.980
    28     46     34     40 2277337.250     36.000     -1.980
    29     47     35     41 -751185.313     37.000     -1.980
    30     48     36     42          -     38.000     -1.980
     1     22      8     15 1803849.380     10.500     -2.310
     2     23      9     16 4920056.000     11.500     -2.310
     3     24     10     17          -     12.500     -2.310
     4     25     11     18 -446871.969     13.500     -2.310
     5     26     12     19          -     14.500     -2.310
     6     27     13     20          -     15.500     -2.310
     7     28     14     21          -     16.500     -2.310
     8     29     15     22          -     17.500     -2.310
     9     30     16     23          -     18.500     -2.310
    10     31     17     24          -     19.500     -2.310
    11     32     18     25          -     20.500     -2.310
    12     33     19     26          -     21.500     -2.310
    13     34     20     27          -     22.500     -2.310
    14     35     21     28          -     23.500     -2.310
    15     36     22     29 1017164.060     24.500     -2.310
    16     37     23     30 1190410.630     25.500     -2.310
    17     38     24     31 4058245.750     26.500     -2.310
    18     39     25     32 -5124826.500     27.500     -2.310
    19     40     26     33 -783015.500     28.500     -2.310
    20     41     27     34 -2332889.500     29.500     -2.310
    21     42     28     35 -2856704.250     30.500     -2.310
    22     43     29     36 2910881.750     31.500     -2.310
    23     44     30     37 1144559.250     32.500     -2.310
    24     45     31     38 2836817.250     33.500     -2.310
    25     46     32     39 -753161.188     34.500     -2.310
    26     47     33     40 1988252.130     35.500     -2.310
    27     48     34     41 -211835.859     36.500     -2.310
     1     25      9     17 123484.000     12.000     -2.640
     2     26     10     18 1716156.500     13.000     -2.640
     3     27     11     19          -     14.000     -2.640
     4     28     12     20 7691331.500     15.000     -2.640
     5     29     13     21          -     16.000     -2.640
     6     30     14     22          -     17.000     -2.640
     7     31     15     23          -     18.000     -2.640
     8     32     16     24          -     19.000     -2.640
     9     33     17     25          -     20.000     -2.640
    10     34     18     26          -     21.000     -2.640
    11     35     19     27          -     22.000     -2.640
    12     36     20     28          -     23.000     -2.640
    13     37     21     29          -     24.000     -2.640
    14     38     22     30 5785966.000     25.000     -2.640
    15     39     23     31 -1879276.000     26.000     -2.640
    16     40     24     32 863331.313     27.000     -2.640
    17     41     25     33 -162411.797     28.000     -2.640
    18     42     26     34 -2435901.500     29.000     -2.640
    19     43     27     35 -1981871.380     30.000     -2.640
    20     44     28     36          -     31.000     -2.640
    21     45     29     37 -7085537.500     32.000     -2.640
    22     46     30     38 2578627.750     33.000     -2.640
    23     47     31     39 -7217723.500     34.000     -2.640
    24     48     32     40 263166.438     35.000     -2.640
     1     28     10     19 694860.563     13.500     -2.970
     2     29     11     20 933033.125     14.500     -2.970
     3     30     12     21 11558874.000     15.500     -2.970
     4     31     13     22          -     16.500     -2.970
     5     32     14     23          -     17.500     -2.970
     6     33     15     24          -     18.500     -2.970
     7     34     16     25          -     19.500     -2.970
     8     35     17     26          -     20.500     -2.970
     9     36     18     27          -     21.500     -2.970
    10     37     19     28          -     22.500     -2.970
    11     38     20     29          -     23.500     -2.970
    12     39     21     30          -     24.500     -2.970
    13     40     22     31 3039279.750     25.500     -2.970
    14     41     23     32 -4102382.750     26.500     -2.970
    15     42     24     33 1916361.250     27.500     -2.970
    16     43     25     34 -1921840.250     28.500     -2.970
    17     44     26     35 -901869.250     29.500     -2.970
    18     45     27     36          -     30.500     -2.970
    19     46     28     37 -1752779.630     31.500     -2.970
    20     47     29     38 -2363885.750     32.500     -2.970
    21     48     30     39          -     33.500     -2.970
     1     31     11     21          -     15.000     -3.300
     2     32     12     22 9984757.000     16.000     -3.300
     3     33     13     23          -     17.000     -3.300
     4     34     14     24          -     18.000     -3.300
     5     35     15     25          -     19.000     -3.300
     6     36     16     26          -     20.000     -3.300
     7     37     17     27          -     21.000     -3.300
     8     38     18     28          -     22.000     -3.300
     9     39     19     29          -     23.000     -3.300
    10     40     20     30          -     24.000     -3.300
    11     41     21     31          -     25.000     -3.300
    12     42     22     32 1454877.130     26.000     -3.300
    13     43     23     33 -960989.250     27.000     -3.300
    14     44     24     34 1025275.060     28.000     -3.300
    15     45     25     35 -2528051.250     29.000     -3.300
    16     46     26     36 -1648961.000     30.000     -3.300
    17     47     27     37 -82565.445     31.000     -3.300
    18     48     28     38 -8172018.500     32.000     -3.300
     1     34     12     23 676307.813     16.500     -3.630
     2     35     13     24 6981022.500     17.500     -3.630
     3     36     14     25          -     18.500     -3.630
     4     37     15     26          -     19.500     -3.630
     5     38     16     27          -     20.500     -3.630
     6     39     17     28          -     21.500     -3.630
     7     40     18     29          -     22.500     -3.630
     8     41     19     30          -     23.500     -3.630
     9     42     20     31          -     24.500     -3.630
    10     43     21     32          -     25.500     -3.630
    11     44     22     33 2888399.500     26.500     -3.630
    12     45     23     34 -2242791.750     27.500     -3.630
    13     46     24     35 2525162.000     28.500     -3.630
    14     47     25     36 -536255.250     29.500     -3.630
    15     48     26     37 -3583876.500     30.500     -3.630
     1     37     13     25 199180.234     18.000     -3.960
     2     38     14     26 11635341.000     19.000     -3.960
     3     39     15     27          -     20.000     -3.960
     4     40     16     28          -     21.000     -3.960
     5     41     17     29 7666615.000     22.000     -3.960
     6     42     18     30          -     23.000     -3.960
     7     43     19     31          -     24.000     -3.960
     8     44     20     32          -     25.000     -3.960
     9     45     21     33          -     26.000     -3.960
    10     46     22     34 2239113.250     27.000     -3.960
    11     47     23     35 -2004315.380     28.000     -3.960
    12     48     24     36 142302.078     29.000     -3.960
     1     40     14     27 636233.563     19.500     -4.290
     2     41     15     28 11732071.000     20.500     -4.290
     3     42     16     29          -     21.500     -4.290
     4     43     17     30          -     22.500     -4.290
     5     44     18     31          -     23.500     -4.290
     6     45     19     32          -     24.500     -4.290
     7     46     20     33          -     25.500     -4.290
     8     47     21     34          -     26.500     -4.290
     9     48     22     35 656348.438     27.500     -4.290
     1     43     15     29 1012546.310     21.000     -4.620
     2     44     16     30 15276137.000     22.000     -4.620
     3     45     17     31          -     23.000     -4.620
     4     46     18     32          -     24.000     -4.620
     5     47     19     33 8444328.000     25.000     -4.620
     6     48     20     34          -     26.000     -4.620
     1     46     16     31 5165415.000     22.500     -4.950
     2     47     17     32 13707076.000     23.500     -4.950
     3     48     18     33          -     24.500     -4.950
     1      2      4      3 573227.375      1.500     -0.585
     2      3      5      4          -      2.500     -0.585
     3      4      6      5 -3102290.500      3.500     -0.585
     4      5      7      6 -1687110.750      4.500     -0.585
     5      6      8      7 -2360841.750      5.500     -0.585
     6      7      9      8 -3480385.750      6.500     -0.585
     7      8     10      9          -      7.500     -0.585
     8      9     11     10 -2291160.750      8.500     -0.585
     9     10     12     11 941062.875      9.500     -0.585
    10     11     13     12          -     10.500     -0.585
    11     12     14     13          -     11.500     -0.585
    12     13     15     14 -2891792.750     12.500     -0.585
    13     14     16     15          -     13.500     -0.585
    14     15     17     16 -2723977.500     14.500     -0.585
    15     16     18     17          -     15.500     -0.585
    16     17     19     18          -     16.500     -0.585
    17     18     20     19          -     17.500     -0.585
    18     19     21     20          -     18.500     -0.585
    19     20     22     21          -     19.500     -0.585
    20     21     23     22 -1411863.250     20.500     -0.585
    21     22     24     23 2184963.750     21.500     -0.585
    22     23     25     24 -654706.875     22.500     -0.585
    23     24     26     25  25930.639     23.500     -0.585
    24     25     27     26 161707.891     24.500     -0.585
    25     26     28     27 -171573.594     25.500     -0.585
    26     27     29     28 -153113.328     26.500     -0.585
    27     28     30     29 -651260.625     27.500     -0.585
    28     29     31     30 705187.500     28.500     -0.585
    29     30     32     31 -1734316.880     29.500     -0.585
    30     31     33     32 -1800227.130     30.500     -0.585
    31     32     34     33 1756140.130     31.500     -0.585
    32     33     35     34 446988.188     32.500     -0.585
    33     34     36     35 231549.438     33.500     -0.585
    34     35     37     36 1719254.880     34.500     -0.585
    35     36     38     37 289466.031     35.500     -0.585
    36     37     39     38 -259187.797     36.500     -0.585
    37     38     40     39 -87299.633     37.500     -0.585
    38     39     41     40 -860128.375     38.500     -0.585
    39     40     42     41 -25413.027     39.500     -0.585
    40     41     43     42 785030.188     40.500     -0.585
    41     42     44     43 -84912.820     41.500     -0.585
    42     43     45     44 932531.813     42.500     -0.585
    43     44     46     45 -549081.313     43.500     -0.585
    44     45     47     46 -231762.813     44.500     -0.585
    45     46     48     47 2868253.250     45.500     -0.585
     1      2      5      4 -2312172.000      2.000     -0.780
     2      3      6      5          -      3.000     -0.780
     3      4      7      6 -12971553.000      4.000     -0.780
     4      5      8      7          -      5.000     -0.780
     5      6      9      8 -4139348.000      6.000     -0.780
     6      7     10      9          -      7.000     -0.780
     7      8     11     10          -      8.000     -0.780
     8      9     12     11 -1859831.750      9.000     -0.780
     9     10     13     12          -     10.000     -0.780
    10     11     14     13          -     11.000     -0.780
    11     12     15     14          -     12.000     -0.780
    12     13     16     15          -     13.000     -0.780
    13     14     17     16 1004532.190     14.000     -0.780
    14     15     18     17          -     15.000     -0.780
    15     16     19     18          -     16.000     -0.780
    16     17     20     19          -     17.000     -0.780
    17     18     21     20          -     18.000     -0.780
    18     19     22     21          -     19.000     -0.780
    19     20     23     22          -     20.000     -0.780
    20     21     24     23 2682591.500     21.000     -0.780
    21     22     25     24 -12721146.000     22.000     -0.780
    22     23     26     25  71764.648     23.000     -0.780
    23     24     27     26   3958.407     24.000     -0.780
    24     25     28     27 -356470.125     25.000     -0.780
    25     26     29     28 967566.188     26.000     -0.780
    26     27     30     29 5919193.000     27.000     -0.780
    27     28     31     30 699005.125     28.000     -0.780
    28     29     32     31 -1708809.000     29.000     -0.780
    29     30     33     32          -     30.000     -0.780
    30     31     34     33 -7562514.000     31.000     -0.780
    31     32     35     34 -7232951.500     32.000     -0.780
    32     33     36     35 2230056.000     33.000     -0.780
    33     34     37     36 -89707.773     34.000     -0.780
    34     35     38     37 1511264.250     35.000     -0.780
    35     36     39     38 8259160.000     36.000     -0.780
    36     37     40     39 170265.813     37.000     -0.780
    37     38     41     40 418653.531     38.000     -0.780
    38     39     42     41 812268.500     39.000     -0.780
    39     40     43     42 -2670490.750     40.000     -0.780
    40     41     44     43 2533290.500     41.000     -0.780
    41     42     45     44 -631942.250     42.000     -0.780
    42     43     46     45 -5051882.500     43.000     -0.780
    43     44     47     46 -10854249.000     44.000     -0.780
    44     45     48     47 -1113228.630     45.000     -0.780
     1      2      6      5 9969946.000      2.500     -0.975
     2      3      7      6 -2093287.500      3.500     -0.975
     3      4      8      7          -      4.500     -0.975
     4      5      9      8          -      5.500     -0.975
     5      6     10      9 -420706.813      6.500     -0.975
     6      7     11     10          -      7.500     -0.975
     7      8     12     11 -26252700.000      8.500     -0.975
     8      9     13     12 11942272.000      9.500     -0.975
     9     10     14     13 27086544.000     10.500     -0.975
    10     11     15     14          -     11.500     -0.975
    11     12     16     15 -34954904.000     12.500     -0.975
    12     13     17     16          -     13.500     -0.975
    13     14     18     17 -9130753.000     14.500     -0.975
    14     15     19     18 -16254210.000     15.500     -0.975
    15     16     20     19          -     16.500     -0.975
    16     17     21     20          -     17.500     -0.975
    17     18     22     21          -     18.500     -0.975
    18     19     23     22 -18886462.000     19.500     -0.975
    19     20     24     23 -4155028.500     20.500     -0.975
    20     21     25     24 -5988100.000     21.500     -0.975
    21     22     26     25 819263.563     22.500     -0.975
    22     23     27     26 -111534.469     23.500     -0.975
    23     24     28     27  26068.549     24.500     -0.975
    24     25     29     28 -309839.813     25.500     -0.975
    25     26     30     29 -13614278.000     26.500     -0.975
    26     27     31     30 -6355291.000     27.500     -0.975
    27     28     32     31 5044263.000     28.500     -0.975
    28     29     33     32 5511579.000     29.500     -0.975
    29     30     34     33 6405324.500     30.500     -0.975
    30     31     35     34 15623292.000     31.500     -0.975
    31     32     36     35 -343762.969     32.500     -0.975
    32     33     37     36 -9548925.000     33.500     -0.975
    33     34     38     37 -7488679.500     34.500     -0.975
    34     35     39     38 -2574263.750     35.500     -0.975
    35     36     40     39 -2603942.500     36.500     -0.975
    36     37     41     40 -4681141.500     37.500     -0.975
    37     38     42     41 -131744.016     38.500     -0.975
    38     39     43     42 8006371.500     39.500     -0.975
    39     40     44     43 -5479486.000     40.500     -0.975
    40     41     45     44 -8624550.000     41.500     -0.975
    41     42     46     45 659994.125     42.500     -0.975
    42     43     47     46 5421991.000     43.500     -0.975
    43     44     48     47 38523808.000     44.500     -0.975
     1      2      7      6 8410103.000      3.000     -1.170
     2      3      8      7 41722224.000      4.000     -1.170
     3      4      9      8 -69619584.000      5.000     -1.170
     4      5     10      9          -      6.000     -1.170
     5      6     11     10 43830328.000      7.000     -1.170
     6      7     12     11          -      8.000     -1.170
     7      8     13     12 1677342.750      9.000     -1.170
     8      9     14     13          -     10.000     -1.170
     9     10     15     14 -36320144.000     11.000     -1.170
    10     11     16     15          -     12.000     -1.170
    11     12     17     16 69139784.000     13.000     -1.170
    12     13     18     17          -     14.000     -1.170
    13     14     19     18 -27499840.000     15.000     -1.170
    14     15     20     19          -     16.000     -1.170
    15     16     21     20          -     17.000     -1.170
    16     17     22     21 -41471652.000     18.000     -1.170
    17     18     23     22 60442620.000     19.000     -1.170
    18     19     24     23 32135532.000     20.000     -1.170
    19     20     25     24 13126769.000     21.000     -1.170
    20     21     26     25 1734098.880     22.000     -1.170
    21     22     27     26 -1797814.130     23.000     -1.170
    22     23     28     27  29828.672     24.000     -1.170
    23     24     29     28 -45050.445     25.000     -1.170
    24     25     30     29 -4327429.000     26.000     -1.170
    25     26     31     30 13946686.000     27.000     -1.170
    26     27     32     31 -4653695.500     28.000     -1.170
    27     28     33     32 6057859.000     29.000     -1.170
    28     29     34     33 -2405114.250     30.000     -1.170
    29     30     35     34 -3174496.000     31.000     -1.170
    30     31     36     35 56689892.000     32.000     -1.170
    31     32     37     36 -1475769.380     33.000     -1.170
    32     33     38     37 -3527289.250     34.000     -1.170
    33     34     39     38 13185771.000     35.000     -1.170
    34     35     40     39 -1569905.130     36.000     -1.170
    35     36     41     40 15947260.000     37.000     -1.170
    36     37     42     41 3434524.750     38.000     -1.170
    37     38     43     42 274576.219     39.000     -1.170
    38     39     44     43 15716926.000     40.000     -1.170
    39     40     45     44 17694562.000     41.000     -1.170
    40     41     46     45 20653166.000     42.000     -1.170
    41     42     47     46 -4960615.000     43.000     -1.170
    42     43     48     47 22331190.000     44.000     -1.170
     1      2      8      7 19913776.000      3.500     -1.365
     2      3      9      8          -      4.500     -1.365
     3      4     10      9 60169416.000      5.500     -1.365
     4      5     11     10 5650751.000      6.500     -1.365
     5      6     12     11          -      7.500     -1.365
     6      7     13     12 -81388160.000      8.500     -1.365
     7      8     14     13 30494510.000      9.500     -1.365
     8      9     15     14 28987432.000     10.500     -1.365
     9     10     16     15 5259726.000     11.500     -1.365
    10     11     17     16 -68165328.000     12.500     -1.365
    11     12     18     17          -     13.500     -1.365
    12     13     19     18          -     14.500     -1.365
    13     14     20     19          -     15.500     -1.365
    14     15     21     20          -     16.500     -1.365
    15     16     22     21          -     17.500     -1.365
    16     17     23     22 -36175524.000     18.500     -1.365
    17     18     24     23 16051121.000     19.500     -1.365
    18     19     25     24 -65949596.000     20.500     -1.365
    19     20     26     25 1890152.500     21.500     -1.365
    20     21     27     26 -2240207.500     22.500     -1.365
    21     22     28     27 842909.688     23.500     -1.365
    22     23     29     28   2793.316     24.500     -1.365
    23     24     30     29 -1388454.880     25.500     -1.365
    24     25     31     30 2319525.750     26.500     -1.365
    25     26     32     31 19510986.000     27.500     -1.365
    26     27     33     32 -23755428.000     28.500     -1.365
    27     28     34     33 -2068771.000     29.500     -1.365
    28     29     35     34 1682420.130     30.500     -1.365
    29     30     36     35          -     31.500     -1.365
    30     31     37     36 -88818448.000     32.500     -1.365
    31     32     38     37 20048388.000     33.500     -1.365
    32     33     39     38 -16492391.000     34.500     -1.365
    33     34     40     39 -1195772.130     35.500     -1.365
    34     35     41     40 4199803.000     36.500     -1.365
    35     36     42     41 -9004375.000     37.500     -1.365
    36     37     43     42 3597057.000     38.500     -1.365
    37     38     44     43 -8919227.000     39.500     -1.365
    38     39     45     44 -5765638.000     40.500     -1.365
    39     40     46     45 -36709024.000     41.500     -1.365
    40     41     47     46 7356178.000     42.500     -1.365
    41     42     48     47 21488806.000     43.500     -1.365
     1      3      9      7          -      4.000     -1.560
     2      4     10      8 -8227356.500      5.000     -1.560
     3      5     11      9          -      6.000     -1.560
     4      6     12     10 -21224612.000      7.000     -1.560
     5      7     13     11          -      8.000     -1.560
     6      8     14     12 -27856508.000      9.000     -1.560
     7      9     15     13 19870928.000     10.000     -1.560
     8     10     16     14 -3048091.250     11.000     -1.560
     9     11     17     15          -     12.000     -1.560
    10     12     18     16 31811080.000     13.000     -1.560
    11     13     19     17 -22271172.000     14.000     -1.560
    12     14     20     18          -     15.000     -1.560
    13     15     21     19 6762378.500     16.000     -1.560
    14     16     22     20          -     17.000     -1.560
    15     17     23     21          -     18.000     -1.560
    16     18     24     22 18244074.000     19.000     -1.560
    17     19     25     23 2275209.500     20.000     -1.560
    18     20     26     24 -4767542.000     21.000     -1.560
    19     21     27     25 180345.047     22.000     -1.560
    20     22     28     26 -466452.719     23.000     -1.560
    21     23     29     27 108556.867     24.000     -1.560
    22     24     30     28 -301202.844     25.000     -1.560
    23     25     31     29 -593198.875     26.000     -1.560
    24     26     32     30 10137543.000     27.000     -1.560
    25     27     33     31 633693.688     28.000     -1.560
    26     28     34     32 -2126344.250     29.000     -1.560
    27     29     35     33 -1539371.880     30.000     -1.560
    28     30     36     34          -     31.000     -1.560
    29     31     37     35 1942231.380     32.000     -1.560
    30     32     38     36 -15303041.000     33.000     -1.560
    31     33     39     37 -6119492.500     34.000     -1.560
    32     34     40     38 986396.813     35.000     -1.560
    33     35     41     39 488200.625     36.000     -1.560
    34     36     42     40 4269657.000     37.000     -1.560
    35     37     43     41 -8424893.000     38.000     -1.560
    36     38     44     42 3589238.000     39.000     -1.560
    37     39     45     43 2717820.000     40.000     -1.560
    38     40     46     44 -778451.375     41.000     -1.560
    39     41     47     45 2065930.880     42.000     -1.560
    40     42     48     46 -7686732.500     43.000     -1.560
     1      3     11      9          -      5.000     -1.950
     2      4     12     10 -31714874.000      6.000     -1.950
     3      5     13     11          -      7.000     -1.950
     4      6     14     12 16222896.000      8.000     -1.950
     5      7     15     13 -20059218.000      9.000     -1.950
     6      8     16     14          -     10.000     -1.950
     7      9     17     15 22718704.000     11.000     -1.950
     8     10     18     16 -72381432.000     12.000     -1.950
     9     11     19     17          -     13.000     -1.950
    10     12     20     18          -     14.000     -1.950
    11     13     21     19          -     15.000     -1.950
    12     14     22     20          -     16.000     -1.950
    13     15     23     21          -     17.000     -1.950
    14     16     24     22 -2098444.750     18.000     -1.950
    15     17     25     23 -2022186.880     19.000     -1.950
    16     18     26     24 4663887.000     20.000     -1.950
    17     19     27     25 237202.703     21.000     -1.950
    18     20     28     26 -989303.375     22.000     -1.950
    19     21     29     27 -290678.844     23.000     -1.950
    20     22     30     28 1186266.130     24.000     -1.950
    21     23     31     29 5348287.500     25.000     -1.950
    22     24     32     30 3207157.750     26.000     -1.950
    23     25     33     31 1131120.750     27.000     -1.950
    24     26     34     32 2464675.750     28.000     -1.950
    25     27     35     33 160262.641     29.000     -1.950
    26     28     36     34 -4264085.500     30.000     -1.950
    27     29     37     35 -2133147.500     31.000     -1.950
    28     30     38     36 66995252.000     32.000     -1.950
    29     31     39     37 17593626.000     33.000     -1.950
    30     32     40     38 -22656816.000     34.000     -1.950
    31     33     41     39 -2737297.500     35.000     -1.950
    32     34     42     40 278038.375     36.000     -1.950
    33     35     43     41 -1917154.380     37.000     -1.950
    34     36     44     42 -32343938.000     38.000     -1.950
    35     37     45     43 -5468551.500     39.000     -1.950
    36     38     46     44 7711915.000     40.000     -1.950
    37     39     47     45 9982441.000     41.000     -1.950
    38     40     48     46 -4710344.000     42.000     -1.950
     1      3     13     11 28286120.000      6.000     -2.340
     2      4     14     12 55038524.000      7.000     -2.340
     3      5     15     13          -      8.000     -2.340
     4      6     16     14          -      9.000     -2.340
     5      7     17     15 133341496.000     10.000     -2.340
     6      8     18     16 85364000.000     11.000     -2.340
     7      9     19     17 -129469272.000     12.000     -2.340
     8     10     20     18 73865488.000     13.000     -2.340
     9     11     21     19          -     14.000     -2.340
    10     12     22     20          -     15.000     -2.340
    11     13     23     21 -48719536.000     16.000     -2.340
    12     14     24     22 61203140.000     17.000     -2.340
    13     15     25     23 9234526.000     18.000     -2.340
    14     16     26     24 -14281931.000     19.000     -2.340
    15     17     27     25 171998.438     20.000     -2.340
    16     18     28     26 -1182379.880     21.000     -2.340
    17     19     29     27 -252863.047     22.000     -2.340
    18     20     30     28 -4845663.000     23.000     -2.340
    19     21     31     29 3650865.250     24.000     -2.340
    20     22     32     30 17435968.000     25.000     -2.340
    21     23     33     31 -10407308.000     26.000     -2.340
    22     24     34     32 -4802028.000     27.000     -2.340
    23     25     35     33 -719796.000     28.000     -2.340
    24     26     36     34 -14177011.000     29.000     -2.340
    25     27     37     35 -725385.250     30.000     -2.340
    26     28     38     36 11803897.000     31.000     -2.340
    27     29     39     37 18315166.000     32.000     -2.340
    28     30     40     38 59711532.000     33.000     -2.340
    29     31     41     39 3466632.000     34.000     -2.340
    30     32     42     40 -2927713.000     35.000     -2.340
    31     33     43     41 16616917.000     36.000     -2.340
    32     34     44     42 13261590.000     37.000     -2.340
    33     35     45     43 1457923.500     38.000     -2.340
    34     36     46     44 -25300736.000     39.000     -2.340
    35     37     47     45 -16083504.000     40.000     -2.340
    36     38     48     46 -25614950.000     41.000     -2.340
     1      3     15     13 -162287808.000      7.000     -2.730
     2      4     16     14 56580424.000      8.000     -2.730
     3      5     17     15 209216608.000      9.000     -2.730
     4      6     18     16 -121984928.000     10.000     -2.730
     5      7     19     17 -71860944.000     11.000     -2.730
     6      8     20     18 -74926544.000     12.000     -2.730
     7      9     21     19 73687656.000     13.000     -2.730
     8     10     22     20          -     14.000     -2.730
     9     11     23     21          -     15.000     -2.730
    10     12     24     22 20478554.000     16.000     -2.730
    11     13     25     23 5804924.000     17.000     -2.730
    12     14     26     24 -10242813.000     18.000     -2.730
    13     15     27     25 908256.438     19.000     -2.730
    14     16     28     26 -2101887.750     20.000     -2.730
    15     17     29     27 -15807.238     21.000     -2.730
    16     18     30     28 -8634552.000     22.000     -2.730
    17     19     31     29 6022874.000     23.000     -2.730
    18     20     32     30 55907696.000     24.000     -2.730
    19     21     33     31 -6858480.500     25.000     -2.730
    20     22     34     32 -32836040.000     26.000     -2.730
    21     23     35     33 359515.688     27.000     -2.730
    22     24     36     34 -452973.719     28.000     -2.730
    23     25     37     35 639885.750     29.000     -2.730
    24     26     38     36 4491405.000     30.000     -2.730
    25     27     39     37 -1766973.500     31.000     -2.730
    26     28     40     38 -19143420.000     32.000     -2.730
    27     29     41     39 764452.875     33.000     -2.730
    28     30     42     40 2823638.750     34.000     -2.730
    29     31     43     41 -15092696.000     35.000     -2.730
    30     32     44     42 11301079.000     36.000     -2.730
    31     33     45     43 11372653.000     37.000     -2.730
    32     34     46     44 -11874997.000     38.000     -2.730
    33     35     47     45 17308848.000     39.000     -2.730
    34     36     48     46 116468312.000     40.000     -2.730
     1      4     16     13 -94005336.000      7.500     -2.925
     2      5     17     14          -      8.500     -2.925
     3      6     18     15          -      9.500     -2.925
     4      7     19     16 101856472.000     10.500     -2.925
     5      8     20     17 -15244548.000     11.500     -2.925
     6      9     21     18          -     12.500     -2.925
     7     10     22     19          -     13.500     -2.925
     8     11     23     20 -46525948.000     14.500     -2.925
     9     12     24     21 -16086145.000     15.500     -2.925
    10     13     25     22 -22635046.000     16.500     -2.925
    11     14     26     23 11160112.000     17.500     -2.925
    12     15     27     24 -9215951.000     18.500     -2.925
    13     16     28     25 379707.344     19.500     -2.925
    14     17     29     26 -1206352.750     20.500     -2.925
    15     18     30     27 -3613273.000     21.500     -2.925
    16     19     31     28 2762724.750     22.500     -2.925
    17     20     32     29 12597353.000     23.500     -2.925
    18     21     33     30 4423694.500     24.500     -2.925
    19     22     34     31 -2926308.500     25.500     -2.925
    20     23     35     32 -15054788.000     26.500     -2.925
    21     24     36     33 2835734.750     27.500     -2.925
    22     25     37     34 -617151.250     28.500     -2.925
    23     26     38     35 -12335775.000     29.500     -2.925
    24     27     39     36 -5676758.500     30.500     -2.925
    25     28     40     37 8103475.500     31.500     -2.925
    26     29     41     38 -7666164.000     32.500     -2.925
    27     30     42     39 3431717.500     33.500     -2.925
    28     31     43     40 6000329.500     34.500     -2.925
    29     32     44     41 -22912286.000     35.500     -2.925
    30     33     45     42 27331898.000     36.500     -2.925
    31     34     46     43 17738598.000     37.500     -2.925
    32     35     47     44 36202660.000     38.500     -2.925
    33     36     48     45 37013076.000     39.500     -2.925
     1      4     19     16          -      9.000     -3.510
     2      5     20     17          -     10.000     -3.510
     3      6     21     18          -     11.000     -3.510
     4      7     22     19 153735456.000     12.000     -3.510
     5      8     23     20          -     13.000     -3.510
     6      9     24     21          -     14.000     -3.510
     7     10     25     22 -16967768.000     15.000     -3.510
     8     11     26     23 -2719192.000     16.000     -3.510
     9     12     27     24 -49435560.000     17.000     -3.510
    10     13     28     25 598273.938     18.000     -3.510
    11     14     29     26 -1173679.750     19.000     -3.510
    12     15     30     27 -4123678.500     20.000     -3.510
    13     16     31     28 3315970.750     21.000     -3.510
    14     17     32     29 23163446.000     22.000     -3.510
    15     18     33     30 6848342.000     23.000     -3.510
    16     19     34     31 -4398471.500     24.000     -3.510
    17     20     35     32 -23699414.000     25.000     -3.510
    18     21     36     33 4686406.000     26.000     -3.510
    19     22     37     34 345523.906     27.000     -3.510
    20     23     38     35 2908707.000     28.000     -3.510
    21     24     39     36 -7255956.000     29.000     -3.510
    22     25     40     37 3248164.500     30.000     -3.510
    23     26     41     38 41611544.000     31.000     -3.510
    24     27     42     39 638653.250     32.000     -3.510
    25     28     43     40 -8578984.000     33.000     -3.510
    26     29     44     41 -1722196.500     34.000     -3.510
    27     30     45     42 -62327168.000     35.000     -3.510
    28     31     46     43 -42991672.000     36.000     -3.510
    29     32     47     44 -77976672.000     37.000     -3.510
    30     33     48     45 -38992300.000     38.000     -3.510
     1      4     22     19          -     10.500     -4.095
     2      5     23     20          -     11.500     -4.095
     3      6     24     21 171410000.000     12.500     -4.095
     4      7     25     22 92729312.000     13.500     -4.095
     5      8     26     23 -42043596.000     14.500     -4.095
     6      9     27     24 -3239081.250     15.500     -4.095
     7     10     28     25 893371.813     16.500     -4.095
     8     11     29     26 -2168630.500     17.500     -4.095
     9     12     30     27 -6031298.500     18.500     -4.095
    10     13     31     28 6980563.000     19.500     -4.095
    11     14     32     29 27754870.000     20.500     -4.095
    12     15     33     30 6438539.000     21.500     -4.095
    13     16     34     31 -5385485.000     22.500     -4.095
    14     17     35     32 -39489796.000     23.500     -4.095
    15     18     36     33 4950061.000     24.500     -4.095
    16     19     37     34 -907542.875     25.500     -4.095
    17     20     38     35 -1778272.630     26.500     -4.095
    18     21     39     36 -6393789.000     27.500     -4.095
    19     22     40     37 2360474.250     28.500     -4.095
    20     23     41     38 -7016525.000     29.500     -4.095
    21     24     42     39 1525429.630     30.500     -4.095
    22     25     43     40 -2128051.000     31.500     -4.095
    23     26     44     41 -19521444.000     32.500     -4.095
    24     27     45     42 5585561.500     33.500     -4.095
    25     28     46     43 -541054.188     34.500     -4.095
    26     29     47     44 1561534.250     35.500     -4.095
    27     30     48     45 86089448.000     36.500     -4.095
     1      5     25     21          -     12.000     -4.680
     2      6     26     22 126318176.000     13.000     -4.680
     3      7     27     23 294761.844     14.000     -4.680
     4      8     28     24 -32654370.000     15.000     -4.680
     5      9     29     25 249402.266     16.000     -4.680
     6     10     30     26 -5704358.500     17.000     -4.680
     7     11     31     27 5824181.000     18.000     -4.680
     8     12     32     28 18856824.000     19.000     -4.680
     9     13     33     29 -30008.494     20.000     -4.680
    10     14     34     30 6790711.500     21.000     -4.680
    11     15     35     31 -2498260.000     22.000     -4.680
    12     16     36     32 -27132080.000     23.000     -4.680
    13     17     37     33 552352.313     24.000     -4.680
    14     18     38     34 -1003459.940     25.000     -4.680
    15     19     39     35 -912348.688     26.000     -4.680
    16     20     40     36 3388984.500     27.000     -4.680
    17     21     41     37 2199471.750     28.000     -4.680
    18     22     42     38 -3524640.750     29.000     -4.680
    19     23     43     39 2930985.500     30.000     -4.680
    20     24     44     40 -613198.688     31.000     -4.680
    21     25     45     41 7567931.000     32.000     -4.680
    22     26     46     42 -27302738.000     33.000     -4.680
    23     27     47     43 -1248211.750     34.000     -4.680
    24     28     48     44 1864348.130     35.000     -4.680
     1      5     29     25 1480021.880     14.000     -5.460
     2      6     30     26 -8799927.000     15.000     -5.460
     3      7     31     27 8292255.500     16.000     -5.460
     4      8     32     28 29029058.000     17.000     -5.460
     5      9     33     29 -361033.094     18.000     -5.460
     6     10     34     30 8835797.000     19.000     -5.460
     7     11     35     31 -8051215.000     20.000     -5.460
     8     12     36     32 -30856520.000     21.000     -5.460
     9     13     37     33 2238267.750     22.000     -5.460
    10     14     38     34 -780017.250     23.000     -5.460
    11     15     39     35 -657201.063     24.000     -5.460
    12     16     40     36 2306642.750     25.000     -5.460
    13     17     41     37 136090.016     26.000     -5.460
    14     18     42     38 1813530.880     27.000     -5.460
    15     19     43     39 1352323.630     28.000     -5.460
    16     20     44     40 -6045490.000     29.000     -5.460
    17     21     45     41 -1988571.500     30.000     -5.460
    18     22     46     42 3548500.750     31.000     -5.460
    19     23     47     43 4479412.500     32.000     -5.460
    20     24     48     44 -1011320.130     33.000     -5.460
     1      6     31     26 -5476674.000     15.000     -5.850
     2      7     32     27 2558411.000     16.000     -5.850
     3      8     33     28 -525524.938     17.000     -5.850
     4      9     34     29 956293.250     18.000     -5.850
     5     10     35     30 5321995.500     19.000     -5.850
     6     11     36     31 -3192940.750     20.000     -5.850
     7     12     37     32 -30894662.000     21.000     -5.850
     8     13     38     33 753170.688     22.000     -5.850
     9     14     39     34 -1723827.250     23.000     -5.850
    10     15     40     35 4099659.750     24.000     -5.850
    11     16     41     36 -494328.969     25.000     -5.850
    12     17     42     37 -77923.961     26.000     -5.850
    13     18     43     38 -132455.656     27.000     -5.850
    14     19     44     39 3311542.000     28.000     -5.850
    15     20     45     40 -7061505.000     29.000     -5.850
    16     21     46     41 -3364678.750     30.000     -5.850
    17     22     47     42 -12723809.000     31.000     -5.850
    18     23     48     43 2171581.000     32.000     -5.850
     1      6     36     31 -37375784.000     17.500     -6.825
     2      7     37     32 -7105373.000     18.500     -6.825
     3      8     38     33 1435951.630     19.500     -6.825
     4      9     39     34 -508425.469     20.500     -6.825
     5     10     40     35 7401346.500     21.500     -6.825
     6     11     41     36 -6657527.000     22.500     -6.825
     7     12     42     37 787526.750     23.500     -6.825
     8     13     43     38 -780797.438     24.500     -6.825
     9     14     44     39 6360910.000     25.500     -6.825
    10     15     45     40 -8050955.500     26.500     -6.825
    11     16     46     41 -3237588.000     27.500     -6.825
    12     17     47     42 2103337.000     28.500     -6.825
    13     18     48     43 8603517.000     29.500     -6.825
     1      7     37     31 34323716.000     18.000     -7.020
     2      8     38     32 -4944774.500     19.000     -7.020
     3      9     39     33 1128440.630     20.000     -7.020
     4     10     40     34 3134155.250     21.000     -7.020
     5     11     41     35 -2246431.250     22.000     -7.020
     6     12     42     36 -3046934.750     23.000     -7.020
     7     13     43     37 -183783.281     24.000     -7.020
     8     14     44     38 1910780.630     25.000     -7.020
     9     15     45     39 1064947.750     26.000     -7.020
    10     16     46     40 -7264133.500     27.000     -7.020
    11     17     47     41 -283309.000     28.000     -7.020
    12     18     48     42 4387252.000     29.000     -7.020
     1      7     43     37 38041784.000     21.000     -8.190
     2      8     44     38 1423354.380     22.000     -8.190
     3      9     45     39 -20742.027     23.000     -8.190
     4     10     46     40 -8587635.000     24.000     -8.190
     5     11     47     41 7479638.500     25.000     -8.190
     6     12     48     42 5827203.500     26.000     -8.190
     1     10     46     37 -9789350.000     22.500     -8.775
     2     11     47     38 -3636889.250     23.500     -8.775
     3     12     48     39 2786163.500     24.500     -8.775
