48# Number of electrodes
# x z
0.000     0.000
1.000     0.000
2.000     0.000
3.000     0.000
4.000     0.000
5.000     0.000
6.000     0.000
7.000     0.000
8.000     0.000
9.000     0.000
10.000     0.000
11.000     0.000
12.000     0.000
13.000     0.000
14.000     0.000
15.000     0.000
16.000     0.000
17.000     0.000
18.000     0.000
19.000     0.000
20.000     0.000
21.000     0.000
22.000     0.000
23.000     0.000
24.000     0.000
25.000     0.000
26.000     0.000
27.000     0.000
28.000     0.000
29.000     0.000
30.000     0.000
31.000     0.000
32.000     0.000
33.000     0.000
34.000     0.000
35.000     0.000
36.000     0.000
37.000     0.000
38.000     0.000
39.000     0.000
40.000     0.000
41.000     0.000
42.000     0.000
43.000     0.000
44.000     0.000
45.000     0.000
46.000     0.000
47.000     0.000
909# Number of data
# a   b   m   n      rhoa      x      z
     1      4      2      3    663.487      1.500     -0.330
     2      5      3      4    769.105      2.500     -0.330
     3      6      4      5    866.108      3.500     -0.330
     4      7      5      6   1008.533      4.500     -0.330
     5      8      6      7    912.672      5.500     -0.330
     6      9      7      8   1225.891      6.500     -0.330
     7     10      8      9   1633.085      7.500     -0.330
     8     11      9     10   2356.967      8.500     -0.330
     9     12     10     11   2095.757      9.500     -0.330
    10     13     11     12   2808.601     10.500     -0.330
    11     14     12     13   2371.974     11.500     -0.330
    12     15     13     14   2248.883     12.500     -0.330
    13     16     14     15   2523.324     13.500     -0.330
    14     17     15     16   2597.118     14.500     -0.330
    15     18     16     17   2712.370     15.500     -0.330
    16     19     17     18   2292.233     16.500     -0.330
    17     20     18     19   2383.724     17.500     -0.330
    18     21     19     20   2046.792     18.500     -0.330
    19     22     20     21   1558.755     19.500     -0.330
    20     23     21     22   1624.264     20.500     -0.330
    21     24     22     23   1123.324     21.500     -0.330
    22     25     23     24   1315.611     22.500     -0.330
    23     26     24     25   1355.002     23.500     -0.330
    24     27     25     26   1370.596     24.500     -0.330
    25     28     26     27   1744.452     25.500     -0.330
    26     29     27     28   1866.182     26.500     -0.330
    27     30     28     29   1494.058     27.500     -0.330
    28     31     29     30   1900.934     28.500     -0.330
    29     32     30     31   1459.884     29.500     -0.330
    30     33     31     32   1368.745     30.500     -0.330
    31     34     32     33   1397.426     31.500     -0.330
    32     35     33     34    995.833     32.500     -0.330
    33     36     34     35    880.031     33.500     -0.330
    34     37     35     36    720.101     34.500     -0.330
    35     38     36     37    641.621     35.500     -0.330
    36     39     37     38    647.757     36.500     -0.330
    37     40     38     39    541.336     37.500     -0.330
    38     41     39     40    773.518     38.500     -0.330
    39     42     40     41    702.567     39.500     -0.330
    40     43     41     42    778.779     40.500     -0.330
    41     44     42     43    866.919     41.500     -0.330
    42     45     43     44   1071.305     42.500     -0.330
    43     46     44     45   1079.795     43.500     -0.330
    44     47     45     46   1679.517     44.500     -0.330
    45     48     46     47   1935.265     45.500     -0.330
     1      7      3      5    768.753      3.000     -0.660
     2      8      4      6    976.841      4.000     -0.660
     3      9      5      7    947.811      5.000     -0.660
     4     10      6      8   1015.320      6.000     -0.660
     5     11      7      9   1482.166      7.000     -0.660
     6     12      8     10   1878.946      8.000     -0.660
     7     13      9     11   1846.235      9.000     -0.660
     8     14     10     12   2052.507     10.000     -0.660
     9     15     11     13   2397.088     11.000     -0.660
    10     16     12     14   2212.835     12.000     -0.660
    11     17     13     15   2180.118     13.000     -0.660
    12     18     14     16   2603.368     14.000     -0.660
    13     19     15     17   2645.093     15.000     -0.660
    14     20     16     18   2219.563     16.000     -0.660
    15     21     17     19   2206.636     17.000     -0.660
    16     22     18     20   2267.008     18.000     -0.660
    17     23     19     21   2037.002     19.000     -0.660
    18     24     20     22   1798.485     20.000     -0.660
    19     25     21     23   1643.177     21.000     -0.660
    20     26     22     24   1550.838     22.000     -0.660
    21     27     23     25   1532.209     23.000     -0.660
    22     28     24     26   1522.464     24.000     -0.660
    23     29     25     27   1673.849     25.000     -0.660
    24     30     26     28   1653.421     26.000     -0.660
    25     31     27     29   1495.473     27.000     -0.660
    26     32     28     30   1405.422     28.000     -0.660
    27     33     29     31   1416.833     29.000     -0.660
    28     34     30     32   1231.766     30.000     -0.660
    29     35     31     33   1210.552     31.000     -0.660
    30     36     32     34   1074.771     32.000     -0.660
    31     37     33     35    895.749     33.000     -0.660
    32     38     34     36    555.474     34.000     -0.660
    33     39     35     37    760.275     35.000     -0.660
    34     40     36     38    394.321     36.000     -0.660
    35     41     37     39    596.487     37.000     -0.660
    36     42     38     40    738.892     38.000     -0.660
    37     43     39     41    814.133     39.000     -0.660
    38     44     40     42    688.600     40.000     -0.660
    39     45     41     43    719.941     41.000     -0.660
    40     46     42     44   1018.579     42.000     -0.660
    41     47     43     45   1162.344     43.000     -0.660
    42     48     44     46   1351.686     44.000     -0.660
     1     10      4      7    792.425      4.500     -0.990
     2     11      5      8    864.653      5.500     -0.990
     3     12      6      9   1014.805      6.500     -0.990
     4     13      7     10   1378.251      7.500     -0.990
     5     14      8     11   1687.904      8.500     -0.990
     6     15      9     12   1977.540      9.500     -0.990
     7     16     10     13   1846.610     10.500     -0.990
     8     17     11     14   1659.441     11.500     -0.990
     9     18     12     15   1723.863     12.500     -0.990
    10     19     13     16   1903.324     13.500     -0.990
    11     20     14     17   2017.995     14.500     -0.990
    12     21     15     18   2147.957     15.500     -0.990
    13     22     16     19   2080.910     16.500     -0.990
    14     23     17     20   1974.675     17.500     -0.990
    15     24     18     21   1931.037     18.500     -0.990
    16     25     19     22   1848.978     19.500     -0.990
    17     26     20     23   1625.985     20.500     -0.990
    18     27     21     24   1472.490     21.500     -0.990
    19     28     22     25   1365.700     22.500     -0.990
    20     29     23     26   1504.211     23.500     -0.990
    21     30     24     27   1477.711     24.500     -0.990
    22     31     25     28   1576.076     25.500     -0.990
    23     32     26     29   1414.683     26.500     -0.990
    24     33     27     30   1233.371     27.500     -0.990
    25     34     28     31   1089.361     28.500     -0.990
    26     35     29     32   1074.561     29.500     -0.990
    27     36     30     33   1019.457     30.500     -0.990
    28     37     31     34   1050.182     31.500     -0.990
    29     38     32     35    969.440     32.500     -0.990
    30     39     33     36    827.083     33.500     -0.990
    31     40     34     37    730.686     34.500     -0.990
    32     41     35     38    627.814     35.500     -0.990
    33     42     36     39    640.227     36.500     -0.990
    34     43     37     40    696.166     37.500     -0.990
    35     44     38     41    753.621     38.500     -0.990
    36     45     39     42    729.172     39.500     -0.990
    37     46     40     43    736.141     40.500     -0.990
    38     47     41     44    856.236     41.500     -0.990
    39     48     42     45    914.903     42.500     -0.990
     1     13      5      9    773.033      6.000     -1.320
     2     14      6     10   1095.466      7.000     -1.320
     3     15      7     11   1320.995      8.000     -1.320
     4     16      8     12   1479.857      9.000     -1.320
     5     17      9     13   1482.324     10.000     -1.320
     6     18     10     14   1410.616     11.000     -1.320
     7     19     11     15   1300.932     12.000     -1.320
     8     20     12     16   1251.573     13.000     -1.320
     9     21     13     17   1349.420     14.000     -1.320
    10     22     14     18   1540.847     15.000     -1.320
    11     23     15     19   1763.618     16.000     -1.320
    12     24     16     20   1812.872     17.000     -1.320
    13     25     17     21   1691.873     18.000     -1.320
    14     26     18     22   1587.619     19.000     -1.320
    15     27     19     23   1346.116     20.000     -1.320
    16     28     20     24   1251.427     21.000     -1.320
    17     29     21     25   1230.710     22.000     -1.320
    18     30     22     26   1127.781     23.000     -1.320
    19     31     23     27   1300.993     24.000     -1.320
    20     32     24     28   1334.165     25.000     -1.320
    21     33     25     29   1215.390     26.000     -1.320
    22     34     26     30   1203.751     27.000     -1.320
    23     35     27     31   1012.369     28.000     -1.320
    24     36     28     32    914.295     29.000     -1.320
    25     37     29     33    894.045     30.000     -1.320
    26     38     30     34   1292.382     31.000     -1.320
    27     39     31     35    846.362     32.000     -1.320
    28     40     32     36    789.617     33.000     -1.320
    29     41     33     37    667.716     34.000     -1.320
    30     42     34     38    635.636     35.000     -1.320
    31     43     35     39    607.264     36.000     -1.320
    32     44     36     40    637.049     37.000     -1.320
    33     45     37     41    659.432     38.000     -1.320
    34     46     38     42   1173.104     39.000     -1.320
    35     47     39     43    732.524     40.000     -1.320
    36     48     40     44    747.218     41.000     -1.320
     1     16      6     11    937.972      7.500     -1.650
     2     17      7     12   1038.740      8.500     -1.650
     3     18      8     13   1091.774      9.500     -1.650
     4     19      9     14   1026.373     10.500     -1.650
     5     20     10     15   1010.038     11.500     -1.650
     6     21     11     16   1071.397     12.500     -1.650
     7     22     12     17   1007.908     13.500     -1.650
     8     23     13     18   1034.174     14.500     -1.650
     9     24     14     19   1191.932     15.500     -1.650
    10     25     15     20   1385.355     16.500     -1.650
    11     26     16     21   1356.300     17.500     -1.650
    12     27     17     22   1277.274     18.500     -1.650
    13     28     18     23   1151.773     19.500     -1.650
    14     29     19     24   1012.439     20.500     -1.650
    15     30     20     25    907.035     21.500     -1.650
    16     31     21     26    951.487     22.500     -1.650
    17     32     22     27    972.505     23.500     -1.650
    18     33     23     28    998.449     24.500     -1.650
    19     34     24     29   1009.781     25.500     -1.650
    20     35     25     30   1044.114     26.500     -1.650
    21     36     26     31    986.117     27.500     -1.650
    22     37     27     32    888.227     28.500     -1.650
    23     38     28     33    883.259     29.500     -1.650
    24     39     29     34    761.928     30.500     -1.650
    25     40     30     35    642.488     31.500     -1.650
    26     41     31     36    631.306     32.500     -1.650
    27     42     32     37    634.236     33.500     -1.650
    28     43     33     38    570.783     34.500     -1.650
    29     44     34     39    532.214     35.500     -1.650
    30     45     35     40    579.203     36.500     -1.650
    31     46     36     41    597.528     37.500     -1.650
    32     47     37     42    606.467     38.500     -1.650
    33     48     38     43    723.959     39.500     -1.650
     1     19      7     13    733.063      9.000     -1.980
     2     20      8     14    735.249     10.000     -1.980
     3     21      9     15    769.586     11.000     -1.980
     4     22     10     16    813.397     12.000     -1.980
     5     23     11     17    881.541     13.000     -1.980
     6     24     12     18    871.019     14.000     -1.980
     7     25     13     19    879.936     15.000     -1.980
     8     26     14     20    901.737     16.000     -1.980
     9     27     15     21    893.083     17.000     -1.980
    10     28     16     22    911.882     18.000     -1.980
    11     29     17     23    861.664     19.000     -1.980
    12     30     18     24    835.318     20.000     -1.980
    13     31     19     25    769.477     21.000     -1.980
    14     32     20     26    699.617     22.000     -1.980
    15     33     21     27    700.531     23.000     -1.980
    16     34     22     28    737.390     24.000     -1.980
    17     35     23     29    785.046     25.000     -1.980
    18     36     24     30    813.776     26.000     -1.980
    19     37     25     31    840.881     27.000     -1.980
    20     38     26     32    891.432     28.000     -1.980
    21     39     27     33    770.081     29.000     -1.980
    22     40     28     34    674.140     30.000     -1.980
    23     41     29     35    610.443     31.000     -1.980
    24     42     30     36    546.249     32.000     -1.980
    25     43     31     37    527.301     33.000     -1.980
    26     44     32     38    484.392     34.000     -1.980
    27     45     33     39    466.003     35.000     -1.980
    28     46     34     40    503.579     36.000     -1.980
    29     47     35     41    504.040     37.000     -1.980
    30     48     36     42    507.104     38.000     -1.980
     1     22      8     15    563.809     10.500     -2.310
     2     23      9     16    661.042     11.500     -2.310
     3     24     10     17    697.225     12.500     -2.310
     4     25     11     18    706.629     13.500     -2.310
     5     26     12     19    711.970     14.500     -2.310
     6     27     13     20    673.216     15.500     -2.310
     7     28     14     21    612.886     16.500     -2.310
     8     29     15     22    593.633     17.500     -2.310
     9     30     16     23    553.395     18.500     -2.310
    10     31     17     24    588.129     19.500     -2.310
    11     32     18     25    587.004     20.500     -2.310
    12     33     19     26    556.929     21.500     -2.310
    13     34     20     27    551.686     22.500     -2.310
    14     35     21     28    547.064     23.500     -2.310
    15     36     22     29    549.187     24.500     -2.310
    16     37     23     30    632.800     25.500     -2.310
    17     38     24     31    696.303     26.500     -2.310
    18     39     25     32    683.667     27.500     -2.310
    19     40     26     33    692.183     28.500     -2.310
    20     41     27     34    639.235     29.500     -2.310
    21     42     28     35    573.295     30.500     -2.310
    22     43     29     36    540.345     31.500     -2.310
    23     44     30     37    457.900     32.500     -2.310
    24     45     31     38    434.663     33.500     -2.310
    25     46     32     39    422.743     34.500     -2.310
    26     47     33     40    411.299     35.500     -2.310
    27     48     34     41    408.455     36.500     -2.310
     1     25      9     17    546.919     12.000     -2.640
     2     26     10     18    558.463     13.000     -2.640
     3     27     11     19    537.511     14.000     -2.640
     4     28     12     20    495.547     15.000     -2.640
     5     29     13     21    469.961     16.000     -2.640
     6     30     14     22    444.925     17.000     -2.640
     7     31     15     23    410.753     18.000     -2.640
     8     32     16     24    375.897     19.000     -2.640
     9     33     17     25    366.380     20.000     -2.640
    10     34     18     26    409.723     21.000     -2.640
    11     35     19     27    420.945     22.000     -2.640
    12     36     20     28    438.903     23.000     -2.640
    13     37     21     29    442.786     24.000     -2.640
    14     38     22     30    478.033     25.000     -2.640
    15     39     23     31    494.495     26.000     -2.640
    16     40     24     32    525.878     27.000     -2.640
    17     41     25     33    562.594     28.000     -2.640
    18     42     26     34    564.082     29.000     -2.640
    19     43     27     35    533.392     30.000     -2.640
    20     44     28     36    487.809     31.000     -2.640
    21     45     29     37    458.899     32.000     -2.640
    22     46     30     38    408.193     33.000     -2.640
    23     47     31     39    380.271     34.000     -2.640
    24     48     32     40    364.294     35.000     -2.640
     1     28     10     19    398.238     13.500     -2.970
     2     29     11     20    394.855     14.500     -2.970
     3     30     12     21    345.758     15.500     -2.970
     4     31     13     22    331.202     16.500     -2.970
     5     32     14     23    315.821     17.500     -2.970
     6     33     15     24    304.920     18.500     -2.970
     7     34     16     25    278.272     19.500     -2.970
     8     35     17     26    265.895     20.500     -2.970
     9     36     18     27    297.362     21.500     -2.970
    10     37     19     28    327.713     22.500     -2.970
    11     38     20     29    357.936     23.500     -2.970
    12     39     21     30    374.939     24.500     -2.970
    13     40     22     31    375.789     25.500     -2.970
    14     41     23     32    394.534     26.500     -2.970
    15     42     24     33    431.090     27.500     -2.970
    16     43     25     34    459.599     28.500     -2.970
    17     44     26     35    464.328     29.500     -2.970
    18     45     27     36    435.972     30.500     -2.970
    19     46     28     37    411.995     31.500     -2.970
    20     47     29     38    387.952     32.500     -2.970
    21     48     30     39    338.601     33.500     -2.970
     1     31     11     21    277.469     15.000     -3.300
     2     32     12     22    257.504     16.000     -3.300
     3     33     13     23    232.483     17.000     -3.300
     4     34     14     24    234.523     18.000     -3.300
     5     35     15     25    236.339     19.000     -3.300
     6     36     16     26    235.733     20.000     -3.300
     7     37     17     27    232.446     21.000     -3.300
     8     38     18     28    250.630     22.000     -3.300
     9     39     19     29    253.087     23.000     -3.300
    10     40     20     30    279.578     24.000     -3.300
    11     41     21     31    296.777     25.000     -3.300
    12     42     22     32    319.370     26.000     -3.300
    13     43     23     33    349.650     27.000     -3.300
    14     44     24     34    354.536     28.000     -3.300
    15     45     25     35    367.068     29.000     -3.300
    16     46     26     36    378.378     30.000     -3.300
    17     47     27     37    359.525     31.000     -3.300
    18     48     28     38    323.045     32.000     -3.300
     1     34     12     23    188.628     16.500     -3.630
     2     35     13     24    187.311     17.500     -3.630
     3     36     14     25    192.242     18.500     -3.630
     4     37     15     26    200.443     19.500     -3.630
     5     38     16     27    216.323     20.500     -3.630
     6     39     17     28    215.721     21.500     -3.630
     7     40     18     29    209.062     22.500     -3.630
     8     41     19     30    213.251     23.500     -3.630
     9     42     20     31    228.438     24.500     -3.630
    10     43     21     32    246.500     25.500     -3.630
    11     44     22     33    272.817     26.500     -3.630
    12     45     23     34    296.999     27.500     -3.630
    13     46     24     35    307.227     28.500     -3.630
    14     47     25     36    301.711     29.500     -3.630
    15     48     26     37    293.520     30.500     -3.630
     1     37     13     25    159.978     18.000     -3.960
     2     38     14     26    176.285     19.000     -3.960
     3     39     15     27    186.289     20.000     -3.960
     4     40     16     28    188.308     21.000     -3.960
     5     41     17     29    189.405     22.000     -3.960
     6     42     18     30    201.254     23.000     -3.960
     7     43     19     31    194.297     24.000     -3.960
     8     44     20     32    192.862     25.000     -3.960
     9     45     21     33    215.346     26.000     -3.960
    10     46     22     34    233.065     27.000     -3.960
    11     47     23     35    251.436     28.000     -3.960
    12     48     24     36    249.797     29.000     -3.960
     1     40     14     27    159.626     19.500     -4.290
     2     41     15     28    170.375     20.500     -4.290
     3     42     16     29    173.321     21.500     -4.290
     4     43     17     30    178.562     22.500     -4.290
     5     44     18     31    179.762     23.500     -4.290
     6     45     19     32    181.627     24.500     -4.290
     7     46     20     33    179.888     25.500     -4.290
     8     47     21     34    186.978     26.500     -4.290
     9     48     22     35    188.117     27.500     -4.290
     1     43     15     29    160.950     21.000     -4.620
     2     44     16     30    165.596     22.000     -4.620
     3     45     17     31    167.434     23.000     -4.620
     4     46     18     32    153.534     24.000     -4.620
     5     47     19     33    163.549     25.000     -4.620
     6     48     20     34    165.193     26.000     -4.620
     1     46     16     31    146.092     22.500     -4.950
     2     47     17     32    134.109     23.500     -4.950
     3     48     18     33    145.798     24.500     -4.950
     1      2      4      3    825.964      1.500     -0.585
     2      3      5      4    880.485      2.500     -0.585
     3      4      6      5    844.189      3.500     -0.585
     4      5      7      6    850.121      4.500     -0.585
     5      6      8      7   1139.306      5.500     -0.585
     6      7      9      8    960.086      6.500     -0.585
     7      8     10      9   1367.260      7.500     -0.585
     8      9     11     10   2116.697      8.500     -0.585
     9     10     12     11   3689.578      9.500     -0.585
    10     11     13     12   2305.733     10.500     -0.585
    11     12     14     13   2294.330     11.500     -0.585
    12     13     15     14   2273.386     12.500     -0.585
    13     14     16     15   2370.218     13.500     -0.585
    14     15     17     16   2867.778     14.500     -0.585
    15     16     18     17   2536.973     15.500     -0.585
    16     17     19     18   2787.550     16.500     -0.585
    17     18     20     19   2173.386     17.500     -0.585
    18     19     21     20   1918.574     18.500     -0.585
    19     20     22     21   1832.899     19.500     -0.585
    20     21     23     22    978.561     20.500     -0.585
    21     22     24     23   1244.490     21.500     -0.585
    22     23     25     24    974.632     22.500     -0.585
    23     24     26     25   1107.264     23.500     -0.585
    24     25     27     26   1589.052     24.500     -0.585
    25     26     28     27   1520.399     25.500     -0.585
    26     27     29     28   1825.291     26.500     -0.585
    27     28     30     29   2477.527     27.500     -0.585
    28     29     31     30   1233.014     28.500     -0.585
    29     30     32     31   1570.396     29.500     -0.585
    30     31     33     32   1859.089     30.500     -0.585
    31     32     34     33   1262.044     31.500     -0.585
    32     33     35     34   1144.803     32.500     -0.585
    33     34     36     35    806.028     33.500     -0.585
    34     35     37     36    667.343     34.500     -0.585
    35     36     38     37    675.004     35.500     -0.585
    36     37     39     38    549.274     36.500     -0.585
    37     38     40     39    720.077     37.500     -0.585
    38     39     41     40    504.033     38.500     -0.585
    39     40     42     41    751.740     39.500     -0.585
    40     41     43     42    871.997     40.500     -0.585
    41     42     44     43    937.037     41.500     -0.585
    42     43     45     44    882.658     42.500     -0.585
    43     44     46     45   1154.301     43.500     -0.585
    44     45     47     46   1223.769     44.500     -0.585
    45     46     48     47   2359.084     45.500     -0.585
     1      2      5      4    711.150      2.000     -0.780
     2      3      6      5    750.845      3.000     -0.780
     3      4      7      6    787.629      4.000     -0.780
     4      5      8      7   1102.714      5.000     -0.780
     5      6      9      8   1463.372      6.000     -0.780
     6      7     10      9   1233.105      7.000     -0.780
     7      8     11     10   1490.872      8.000     -0.780
     8      9     12     11   2751.284      9.000     -0.780
     9     10     13     12   3008.872     10.000     -0.780
    10     11     14     13   2244.009     11.000     -0.780
    11     12     15     14   2655.881     12.000     -0.780
    12     13     16     15   3066.766     13.000     -0.780
    13     14     17     16   2407.114     14.000     -0.780
    14     15     18     17   2703.371     15.000     -0.780
    15     16     19     18   3348.090     16.000     -0.780
    16     17     20     19   2751.178     17.000     -0.780
    17     18     21     20   2039.893     18.000     -0.780
    18     19     22     21   2105.659     19.000     -0.780
    19     20     23     22   1507.647     20.000     -0.780
    20     21     24     23   1489.507     21.000     -0.780
    21     22     25     24   1522.703     22.000     -0.780
    22     23     26     25   1287.104     23.000     -0.780
    23     24     27     26   1710.915     24.000     -0.780
    24     25     28     27   1559.704     25.000     -0.780
    25     26     29     28   1517.641     26.000     -0.780
    26     27     30     29   2296.863     27.000     -0.780
    27     28     31     30   1707.825     28.000     -0.780
    28     29     32     31   1686.540     29.000     -0.780
    29     30     33     32   1657.967     30.000     -0.780
    30     31     34     33   1265.541     31.000     -0.780
    31     32     35     34   1054.046     32.000     -0.780
    32     33     36     35    861.582     33.000     -0.780
    33     34     37     36    691.999     34.000     -0.780
    34     35     38     37   1972.039     35.000     -0.780
    35     36     39     38    388.909     36.000     -0.780
    36     37     40     39    815.360     37.000     -0.780
    37     38     41     40    582.516     38.000     -0.780
    38     39     42     41    505.860     39.000     -0.780
    39     40     43     42    947.619     40.000     -0.780
    40     41     44     43    997.392     41.000     -0.780
    41     42     45     44    847.048     42.000     -0.780
    42     43     46     45    914.312     43.000     -0.780
    43     44     47     46   1362.169     44.000     -0.780
    44     45     48     47   1647.813     45.000     -0.780
     1      2      6      5    713.905      2.500     -0.975
     2      3      7      6    693.330      3.500     -0.975
     3      4      8      7    959.890      4.500     -0.975
     4      5      9      8   1387.389      5.500     -0.975
     5      6     10      9   1677.200      6.500     -0.975
     6      7     11     10   1302.751      7.500     -0.975
     7      8     12     11   1752.404      8.500     -0.975
     8      9     13     12   2207.228      9.500     -0.975
     9     10     14     13   2563.867     10.500     -0.975
    10     11     15     14   2534.446     11.500     -0.975
    11     12     16     15   3512.265     12.500     -0.975
    12     13     17     16   3201.790     13.500     -0.975
    13     14     18     17   2314.374     14.500     -0.975
    14     15     19     18   3098.023     15.500     -0.975
    15     16     20     19   3106.047     16.500     -0.975
    16     17     21     20   2423.424     17.500     -0.975
    17     18     22     21   2090.424     18.500     -0.975
    18     19     23     22   1746.601     19.500     -0.975
    19     20     24     23   2037.111     20.500     -0.975
    20     21     25     24   1660.598     21.500     -0.975
    21     22     26     25   1807.303     22.500     -0.975
    22     23     27     26   1699.079     23.500     -0.975
    23     24     28     27   1691.968     24.500     -0.975
    24     25     29     28   1409.824     25.500     -0.975
    25     26     30     29   1883.243     26.500     -0.975
    26     27     31     30   1662.917     27.500     -0.975
    27     28     32     31   2037.190     28.500     -0.975
    28     29     33     32   1672.787     29.500     -0.975
    29     30     34     33   1307.573     30.500     -0.975
    30     31     35     34   1115.999     31.500     -0.975
    31     32     36     35    891.097     32.500     -0.975
    32     33     37     36    846.154     33.500     -0.975
    33     34     38     37  -2494.602     34.500     -0.975
    34     35     39     38  -2599.585     35.500     -0.975
    35     36     40     39    818.473     36.500     -0.975
    36     37     41     40    628.095     37.500     -0.975
    37     38     42     41    497.269     38.500     -0.975
    38     39     43     42    601.929     39.500     -0.975
    39     40     44     43   1025.703     40.500     -0.975
    40     41     45     44    837.951     41.500     -0.975
    41     42     46     45    791.263     42.500     -0.975
    42     43     47     46   1045.109     43.500     -0.975
    43     44     48     47   1705.580     44.500     -0.975
     1      2      7      6    678.870      3.000     -1.170
     2      3      8      7    818.032      4.000     -1.170
     3      4      9      8   1182.514      5.000     -1.170
     4      5     10      9   1535.523      6.000     -1.170
     5      6     11     10   1646.645      7.000     -1.170
     6      7     12     11   1463.661      8.000     -1.170
     7      8     13     12   1377.463      9.000     -1.170
     8      9     14     13   1786.688     10.000     -1.170
     9     10     15     14   2855.030     11.000     -1.170
    10     11     16     15   3201.277     12.000     -1.170
    11     12     17     16   3545.809     13.000     -1.170
    12     13     18     17   2852.639     14.000     -1.170
    13     14     19     18   2611.127     15.000     -1.170
    14     15     20     19   2679.695     16.000     -1.170
    15     16     21     20   2558.205     17.000     -1.170
    16     17     22     21   2372.723     18.000     -1.170
    17     18     23     22   1632.740     19.000     -1.170
    18     19     24     23   2175.853     20.000     -1.170
    19     20     25     24   2067.009     21.000     -1.170
    20     21     26     25   1812.271     22.000     -1.170
    21     22     27     26   2178.180     23.000     -1.170
    22     23     28     27   1554.401     24.000     -1.170
    23     24     29     28   1433.485     25.000     -1.170
    24     25     30     29   1654.606     26.000     -1.170
    25     26     31     30   1384.092     27.000     -1.170
    26     27     32     31   1867.628     28.000     -1.170
    27     28     33     32   1913.575     29.000     -1.170
    28     29     34     33   1203.165     30.000     -1.170
    29     30     35     34   1243.897     31.000     -1.170
    30     31     36     35    959.801     32.000     -1.170
    31     32     37     36    892.421     33.000     -1.170
    32     33     38     37     65.679     34.000     -1.170
    33     34     39     38   6999.554     35.000     -1.170
    34     35     40     39    778.925     36.000     -1.170
    35     36     41     40    634.067     37.000     -1.170
    36     37     42     41    542.785     38.000     -1.170
    37     38     43     42    561.737     39.000     -1.170
    38     39     44     43    647.733     40.000     -1.170
    39     40     45     44    839.596     41.000     -1.170
    40     41     46     45    777.979     42.000     -1.170
    41     42     47     46    881.143     43.000     -1.170
    42     43     48     47   1290.308     44.000     -1.170
     1      2      8      7    791.077      3.500     -1.365
     2      3      9      8   1001.390      4.500     -1.365
     3      4     10      9   1324.285      5.500     -1.365
     4      5     11     10   1496.207      6.500     -1.365
     5      6     12     11   1812.088      7.500     -1.365
     6      7     13     12   1155.725      8.500     -1.365
     7      8     14     13   1087.548      9.500     -1.365
     8      9     15     14   1925.492     10.500     -1.365
     9     10     16     15   3390.075     11.500     -1.365
    10     11     17     16   3062.877     12.500     -1.365
    11     12     18     17   2995.525     13.500     -1.365
    12     13     19     18   2899.863     14.500     -1.365
    13     14     20     19   2168.297     15.500     -1.365
    14     15     21     20   2093.839     16.500     -1.365
    15     16     22     21   2417.030     17.500     -1.365
    16     17     23     22   1784.549     18.500     -1.365
    17     18     24     23   1912.562     19.500     -1.365
    18     19     25     24   2122.865     20.500     -1.365
    19     20     26     25   2138.395     21.500     -1.365
    20     21     27     26   2075.897     22.500     -1.365
    21     22     28     27   1913.003     23.500     -1.365
    22     23     29     28   1238.042     24.500     -1.365
    23     24     30     29   1623.637     25.500     -1.365
    24     25     31     30   1131.587     26.500     -1.365
    25     26     32     31   1486.503     27.500     -1.365
    26     27     33     32   1779.144     28.500     -1.365
    27     28     34     33   1370.679     29.500     -1.365
    28     29     35     34   1059.080     30.500     -1.365
    29     30     36     35   1117.432     31.500     -1.365
    30     31     37     36    885.436     32.500     -1.365
    31     32     38     37    437.780     33.500     -1.365
    32     33     39     38   2069.435     34.500     -1.365
    33     34     40     39    927.866     35.500     -1.365
    34     35     41     40    620.391     36.500     -1.365
    35     36     42     41    543.448     37.500     -1.365
    36     37     43     42    607.421     38.500     -1.365
    37     38     44     43    592.776     39.500     -1.365
    38     39     45     44    552.112     40.500     -1.365
    39     40     46     45    823.887     41.500     -1.365
    40     41     47     46    871.010     42.500     -1.365
    41     42     48     47   1073.623     43.500     -1.365
     1      3      9      7    875.026      4.000     -1.560
     2      4     10      8   1168.014      5.000     -1.560
     3      5     11      9   1433.995      6.000     -1.560
     4      6     12     10   1639.885      7.000     -1.560
     5      7     13     11   1460.270      8.000     -1.560
     6      8     14     12   1190.945      9.000     -1.560
     7      9     15     13   1570.052     10.000     -1.560
     8     10     16     14   2675.432     11.000     -1.560
     9     11     17     15   3197.179     12.000     -1.560
    10     12     18     16   3169.370     13.000     -1.560
    11     13     19     17   2922.885     14.000     -1.560
    12     14     20     18   2547.678     15.000     -1.560
    13     15     21     19   2285.734     16.000     -1.560
    14     16     22     20   2329.486     17.000     -1.560
    15     17     23     21   2165.495     18.000     -1.560
    16     18     24     22   1787.542     19.000     -1.560
    17     19     25     23   2050.704     20.000     -1.560
    18     20     26     24   2112.526     21.000     -1.560
    19     21     27     25   2027.238     22.000     -1.560
    20     22     28     26   2036.808     23.000     -1.560
    21     23     29     27   1550.595     24.000     -1.560
    22     24     30     28   1421.963     25.000     -1.560
    23     25     31     29   1456.472     26.000     -1.560
    24     26     32     30   1312.689     27.000     -1.560
    25     27     33     31   1673.888     28.000     -1.560
    26     28     34     32   1671.953     29.000     -1.560
    27     29     35     33   1205.250     30.000     -1.560
    28     30     36     34   1120.036     31.000     -1.560
    29     31     37     35    985.953     32.000     -1.560
    30     32     38     36    731.110     33.000     -1.560
    31     33     39     37    795.144     34.000     -1.560
    32     34     40     38   3617.154     35.000     -1.560
    33     35     41     39    762.881     36.000     -1.560
    34     36     42     40    595.700     37.000     -1.560
    35     37     43     41    567.320     38.000     -1.560
    36     38     44     42    590.856     39.000     -1.560
    37     39     45     43    589.941     40.000     -1.560
    38     40     46     44    727.405     41.000     -1.560
    39     41     47     45    828.622     42.000     -1.560
    40     42     48     46    944.701     43.000     -1.560
     1      3     11      9   1123.031      5.000     -1.950
     2      4     12     10   1215.215      6.000     -1.950
     3      5     13     11   1340.267      7.000     -1.950
     4      6     14     12   1171.548      8.000     -1.950
     5      7     15     13    972.057      9.000     -1.950
     6      8     16     14   1122.135     10.000     -1.950
     7      9     17     15   1780.921     11.000     -1.950
     8     10     18     16   2447.076     12.000     -1.950
     9     11     19     17   2487.500     13.000     -1.950
    10     12     20     18   2537.685     14.000     -1.950
    11     13     21     19   2111.496     15.000     -1.950
    12     14     22     20   1633.404     16.000     -1.950
    13     15     23     21   1549.572     17.000     -1.950
    14     16     24     22   1659.111     18.000     -1.950
    15     17     25     23   1931.042     19.000     -1.950
    16     18     26     24   1820.866     20.000     -1.950
    17     19     27     25   2090.599     21.000     -1.950
    18     20     28     26   2224.485     22.000     -1.950
    19     21     29     27   1673.532     23.000     -1.950
    20     22     30     28   1438.980     24.000     -1.950
    21     23     31     29   1243.778     25.000     -1.950
    22     24     32     30   1028.189     26.000     -1.950
    23     25     33     31   1121.591     27.000     -1.950
    24     26     34     32   1095.122     28.000     -1.950
    25     27     35     33   1053.621     29.000     -1.950
    26     28     36     34   1044.061     30.000     -1.950
    27     29     37     35    864.780     31.000     -1.950
    28     30     38     36    762.958     32.000     -1.950
    29     31     39     37    799.006     33.000     -1.950
    30     32     40     38   1115.358     34.000     -1.950
    31     33     41     39    854.752     35.000     -1.950
    32     34     42     40    655.437     36.000     -1.950
    33     35     43     41    547.915     37.000     -1.950
    34     36     44     42    606.052     38.000     -1.950
    35     37     45     43    585.915     39.000     -1.950
    36     38     46     44    489.188     40.000     -1.950
    37     39     47     45    532.220     41.000     -1.950
    38     40     48     46    827.915     42.000     -1.950
     1      3     13     11    950.007      6.000     -2.340
     2      4     14     12    831.398      7.000     -2.340
     3      5     15     13    828.783      8.000     -2.340
     4      6     16     14   1047.576      9.000     -2.340
     5      7     17     15   1043.448     10.000     -2.340
     6      8     18     16    941.280     11.000     -2.340
     7      9     19     17   1247.783     12.000     -2.340
     8     10     20     18   1753.512     13.000     -2.340
     9     11     21     19   1607.453     14.000     -2.340
    10     12     22     20   1482.322     15.000     -2.340
    11     13     23     21   1333.448     16.000     -2.340
    12     14     24     22   1119.619     17.000     -2.340
    13     15     25     23   1257.054     18.000     -2.340
    14     16     26     24   1545.897     19.000     -2.340
    15     17     27     25   1828.267     20.000     -2.340
    16     18     28     26   1797.942     21.000     -2.340
    17     19     29     27   1598.626     22.000     -2.340
    18     20     30     28   1465.426     23.000     -2.340
    19     21     31     29   1231.485     24.000     -2.340
    20     22     32     30    960.522     25.000     -2.340
    21     23     33     31    847.102     26.000     -2.340
    22     24     34     32    746.358     27.000     -2.340
    23     25     35     33    647.896     28.000     -2.340
    24     26     36     34    618.233     29.000     -2.340
    25     27     37     35    683.381     30.000     -2.340
    26     28     38     36    647.440     31.000     -2.340
    27     29     39     37    626.247     32.000     -2.340
    28     30     40     38    955.431     33.000     -2.340
    29     31     41     39    760.693     34.000     -2.340
    30     32     42     40    590.330     35.000     -2.340
    31     33     43     41    605.772     36.000     -2.340
    32     34     44     42    596.717     37.000     -2.340
    33     35     45     43    568.755     38.000     -2.340
    34     36     46     44    504.634     39.000     -2.340
    35     37     47     45    523.926     40.000     -2.340
    36     38     48     46    576.424     41.000     -2.340
     1      3     15     13    597.741      7.000     -2.730
     2      4     16     14    724.917      8.000     -2.730
     3      5     17     15    840.971      9.000     -2.730
     4      6     18     16    826.237     10.000     -2.730
     5      7     19     17    679.088     11.000     -2.730
     6      8     20     18    638.713     12.000     -2.730
     7      9     21     19    756.539     13.000     -2.730
     8     10     22     20    969.205     14.000     -2.730
     9     11     23     21    926.241     15.000     -2.730
    10     12     24     22    924.077     16.000     -2.730
    11     13     25     23    990.868     17.000     -2.730
    12     14     26     24    957.710     18.000     -2.730
    13     15     27     25   1142.950     19.000     -2.730
    14     16     28     26   1463.186     20.000     -2.730
    15     17     29     27   1348.049     21.000     -2.730
    16     18     30     28   1135.860     22.000     -2.730
    17     19     31     29   1108.948     23.000     -2.730
    18     20     32     30    950.392     24.000     -2.730
    19     21     33     31    773.040     25.000     -2.730
    20     22     34     32    628.753     26.000     -2.730
    21     23     35     33    460.566     27.000     -2.730
    22     24     36     34    409.711     28.000     -2.730
    23     25     37     35    392.331     29.000     -2.730
    24     26     38     36    366.094     30.000     -2.730
    25     27     39     37    473.043     31.000     -2.730
    26     28     40     38    718.683     32.000     -2.730
    27     29     41     39    571.581     33.000     -2.730
    28     30     42     40    502.427     34.000     -2.730
    29     31     43     41    579.959     35.000     -2.730
    30     32     44     42    604.515     36.000     -2.730
    31     33     45     43    592.112     37.000     -2.730
    32     34     46     44    307.951     38.000     -2.730
    33     35     47     45    343.360     39.000     -2.730
    34     36     48     46    549.155     40.000     -2.730
     1      4     16     13    672.161      7.500     -2.925
     2      5     17     14    777.777      8.500     -2.925
     3      6     18     15    878.339      9.500     -2.925
     4      7     19     16    766.976     10.500     -2.925
     5      8     20     17    697.909     11.500     -2.925
     6      9     21     18    828.668     12.500     -2.925
     7     10     22     19    992.499     13.500     -2.925
     8     11     23     20    997.547     14.500     -2.925
     9     12     24     21   1028.383     15.500     -2.925
    10     13     25     22    965.406     16.500     -2.925
    11     14     26     23    982.420     17.500     -2.925
    12     15     27     24   1096.145     18.500     -2.925
    13     16     28     25   1344.654     19.500     -2.925
    14     17     29     26   1453.148     20.500     -2.925
    15     18     30     27   1304.232     21.500     -2.925
    16     19     31     28   1156.318     22.500     -2.925
    17     20     32     29   1098.193     23.500     -2.925
    18     21     33     30    848.529     24.500     -2.925
    19     22     34     31    741.980     25.500     -2.925
    20     23     35     32    571.502     26.500     -2.925
    21     24     36     33    472.298     27.500     -2.925
    22     25     37     34    423.600     28.500     -2.925
    23     26     38     35    403.781     29.500     -2.925
    24     27     39     36    484.010     30.500     -2.925
    25     28     40     37    548.924     31.500     -2.925
    26     29     41     38    662.447     32.500     -2.925
    27     30     42     39    591.103     33.500     -2.925
    28     31     43     40    542.488     34.500     -2.925
    29     32     44     41    588.225     35.500     -2.925
    30     33     45     42    576.740     36.500     -2.925
    31     34     46     43    502.650     37.500     -2.925
    32     35     47     44    391.837     38.500     -2.925
    33     36     48     45    471.009     39.500     -2.925
     1      4     19     16    485.315      9.000     -3.510
     2      5     20     17    457.321     10.000     -3.510
     3      6     21     18    436.841     11.000     -3.510
     4      7     22     19    361.943     12.000     -3.510
     5      8     23     20    301.357     13.000     -3.510
     6      9     24     21    351.984     14.000     -3.510
     7     10     25     22    477.178     15.000     -3.510
     8     11     26     23    679.161     16.000     -3.510
     9     12     27     24    754.982     17.000     -3.510
    10     13     28     25    806.183     18.000     -3.510
    11     14     29     26    751.679     19.000     -3.510
    12     15     30     27    723.111     20.000     -3.510
    13     16     31     28    740.098     21.000     -3.510
    14     17     32     29    837.984     22.000     -3.510
    15     18     33     30    640.609     23.000     -3.510
    16     19     34     31    583.176     24.000     -3.510
    17     20     35     32    483.512     25.000     -3.510
    18     21     36     33    375.160     26.000     -3.510
    19     22     37     34    311.133     27.000     -3.510
    20     23     38     35    233.788     28.000     -3.510
    21     24     39     36    236.607     29.000     -3.510
    22     25     40     37    237.742     30.000     -3.510
    23     26     41     38    324.764     31.000     -3.510
    24     27     42     39    357.069     32.000     -3.510
    25     28     43     40    364.395     33.000     -3.510
    26     29     44     41    382.966     34.000     -3.510
    27     30     45     42    489.938     35.000     -3.510
    28     31     46     43    603.228     36.000     -3.510
    29     32     47     44    751.906     37.000     -3.510
    30     33     48     45    654.472     38.000     -3.510
     1      4     22     19    228.943     10.500     -4.095
     2      5     23     20    208.770     11.500     -4.095
     3      6     24     21    235.481     12.500     -4.095
     4      7     25     22    176.716     13.500     -4.095
     5      8     26     23    184.327     14.500     -4.095
     6      9     27     24    327.344     15.500     -4.095
     7     10     28     25    443.084     16.500     -4.095
     8     11     29     26    523.796     17.500     -4.095
     9     12     30     27    492.267     18.500     -4.095
    10     13     31     28    461.205     19.500     -4.095
    11     14     32     29    626.853     20.500     -4.095
    12     15     33     30    370.130     21.500     -4.095
    13     16     34     31    363.599     22.500     -4.095
    14     17     35     32    227.747     23.500     -4.095
    15     18     36     33    284.831     24.500     -4.095
    16     19     37     34    250.725     25.500     -4.095
    17     20     38     35    207.963     26.500     -4.095
    18     21     39     36    189.425     27.500     -4.095
    19     22     40     37    186.267     28.500     -4.095
    20     23     41     38    188.072     29.500     -4.095
    21     24     42     39    179.739     30.500     -4.095
    22     25     43     40    158.324     31.500     -4.095
    23     26     44     41    170.714     32.500     -4.095
    24     27     45     42    234.084     33.500     -4.095
    25     28     46     43    280.089     34.500     -4.095
    26     29     47     44    338.297     35.500     -4.095
    27     30     48     45    709.009     36.500     -4.095
     1      5     25     21    130.931     12.000     -4.680
     2      6     26     22    149.332     13.000     -4.680
     3      7     27     23    147.217     14.000     -4.680
     4      8     28     24    192.404     15.000     -4.680
     5      9     29     25    242.134     16.000     -4.680
     6     10     30     26    304.817     17.000     -4.680
     7     11     31     27    323.187     18.000     -4.680
     8     12     32     28    367.940     19.000     -4.680
     9     13     33     29    339.735     20.000     -4.680
    10     14     34     30    322.735     21.000     -4.680
    11     15     35     31    201.871     22.000     -4.680
    12     16     36     32    172.044     23.000     -4.680
    13     17     37     33    220.455     24.000     -4.680
    14     18     38     34    193.080     25.000     -4.680
    15     19     39     35    186.234     26.000     -4.680
    16     20     40     36    183.224     27.000     -4.680
    17     21     41     37    164.045     28.000     -4.680
    18     22     42     38    177.291     29.000     -4.680
    19     23     43     39    148.628     30.000     -4.680
    20     24     44     40    139.095     31.000     -4.680
    21     25     45     41    143.181     32.000     -4.680
    22     26     46     42     75.646     33.000     -4.680
    23     27     47     43     81.276     34.000     -4.680
    24     28     48     44    229.790     35.000     -4.680
     1      5     29     25    167.166     14.000     -5.460
     2      6     30     26    133.975     15.000     -5.460
     3      7     31     27    144.862     16.000     -5.460
     4      8     32     28    147.216     17.000     -5.460
     5      9     33     29    130.744     18.000     -5.460
     6     10     34     30    159.234     19.000     -5.460
     7     11     35     31    204.570     20.000     -5.460
     8     12     36     32    112.619     21.000     -5.460
     9     13     37     33    143.041     22.000     -5.460
    10     14     38     34    120.124     23.000     -5.460
    11     15     39     35    116.087     24.000     -5.460
    12     16     40     36    133.346     25.000     -5.460
    13     17     41     37    129.450     26.000     -5.460
    14     18     42     38    145.828     27.000     -5.460
    15     19     43     39    142.133     28.000     -5.460
    16     20     44     40    129.065     29.000     -5.460
    17     21     45     41    128.405     30.000     -5.460
    18     22     46     42    114.192     31.000     -5.460
    19     23     47     43    107.822     32.000     -5.460
    20     24     48     44    118.249     33.000     -5.460
     1      6     31     26    138.259     15.000     -5.850
     2      7     32     27    145.301     16.000     -5.850
     3      8     33     28    109.606     17.000     -5.850
     4      9     34     29    124.158     18.000     -5.850
     5     10     35     30    136.765     19.000     -5.850
     6     11     36     31    168.383     20.000     -5.850
     7     12     37     32    125.749     21.000     -5.850
     8     13     38     33    127.838     22.000     -5.850
     9     14     39     34    116.867     23.000     -5.850
    10     15     40     35    119.506     24.000     -5.850
    11     16     41     36    119.619     25.000     -5.850
    12     17     42     37    123.951     26.000     -5.850
    13     18     43     38    133.779     27.000     -5.850
    14     19     44     39    142.616     28.000     -5.850
    15     20     45     40    128.313     29.000     -5.850
    16     21     46     41    120.105     30.000     -5.850
    17     22     47     42    116.701     31.000     -5.850
    18     23     48     43    142.838     32.000     -5.850
     1      6     36     31     64.823     17.500     -6.825
     2      7     37     32     22.284     18.500     -6.825
     3      8     38     33     58.967     19.500     -6.825
     4      9     39     34     60.346     20.500     -6.825
     5     10     40     35     75.632     21.500     -6.825
     6     11     41     36     80.389     22.500     -6.825
     7     12     42     37     91.420     23.500     -6.825
     8     13     43     38    104.317     24.500     -6.825
     9     14     44     39    111.726     25.500     -6.825
    10     15     45     40     93.814     26.500     -6.825
    11     16     46     41    103.677     27.500     -6.825
    12     17     47     42    121.193     28.500     -6.825
    13     18     48     43    186.402     29.500     -6.825
     1      7     37     31     66.215     18.000     -7.020
     2      8     38     32     33.536     19.000     -7.020
     3      9     39     33     65.298     20.000     -7.020
     4     10     40     34     74.011     21.000     -7.020
     5     11     41     35     77.042     22.000     -7.020
     6     12     42     36     86.434     23.000     -7.020
     7     13     43     37     92.876     24.000     -7.020
     8     14     44     38    106.072     25.000     -7.020
     9     15     45     39    109.410     26.000     -7.020
    10     16     46     40    103.303     27.000     -7.020
    11     17     47     41    126.239     28.000     -7.020
    12     18     48     42    170.537     29.000     -7.020
     1      7     43     37     59.856     21.000     -8.190
     2      8     44     38     63.746     22.000     -8.190
     3      9     45     39     67.087     23.000     -8.190
     4     10     46     40     66.406     24.000     -8.190
     5     11     47     41     69.351     25.000     -8.190
     6     12     48     42    113.701     26.000     -8.190
     1     10     46     37     68.262     22.500     -8.775
     2     11     47     38     76.273     23.500     -8.775
     3     12     48     39    109.534     24.500     -8.775
