48# Number of electrodes
# x z
0.000     0.000
1.000     0.000
2.000     0.000
3.000     0.000
4.000     0.000
5.000     0.000
6.000     0.000
7.000     0.000
8.000     0.000
9.000     0.000
10.000     0.000
11.000     0.000
12.000     0.000
13.000     0.000
14.000     0.000
15.000     0.000
16.000     0.000
17.000     0.000
18.000     0.000
19.000     0.000
20.000     0.000
21.000     0.000
22.000     0.000
23.000     0.000
24.000     0.000
25.000     0.000
26.000     0.000
27.000     0.000
28.000     0.000
29.000     0.000
30.000     0.000
31.000     0.000
32.000     0.000
33.000     0.000
34.000     0.000
35.000     0.000
36.000     0.000
37.000     0.000
38.000     0.000
39.000     0.000
40.000     0.000
41.000     0.000
42.000     0.000
43.000     0.000
44.000     0.000
45.000     0.000
46.000     0.000
47.000     0.000
909# Number of data
# a   b   m   n      rhoa      x      z
     1      4      2      3          -      1.500     -0.330
     2      5      3      4          -      2.500     -0.330
     3      6      4      5          -      3.500     -0.330
     4      7      5      6          -      4.500     -0.330
     5      8      6      7          -      5.500     -0.330
     6      9      7      8          -      6.500     -0.330
     7     10      8      9          -      7.500     -0.330
     8     11      9     10          -      8.500     -0.330
     9     12     10     11          -      9.500     -0.330
    10     13     11     12          -     10.500     -0.330
    11     14     12     13          -     11.500     -0.330
    12     15     13     14          -     12.500     -0.330
    13     16     14     15          -     13.500     -0.330
    14     17     15     16          -     14.500     -0.330
    15     18     16     17          -     15.500     -0.330
    16     19     17     18          -     16.500     -0.330
    17     20     18     19          -     17.500     -0.330
    18     21     19     20          -     18.500     -0.330
    19     22     20     21          -     19.500     -0.330
    20     23     21     22          -     20.500     -0.330
    21     24     22     23 1068140.630     21.500     -0.330
    22     25     23     24 -147738.719     22.500     -0.330
    23     26     24     25 113629.766     23.500     -0.330
    24     27     25     26 127805.758     24.500     -0.330
    25     28     26     27 -911138.688     25.500     -0.330
    26     29     27     28 -441238.281     26.500     -0.330
    27     30     28     29  18791.875     27.500     -0.330
    28     31     29     30          -     28.500     -0.330
    29     32     30     31 -844442.875     29.500     -0.330
    30     33     31     32          -     30.500     -0.330
    31     34     32     33          -     31.500     -0.330
    32     35     33     34 -19603.289     32.500     -0.330
    33     36     34     35 591794.188     33.500     -0.330
    34     37     35     36 859345.000     34.500     -0.330
    35     38     36     37 665779.250     35.500     -0.330
    36     39     37     38 220509.938     36.500     -0.330
    37     40     38     39 645173.375     37.500     -0.330
    38     41     39     40 -216584.594     38.500     -0.330
    39     42     40     41 -17406.393     39.500     -0.330
    40     43     41     42  80993.398     40.500     -0.330
    41     44     42     43 774013.438     41.500     -0.330
    42     45     43     44 922792.625     42.500     -0.330
    43     46     44     45  73454.773     43.500     -0.330
    44     47     45     46 1089414.630     44.500     -0.330
    45     48     46     47 657591.250     45.500     -0.330
     1      7      3      5          -      3.000     -0.660
     2      8      4      6          -      4.000     -0.660
     3      9      5      7          -      5.000     -0.660
     4     10      6      8          -      6.000     -0.660
     5     11      7      9          -      7.000     -0.660
     6     12      8     10          -      8.000     -0.660
     7     13      9     11          -      9.000     -0.660
     8     14     10     12          -     10.000     -0.660
     9     15     11     13          -     11.000     -0.660
    10     16     12     14          -     12.000     -0.660
    11     17     13     15          -     13.000     -0.660
    12     18     14     16          -     14.000     -0.660
    13     19     15     17          -     15.000     -0.660
    14     20     16     18          -     16.000     -0.660
    15     21     17     19          -     17.000     -0.660
    16     22     18     20          -     18.000     -0.660
    17     23     19     21          -     19.000     -0.660
    18     24     20     22          -     20.000     -0.660
    19     25     21     23          -     21.000     -0.660
    20     26     22     24 1814004.880     22.000     -0.660
    21     27     23     25 249184.734     23.000     -0.660
    22     28     24     26          -     24.000     -0.660
    23     29     25     27 -109584.352     25.000     -0.660
    24     30     26     28 345361.938     26.000     -0.660
    25     31     27     29 1175130.380     27.000     -0.660
    26     32     28     30          -     28.000     -0.660
    27     33     29     31 1139640.250     29.000     -0.660
    28     34     30     32 1715487.750     30.000     -0.660
    29     35     31     33 246212.266     31.000     -0.660
    30     36     32     34          -     32.000     -0.660
    31     37     33     35 -163348.984     33.000     -0.660
    32     38     34     36 223693.203     34.000     -0.660
    33     39     35     37  50030.895     35.000     -0.660
    34     40     36     38 -147354.734     36.000     -0.660
    35     41     37     39 198753.016     37.000     -0.660
    36     42     38     40 1261796.750     38.000     -0.660
    37     43     39     41  87896.977     39.000     -0.660
    38     44     40     42 -328503.656     40.000     -0.660
    39     45     41     43 1394934.630     41.000     -0.660
    40     46     42     44          -     42.000     -0.660
    41     47     43     45          -     43.000     -0.660
    42     48     44     46 1179553.500     44.000     -0.660
     1     10      4      7 2669930.250      4.500     -0.990
     2     11      5      8          -      5.500     -0.990
     3     12      6      9          -      6.500     -0.990
     4     13      7     10          -      7.500     -0.990
     5     14      8     11          -      8.500     -0.990
     6     15      9     12          -      9.500     -0.990
     7     16     10     13          -     10.500     -0.990
     8     17     11     14          -     11.500     -0.990
     9     18     12     15 717288.563     12.500     -0.990
    10     19     13     16          -     13.500     -0.990
    11     20     14     17 1603031.630     14.500     -0.990
    12     21     15     18          -     15.500     -0.990
    13     22     16     19          -     16.500     -0.990
    14     23     17     20          -     17.500     -0.990
    15     24     18     21          -     18.500     -0.990
    16     25     19     22          -     19.500     -0.990
    17     26     20     23          -     20.500     -0.990
    18     27     21     24          -     21.500     -0.990
    19     28     22     25 2493851.250     22.500     -0.990
    20     29     23     26 827598.375     23.500     -0.990
    21     30     24     27 2745784.750     24.500     -0.990
    22     31     25     28 2719450.750     25.500     -0.990
    23     32     26     29 936464.188     26.500     -0.990
    24     33     27     30 3642824.750     27.500     -0.990
    25     34     28     31          -     28.500     -0.990
    26     35     29     32 453991.156     29.500     -0.990
    27     36     30     33          -     30.500     -0.990
    28     37     31     34 1956348.130     31.500     -0.990
    29     38     32     35 1645728.500     32.500     -0.990
    30     39     33     36          -     33.500     -0.990
    31     40     34     37 2200072.250     34.500     -0.990
    32     41     35     38 441168.156     35.500     -0.990
    33     42     36     39 855191.250     36.500     -0.990
    34     43     37     40 -197221.016     37.500     -0.990
    35     44     38     41 -1674249.630     38.500     -0.990
    36     45     39     42 367149.750     39.500     -0.990
    37     46     40     43 1468993.880     40.500     -0.990
    38     47     41     44          -     41.500     -0.990
    39     48     42     45          -     42.500     -0.990
     1     13      5      9 1105627.250      6.000     -1.320
     2     14      6     10          -      7.000     -1.320
     3     15      7     11          -      8.000     -1.320
     4     16      8     12          -      9.000     -1.320
     5     17      9     13          -     10.000     -1.320
     6     18     10     14 -177485.156     11.000     -1.320
     7     19     11     15          -     12.000     -1.320
     8     20     12     16          -     13.000     -1.320
     9     21     13     17          -     14.000     -1.320
    10     22     14     18 1941638.630     15.000     -1.320
    11     23     15     19          -     16.000     -1.320
    12     24     16     20          -     17.000     -1.320
    13     25     17     21          -     18.000     -1.320
    14     26     18     22          -     19.000     -1.320
    15     27     19     23          -     20.000     -1.320
    16     28     20     24          -     21.000     -1.320
    17     29     21     25          -     22.000     -1.320
    18     30     22     26 5003183.000     23.000     -1.320
    19     31     23     27 767799.250     24.000     -1.320
    20     32     24     28 2544195.500     25.000     -1.320
    21     33     25     29 -1332098.880     26.000     -1.320
    22     34     26     30 2040344.880     27.000     -1.320
    23     35     27     31 3353210.000     28.000     -1.320
    24     36     28     32 855654.000     29.000     -1.320
    25     37     29     33 334005.813     30.000     -1.320
    26     38     30     34 1111997.630     31.000     -1.320
    27     39     31     35 148758.969     32.000     -1.320
    28     40     32     36 957645.938     33.000     -1.320
    29     41     33     37 -513092.938     34.000     -1.320
    30     42     34     38 -2629933.250     35.000     -1.320
    31     43     35     39 2075516.000     36.000     -1.320
    32     44     36     40 1419632.380     37.000     -1.320
    33     45     37     41 -2259238.500     38.000     -1.320
    34     46     38     42 -1694692.750     39.000     -1.320
    35     47     39     43 3848260.750     40.000     -1.320
    36     48     40     44          -     41.000     -1.320
     1     16      6     11 1145887.630      7.500     -1.650
     2     17      7     12          -      8.500     -1.650
     3     18      8     13          -      9.500     -1.650
     4     19      9     14          -     10.500     -1.650
     5     20     10     15          -     11.500     -1.650
     6     21     11     16          -     12.500     -1.650
     7     22     12     17          -     13.500     -1.650
     8     23     13     18          -     14.500     -1.650
     9     24     14     19          -     15.500     -1.650
    10     25     15     20 3461800.000     16.500     -1.650
    11     26     16     21          -     17.500     -1.650
    12     27     17     22          -     18.500     -1.650
    13     28     18     23          -     19.500     -1.650
    14     29     19     24          -     20.500     -1.650
    15     30     20     25          -     21.500     -1.650
    16     31     21     26          -     22.500     -1.650
    17     32     22     27 4140010.250     23.500     -1.650
    18     33     23     28 -294360.625     24.500     -1.650
    19     34     24     29 3159063.500     25.500     -1.650
    20     35     25     30 -5157440.500     26.500     -1.650
    21     36     26     31 -5516785.000     27.500     -1.650
    22     37     27     32 2044594.000     28.500     -1.650
    23     38     28     33 -1588858.880     29.500     -1.650
    24     39     29     34  23307.225     30.500     -1.650
    25     40     30     35 1028363.880     31.500     -1.650
    26     41     31     36 2498253.750     32.500     -1.650
    27     42     32     37 595395.563     33.500     -1.650
    28     43     33     38 668045.188     34.500     -1.650
    29     44     34     39  62339.785     35.500     -1.650
    30     45     35     40 2810953.750     36.500     -1.650
    31     46     36     41 -1265388.250     37.500     -1.650
    32     47     37     42 -1998909.880     38.500     -1.650
    33     48     38     43 735453.375     39.500     -1.650
     1     19      7     13          -      9.000     -1.980
     2     20      8     14          -     10.000     -1.980
     3     21      9     15          -     11.000     -1.980
     4     22     10     16 6503101.000     12.000     -1.980
     5     23     11     17          -     13.000     -1.980
     6     24     12     18          -     14.000     -1.980
     7     25     13     19          -     15.000     -1.980
     8     26     14     20 8940163.000     16.000     -1.980
     9     27     15     21          -     17.000     -1.980
    10     28     16     22          -     18.000     -1.980
    11     29     17     23          -     19.000     -1.980
    12     30     18     24          -     20.000     -1.980
    13     31     19     25          -     21.000     -1.980
    14     32     20     26          -     22.000     -1.980
    15     33     21     27          -     23.000     -1.980
    16     34     22     28 4293418.000     24.000     -1.980
    17     35     23     29 855630.313     25.000     -1.980
    18     36     24     30 5515286.500     26.000     -1.980
    19     37     25     31 -2156017.000     27.000     -1.980
    20     38     26     32 -4652001.000     28.000     -1.980
    21     39     27     33 -1634047.250     29.000     -1.980
    22     40     28     34 444485.813     30.000     -1.980
    23     41     29     35    842.952     31.000     -1.980
    24     42     30     36  -8652.322     32.000     -1.980
    25     43     31     37 2379320.500     33.000     -1.980
    26     44     32     38 3540144.500     34.000     -1.980
    27     45     33     39 157191.875     35.000     -1.980
    28     46     34     40 3191357.000     36.000     -1.980
    29     47     35     41 -928818.250     37.000     -1.980
    30     48     36     42          -     38.000     -1.980
     1     22      8     15 1774298.630     10.500     -2.310
     2     23      9     16 5086483.000     11.500     -2.310
     3     24     10     17          -     12.500     -2.310
     4     25     11     18 6923537.500     13.500     -2.310
     5     26     12     19          -     14.500     -2.310
     6     27     13     20          -     15.500     -2.310
     7     28     14     21          -     16.500     -2.310
     8     29     15     22          -     17.500     -2.310
     9     30     16     23          -     18.500     -2.310
    10     31     17     24          -     19.500     -2.310
    11     32     18     25          -     20.500     -2.310
    12     33     19     26          -     21.500     -2.310
    13     34     20     27          -     22.500     -2.310
    14     35     21     28          -     23.500     -2.310
    15     36     22     29 1999029.250     24.500     -2.310
    16     37     23     30 -3037486.500     25.500     -2.310
    17     38     24     31 3939103.250     26.500     -2.310
    18     39     25     32 -5954160.500     27.500     -2.310
    19     40     26     33 -603430.063     28.500     -2.310
    20     41     27     34 -2173214.500     29.500     -2.310
    21     42     28     35 947817.938     30.500     -2.310
    22     43     29     36 3278148.500     31.500     -2.310
    23     44     30     37 -102780.461     32.500     -2.310
    24     45     31     38 3137591.500     33.500     -2.310
    25     46     32     39 -230765.422     34.500     -2.310
    26     47     33     40 2902632.500     35.500     -2.310
    27     48     34     41 -1229786.250     36.500     -2.310
     1     25      9     17 161285.094     12.000     -2.640
     2     26     10     18 3158940.750     13.000     -2.640
     3     27     11     19          -     14.000     -2.640
     4     28     12     20 11963275.000     15.000     -2.640
     5     29     13     21 6406864.000     16.000     -2.640
     6     30     14     22          -     17.000     -2.640
     7     31     15     23          -     18.000     -2.640
     8     32     16     24          -     19.000     -2.640
     9     33     17     25          -     20.000     -2.640
    10     34     18     26          -     21.000     -2.640
    11     35     19     27          -     22.000     -2.640
    12     36     20     28          -     23.000     -2.640
    13     37     21     29          -     24.000     -2.640
    14     38     22     30 6601102.000     25.000     -2.640
    15     39     23     31 -4780104.500     26.000     -2.640
    16     40     24     32 323602.625     27.000     -2.640
    17     41     25     33 -389703.750     28.000     -2.640
    18     42     26     34 -1840176.000     29.000     -2.640
    19     43     27     35 -2434148.000     30.000     -2.640
    20     44     28     36 -3463293.500     31.000     -2.640
    21     45     29     37 -4101868.500     32.000     -2.640
    22     46     30     38 1584921.880     33.000     -2.640
    23     47     31     39 -10170347.000     34.000     -2.640
    24     48     32     40 932765.000     35.000     -2.640
     1     28     10     19 438588.625     13.500     -2.970
     2     29     11     20 4140812.500     14.500     -2.970
     3     30     12     21          -     15.500     -2.970
     4     31     13     22          -     16.500     -2.970
     5     32     14     23          -     17.500     -2.970
     6     33     15     24          -     18.500     -2.970
     7     34     16     25          -     19.500     -2.970
     8     35     17     26          -     20.500     -2.970
     9     36     18     27          -     21.500     -2.970
    10     37     19     28          -     22.500     -2.970
    11     38     20     29          -     23.500     -2.970
    12     39     21     30          -     24.500     -2.970
    13     40     22     31 -676059.125     25.500     -2.970
    14     41     23     32 -6018190.500     26.500     -2.970
    15     42     24     33 4042752.250     27.500     -2.970
    16     43     25     34 -3273931.750     28.500     -2.970
    17     44     26     35 -1041136.750     29.500     -2.970
    18     45     27     36          -     30.500     -2.970
    19     46     28     37 1791717.380     31.500     -2.970
    20     47     29     38 1120413.380     32.500     -2.970
    21     48     30     39          -     33.500     -2.970
     1     31     11     21          -     15.000     -3.300
     2     32     12     22          -     16.000     -3.300
     3     33     13     23          -     17.000     -3.300
     4     34     14     24          -     18.000     -3.300
     5     35     15     25          -     19.000     -3.300
     6     36     16     26          -     20.000     -3.300
     7     37     17     27          -     21.000     -3.300
     8     38     18     28          -     22.000     -3.300
     9     39     19     29          -     23.000     -3.300
    10     40     20     30          -     24.000     -3.300
    11     41     21     31          -     25.000     -3.300
    12     42     22     32 521932.844     26.000     -3.300
    13     43     23     33 -2053332.130     27.000     -3.300
    14     44     24     34 1608300.630     28.000     -3.300
    15     45     25     35 -4225278.000     29.000     -3.300
    16     46     26     36 -3236174.000     30.000     -3.300
    17     47     27     37 -2212592.250     31.000     -3.300
    18     48     28     38 -659229.875     32.000     -3.300
     1     34     12     23 887180.625     16.500     -3.630
     2     35     13     24          -     17.500     -3.630
     3     36     14     25          -     18.500     -3.630
     4     37     15     26          -     19.500     -3.630
     5     38     16     27          -     20.500     -3.630
     6     39     17     28          -     21.500     -3.630
     7     40     18     29          -     22.500     -3.630
     8     41     19     30          -     23.500     -3.630
     9     42     20     31          -     24.500     -3.630
    10     43     21     32          -     25.500     -3.630
    11     44     22     33 4444533.500     26.500     -3.630
    12     45     23     34 -3565429.000     27.500     -3.630
    13     46     24     35 655603.750     28.500     -3.630
    14     47     25     36 -6668081.500     29.500     -3.630
    15     48     26     37 -3444438.750     30.500     -3.630
     1     37     13     25          -     18.000     -3.960
     2     38     14     26          -     19.000     -3.960
     3     39     15     27          -     20.000     -3.960
     4     40     16     28          -     21.000     -3.960
     5     41     17     29          -     22.000     -3.960
     6     42     18     30          -     23.000     -3.960
     7     43     19     31          -     24.000     -3.960
     8     44     20     32          -     25.000     -3.960
     9     45     21     33          -     26.000     -3.960
    10     46     22     34 2383131.750     27.000     -3.960
    11     47     23     35 -4698973.000     28.000     -3.960
    12     48     24     36 -2228368.000     29.000     -3.960
     1     40     14     27 855871.625     19.500     -4.290
     2     41     15     28          -     20.500     -4.290
     3     42     16     29          -     21.500     -4.290
     4     43     17     30          -     22.500     -4.290
     5     44     18     31          -     23.500     -4.290
     6     45     19     32          -     24.500     -4.290
     7     46     20     33          -     25.500     -4.290
     8     47     21     34          -     26.500     -4.290
     9     48     22     35 -460565.469     27.500     -4.290
     1     43     15     29 1462974.130     21.000     -4.620
     2     44     16     30          -     22.000     -4.620
     3     45     17     31          -     23.000     -4.620
     4     46     18     32          -     24.000     -4.620
     5     47     19     33 17445860.000     25.000     -4.620
     6     48     20     34          -     26.000     -4.620
     1     46     16     31 8047844.000     22.500     -4.950
     2     47     17     32 16042754.000     23.500     -4.950
     3     48     18     33          -     24.500     -4.950
     1      2      4      3          -      1.500     -0.585
     2      3      5      4          -      2.500     -0.585
     3      4      6      5 -3068022.750      3.500     -0.585
     4      5      7      6 -1768308.630      4.500     -0.585
     5      6      8      7 -2456421.750      5.500     -0.585
     6      7      9      8 -2833644.250      6.500     -0.585
     7      8     10      9          -      7.500     -0.585
     8      9     11     10          -      8.500     -0.585
     9     10     12     11 2504368.500      9.500     -0.585
    10     11     13     12          -     10.500     -0.585
    11     12     14     13          -     11.500     -0.585
    12     13     15     14          -     12.500     -0.585
    13     14     16     15          -     13.500     -0.585
    14     15     17     16          -     14.500     -0.585
    15     16     18     17          -     15.500     -0.585
    16     17     19     18          -     16.500     -0.585
    17     18     20     19          -     17.500     -0.585
    18     19     21     20          -     18.500     -0.585
    19     20     22     21          -     19.500     -0.585
    20     21     23     22 -1344638.250     20.500     -0.585
    21     22     24     23 2934483.250     21.500     -0.585
    22     23     25     24 -627109.250     22.500     -0.585
    23     24     26     25  29004.398     23.500     -0.585
    24     25     27     26 509831.438     24.500     -0.585
    25     26     28     27 -2834216.500     25.500     -0.585
    26     27     29     28 -2623418.000     26.500     -0.585
    27     28     30     29 -3031350.250     27.500     -0.585
    28     29     31     30 1824325.000     28.500     -0.585
    29     30     32     31 -2031260.880     29.500     -0.585
    30     31     33     32          -     30.500     -0.585
    31     32     34     33 2088586.880     31.500     -0.585
    32     33     35     34 454060.313     32.500     -0.585
    33     34     36     35 200723.453     33.500     -0.585
    34     35     37     36 1813180.000     34.500     -0.585
    35     36     38     37 528412.188     35.500     -0.585
    36     37     39     38 -180903.719     36.500     -0.585
    37     38     40     39 -64153.617     37.500     -0.585
    38     39     41     40 -912136.813     38.500     -0.585
    39     40     42     41 -64465.160     39.500     -0.585
    40     41     43     42 885177.500     40.500     -0.585
    41     42     44     43 -98454.906     41.500     -0.585
    42     43     45     44 1085438.000     42.500     -0.585
    43     44     46     45 -1046939.190     43.500     -0.585
    44     45     47     46 -992293.563     44.500     -0.585
    45     46     48     47 3305352.000     45.500     -0.585
     1      2      5      4 -2306026.250      2.000     -0.780
     2      3      6      5          -      3.000     -0.780
     3      4      7      6 -15165326.000      4.000     -0.780
     4      5      8      7 -11465484.000      5.000     -0.780
     5      6      9      8 -8571393.000      6.000     -0.780
     6      7     10      9          -      7.000     -0.780
     7      8     11     10          -      8.000     -0.780
     8      9     12     11 -4255160.500      9.000     -0.780
     9     10     13     12          -     10.000     -0.780
    10     11     14     13          -     11.000     -0.780
    11     12     15     14          -     12.000     -0.780
    12     13     16     15          -     13.000     -0.780
    13     14     17     16 4138128.000     14.000     -0.780
    14     15     18     17          -     15.000     -0.780
    15     16     19     18          -     16.000     -0.780
    16     17     20     19          -     17.000     -0.780
    17     18     21     20          -     18.000     -0.780
    18     19     22     21          -     19.000     -0.780
    19     20     23     22          -     20.000     -0.780
    20     21     24     23 3988148.250     21.000     -0.780
    21     22     25     24          -     22.000     -0.780
    22     23     26     25 153376.297     23.000     -0.780
    23     24     27     26   2485.277     24.000     -0.780
    24     25     28     27 -2288362.750     25.000     -0.780
    25     26     29     28 11540304.000     26.000     -0.780
    26     27     30     29 13436494.000     27.000     -0.780
    27     28     31     30 6900406.000     28.000     -0.780
    28     29     32     31 -6026136.500     29.000     -0.780
    29     30     33     32          -     30.000     -0.780
    30     31     34     33 -7856740.000     31.000     -0.780
    31     32     35     34 -8477778.000     32.000     -0.780
    32     33     36     35 2377350.750     33.000     -0.780
    33     34     37     36  92297.625     34.000     -0.780
    34     35     38     37 2718916.250     35.000     -0.780
    35     36     39     38 8809715.000     36.000     -0.780
    36     37     40     39 716610.500     37.000     -0.780
    37     38     41     40 255406.109     38.000     -0.780
    38     39     42     41 477557.156     39.000     -0.780
    39     40     43     42 -2934185.750     40.000     -0.780
    40     41     44     43 3143702.500     41.000     -0.780
    41     42     45     44 -1355077.380     42.000     -0.780
    42     43     46     45 -7492723.000     43.000     -0.780
    43     44     47     46 -11658361.000     44.000     -0.780
    44     45     48     47 2826109.000     45.000     -0.780
     1      2      6      5 10794310.000      2.500     -0.975
     2      3      7      6 -2999784.750      3.500     -0.975
     3      4      8      7          -      4.500     -0.975
     4      5      9      8          -      5.500     -0.975
     5      6     10      9 5700518.000      6.500     -0.975
     6      7     11     10          -      7.500     -0.975
     7      8     12     11 -29042274.000      8.500     -0.975
     8      9     13     12 17045182.000      9.500     -0.975
     9     10     14     13 23002986.000     10.500     -0.975
    10     11     15     14          -     11.500     -0.975
    11     12     16     15          -     12.500     -0.975
    12     13     17     16          -     13.500     -0.975
    13     14     18     17 -34462068.000     14.500     -0.975
    14     15     19     18 -27322278.000     15.500     -0.975
    15     16     20     19          -     16.500     -0.975
    16     17     21     20          -     17.500     -0.975
    17     18     22     21          -     18.500     -0.975
    18     19     23     22 -19202942.000     19.500     -0.975
    19     20     24     23 -2677225.750     20.500     -0.975
    20     21     25     24 -12497392.000     21.500     -0.975
    21     22     26     25 1820459.000     22.500     -0.975
    22     23     27     26 -315813.813     23.500     -0.975
    23     24     28     27 -20202.758     24.500     -0.975
    24     25     29     28 -202455.844     25.500     -0.975
    25     26     30     29 -25156560.000     26.500     -0.975
    26     27     31     30 -18281744.000     27.500     -0.975
    27     28     32     31 21711704.000     28.500     -0.975
    28     29     33     32 2937149.750     29.500     -0.975
    29     30     34     33 9722432.000     30.500     -0.975
    30     31     35     34 19982164.000     31.500     -0.975
    31     32     36     35 -818145.750     32.500     -0.975
    32     33     37     36 -8187191.500     33.500     -0.975
    33     34     38     37 -8345740.500     34.500     -0.975
    34     35     39     38 -4048895.750     35.500     -0.975
    35     36     40     39 -3969388.250     36.500     -0.975
    36     37     41     40 -5037261.000     37.500     -0.975
    37     38     42     41 -162901.203     38.500     -0.975
    38     39     43     42 10585878.000     39.500     -0.975
    39     40     44     43 -7068689.500     40.500     -0.975
    40     41     45     44 -8492673.000     41.500     -0.975
    41     42     46     45  82643.391     42.500     -0.975
    42     43     47     46 7675630.500     43.500     -0.975
    43     44     48     47 26516918.000     44.500     -0.975
     1      2      7      6 8129338.500      3.000     -1.170
     2      3      8      7 8731597.000      4.000     -1.170
     3      4      9      8          -      5.000     -1.170
     4      5     10      9 -71175696.000      6.000     -1.170
     5      6     11     10 57762868.000      7.000     -1.170
     6      7     12     11          -      8.000     -1.170
     7      8     13     12 -11360394.000      9.000     -1.170
     8      9     14     13          -     10.000     -1.170
     9     10     15     14 -18056074.000     11.000     -1.170
    10     11     16     15          -     12.000     -1.170
    11     12     17     16 60047568.000     13.000     -1.170
    12     13     18     17          -     14.000     -1.170
    13     14     19     18 -14342254.000     15.000     -1.170
    14     15     20     19          -     16.000     -1.170
    15     16     21     20          -     17.000     -1.170
    16     17     22     21          -     18.000     -1.170
    17     18     23     22 57919176.000     19.000     -1.170
    18     19     24     23 35407416.000     20.000     -1.170
    19     20     25     24 11082472.000     21.000     -1.170
    20     21     26     25 3939425.250     22.000     -1.170
    21     22     27     26 -3854395.000     23.000     -1.170
    22     23     28     27 300078.531     24.000     -1.170
    23     24     29     28 -118792.563     25.000     -1.170
    24     25     30     29 -16706517.000     26.000     -1.170
    25     26     31     30 35571692.000     27.000     -1.170
    26     27     32     31 -16510922.000     28.000     -1.170
    27     28     33     32 20913048.000     29.000     -1.170
    28     29     34     33 290720.500     30.000     -1.170
    29     30     35     34 -17552854.000     31.000     -1.170
    30     31     36     35          -     32.000     -1.170
    31     32     37     36 -8341275.500     33.000     -1.170
    32     33     38     37 -11265799.000     34.000     -1.170
    33     34     39     38 17032692.000     35.000     -1.170
    34     35     40     39 -2312697.750     36.000     -1.170
    35     36     41     40 18451084.000     37.000     -1.170
    36     37     42     41 2528275.750     38.000     -1.170
    37     38     43     42 -3664752.250     39.000     -1.170
    38     39     44     43 16353702.000     40.000     -1.170
    39     40     45     44 19906938.000     41.000     -1.170
    40     41     46     45 28746264.000     42.000     -1.170
    41     42     47     46 -5167120.000     43.000     -1.170
    42     43     48     47 8520750.000     44.000     -1.170
     1      2      8      7 6840286.000      3.500     -1.365
     2      3      9      8          -      4.500     -1.365
     3      4     10      9 84186304.000      5.500     -1.365
     4      5     11     10 -9665077.000      6.500     -1.365
     5      6     12     11          -      7.500     -1.365
     6      7     13     12 -64785464.000      8.500     -1.365
     7      8     14     13 25587490.000      9.500     -1.365
     8      9     15     14 -4508671.500     10.500     -1.365
     9     10     16     15 -13794256.000     11.500     -1.365
    10     11     17     16 -58425544.000     12.500     -1.365
    11     12     18     17          -     13.500     -1.365
    12     13     19     18          -     14.500     -1.365
    13     14     20     19          -     15.500     -1.365
    14     15     21     20          -     16.500     -1.365
    15     16     22     21          -     17.500     -1.365
    16     17     23     22 -51988600.000     18.500     -1.365
    17     18     24     23 46864188.000     19.500     -1.365
    18     19     25     24 -80361056.000     20.500     -1.365
    19     20     26     25 4551488.500     21.500     -1.365
    20     21     27     26 -5338796.000     22.500     -1.365
    21     22     28     27 4095645.000     23.500     -1.365
    22     23     29     28 -393092.906     24.500     -1.365
    23     24     30     29 -2761831.500     25.500     -1.365
    24     25     31     30 15546564.000     26.500     -1.365
    25     26     32     31 50946728.000     27.500     -1.365
    26     27     33     32 -41913364.000     28.500     -1.365
    27     28     34     33 -6747117.500     29.500     -1.365
    28     29     35     34 1131642.500     30.500     -1.365
    29     30     36     35          -     31.500     -1.365
    30     31     37     36          -     32.500     -1.365
    31     32     38     37 32602850.000     33.500     -1.365
    32     33     39     38 -16804354.000     34.500     -1.365
    33     34     40     39 -2136921.000     35.500     -1.365
    34     35     41     40 4708148.000     36.500     -1.365
    35     36     42     41 -8208742.000     37.500     -1.365
    36     37     43     42 8764612.000     38.500     -1.365
    37     38     44     43 309616.688     39.500     -1.365
    38     39     45     44 6084746.500     40.500     -1.365
    39     40     46     45 -51199548.000     41.500     -1.365
    40     41     47     46 1482416.630     42.500     -1.365
    41     42     48     47 10445549.000     43.500     -1.365
     1      3      9      7          -      4.000     -1.560
     2      4     10      8 -15142079.000      5.000     -1.560
     3      5     11      9          -      6.000     -1.560
     4      6     12     10 -30465738.000      7.000     -1.560
     5      7     13     11          -      8.000     -1.560
     6      8     14     12          -      9.000     -1.560
     7      9     15     13 24722006.000     10.000     -1.560
     8     10     16     14 -3724862.750     11.000     -1.560
     9     11     17     15          -     12.000     -1.560
    10     12     18     16          -     13.000     -1.560
    11     13     19     17 -23933164.000     14.000     -1.560
    12     14     20     18          -     15.000     -1.560
    13     15     21     19 -4384167.500     16.000     -1.560
    14     16     22     20          -     17.000     -1.560
    15     17     23     21          -     18.000     -1.560
    16     18     24     22 18889860.000     19.000     -1.560
    17     19     25     23 -489497.406     20.000     -1.560
    18     20     26     24 -5475141.000     21.000     -1.560
    19     21     27     25 303033.063     22.000     -1.560
    20     22     28     26 -587780.500     23.000     -1.560
    21     23     29     27 331654.250     24.000     -1.560
    22     24     30     28 -686950.688     25.000     -1.560
    23     25     31     29 -881919.000     26.000     -1.560
    24     26     32     30 28438698.000     27.000     -1.560
    25     27     33     31 -234927.344     28.000     -1.560
    26     28     34     32  39287.000     29.000     -1.560
    27     29     35     33 -1680275.250     30.000     -1.560
    28     30     36     34          -     31.000     -1.560
    29     31     37     35 3057464.750     32.000     -1.560
    30     32     38     36 -29060642.000     33.000     -1.560
    31     33     39     37 -10164061.000     34.000     -1.560
    32     34     40     38 2845339.250     35.000     -1.560
    33     35     41     39 259342.344     36.000     -1.560
    34     36     42     40 5487821.500     37.000     -1.560
    35     37     43     41 -9121914.000     38.000     -1.560
    36     38     44     42 4754795.500     39.000     -1.560
    37     39     45     43 5527306.000     40.000     -1.560
    38     40     46     44 210497.703     41.000     -1.560
    39     41     47     45 1703489.630     42.000     -1.560
    40     42     48     46 -8540568.000     43.000     -1.560
     1      3     11      9          -      5.000     -1.950
     2      4     12     10 -10169704.000      6.000     -1.950
     3      5     13     11          -      7.000     -1.950
     4      6     14     12 30360438.000      8.000     -1.950
     5      7     15     13 17953930.000      9.000     -1.950
     6      8     16     14          -     10.000     -1.950
     7      9     17     15 39287848.000     11.000     -1.950
     8     10     18     16 -84094688.000     12.000     -1.950
     9     11     19     17          -     13.000     -1.950
    10     12     20     18          -     14.000     -1.950
    11     13     21     19          -     15.000     -1.950
    12     14     22     20          -     16.000     -1.950
    13     15     23     21 8579817.000     17.000     -1.950
    14     16     24     22 -1595531.250     18.000     -1.950
    15     17     25     23 -4206559.000     19.000     -1.950
    16     18     26     24 -9255859.000     20.000     -1.950
    17     19     27     25 330240.281     21.000     -1.950
    18     20     28     26 -1981358.880     22.000     -1.950
    19     21     29     27 -943732.750     23.000     -1.950
    20     22     30     28 786493.625     24.000     -1.950
    21     23     31     29 8778468.000     25.000     -1.950
    22     24     32     30 4961781.500     26.000     -1.950
    23     25     33     31 2405794.250     27.000     -1.950
    24     26     34     32 4247757.000     28.000     -1.950
    25     27     35     33  42627.500     29.000     -1.950
    26     28     36     34 -20348448.000     30.000     -1.950
    27     29     37     35 -3543501.500     31.000     -1.950
    28     30     38     36          -     32.000     -1.950
    29     31     39     37 21393678.000     33.000     -1.950
    30     32     40     38 -50873648.000     34.000     -1.950
    31     33     41     39 -3128399.250     35.000     -1.950
    32     34     42     40 -248976.531     36.000     -1.950
    33     35     43     41 -3281826.500     37.000     -1.950
    34     36     44     42 -39187200.000     38.000     -1.950
    35     37     45     43 -10649572.000     39.000     -1.950
    36     38     46     44 14932777.000     40.000     -1.950
    37     39     47     45 13883947.000     41.000     -1.950
    38     40     48     46 18034100.000     42.000     -1.950
     1      3     13     11 -103209032.000      6.000     -2.340
     2      4     14     12 69922752.000      7.000     -2.340
     3      5     15     13          -      8.000     -2.340
     4      6     16     14          -      9.000     -2.340
     5      7     17     15 133989792.000     10.000     -2.340
     6      8     18     16 89561472.000     11.000     -2.340
     7      9     19     17 -94007160.000     12.000     -2.340
     8     10     20     18 103983136.000     13.000     -2.340
     9     11     21     19          -     14.000     -2.340
    10     12     22     20          -     15.000     -2.340
    11     13     23     21          -     16.000     -2.340
    12     14     24     22 84632296.000     17.000     -2.340
    13     15     25     23 -5831291.500     18.000     -2.340
    14     16     26     24 -6707479.000     19.000     -2.340
    15     17     27     25 427168.656     20.000     -2.340
    16     18     28     26 -3174310.750     21.000     -2.340
    17     19     29     27 -775629.125     22.000     -2.340
    18     20     30     28 -8943255.000     23.000     -2.340
    19     21     31     29 8341811.500     24.000     -2.340
    20     22     32     30 22740724.000     25.000     -2.340
    21     23     33     31 -17982056.000     26.000     -2.340
    22     24     34     32 -6586581.000     27.000     -2.340
    23     25     35     33 -234793.859     28.000     -2.340
    24     26     36     34 -16817830.000     29.000     -2.340
    25     27     37     35 -285174.969     30.000     -2.340
    26     28     38     36 19799776.000     31.000     -2.340
    27     29     39     37 24968454.000     32.000     -2.340
    28     30     40     38 86817248.000     33.000     -2.340
    29     31     41     39 3141384.000     34.000     -2.340
    30     32     42     40 -8350715.500     35.000     -2.340
    31     33     43     41 25385778.000     36.000     -2.340
    32     34     44     42 17385512.000     37.000     -2.340
    33     35     45     43 -6082906.000     38.000     -2.340
    34     36     46     44 -58447424.000     39.000     -2.340
    35     37     47     45 -22833584.000     40.000     -2.340
    36     38     48     46 -41201428.000     41.000     -2.340
     1      3     15     13 220076208.000      7.000     -2.730
     2      4     16     14 62082980.000      8.000     -2.730
     3      5     17     15 216559600.000      9.000     -2.730
     4      6     18     16 -71992840.000     10.000     -2.730
     5      7     19     17 -71685968.000     11.000     -2.730
     6      8     20     18 -54288272.000     12.000     -2.730
     7      9     21     19 32451242.000     13.000     -2.730
     8     10     22     20          -     14.000     -2.730
     9     11     23     21          -     15.000     -2.730
    10     12     24     22 -1166436.880     16.000     -2.730
    11     13     25     23 32405800.000     17.000     -2.730
    12     14     26     24 -52725848.000     18.000     -2.730
    13     15     27     25 1186638.000     19.000     -2.730
    14     16     28     26 -5229359.000     20.000     -2.730
    15     17     29     27 -760687.063     21.000     -2.730
    16     18     30     28 -15558571.000     22.000     -2.730
    17     19     31     29 15125032.000     23.000     -2.730
    18     20     32     30 80907232.000     24.000     -2.730
    19     21     33     31 -11144024.000     25.000     -2.730
    20     22     34     32 -45459164.000     26.000     -2.730
    21     23     35     33 547342.125     27.000     -2.730
    22     24     36     34 -538782.813     28.000     -2.730
    23     25     37     35 410183.375     29.000     -2.730
    24     26     38     36 12041328.000     30.000     -2.730
    25     27     39     37 -4052954.750     31.000     -2.730
    26     28     40     38 18876704.000     32.000     -2.730
    27     29     41     39 -784194.813     33.000     -2.730
    28     30     42     40 -1192338.130     34.000     -2.730
    29     31     43     41 -20693760.000     35.000     -2.730
    30     32     44     42 51389900.000     36.000     -2.730
    31     33     45     43 30370150.000     37.000     -2.730
    32     34     46     44 -15819297.000     38.000     -2.730
    33     35     47     45 15017761.000     39.000     -2.730
    34     36     48     46 110886088.000     40.000     -2.730
     1      4     16     13 87725048.000      7.500     -2.925
     2      5     17     14          -      8.500     -2.925
     3      6     18     15          -      9.500     -2.925
     4      7     19     16 117626248.000     10.500     -2.925
     5      8     20     17 -6316633.500     11.500     -2.925
     6      9     21     18          -     12.500     -2.925
     7     10     22     19          -     13.500     -2.925
     8     11     23     20 15898579.000     14.500     -2.925
     9     12     24     21 24180896.000     15.500     -2.925
    10     13     25     22 -3876156.500     16.500     -2.925
    11     14     26     23 9160664.000     17.500     -2.925
    12     15     27     24 -18961220.000     18.500     -2.925
    13     16     28     25 2083524.250     19.500     -2.925
    14     17     29     26 -3520731.250     20.500     -2.925
    15     18     30     27 -6583520.000     21.500     -2.925
    16     19     31     28 5404463.500     22.500     -2.925
    17     20     32     29 21881636.000     23.500     -2.925
    18     21     33     30 8266669.000     24.500     -2.925
    19     22     34     31 -6018310.500     25.500     -2.925
    20     23     35     32 -20863608.000     26.500     -2.925
    21     24     36     33 3015163.750     27.500     -2.925
    22     25     37     34 -817295.688     28.500     -2.925
    23     26     38     35 -13047756.000     29.500     -2.925
    24     27     39     36 -6582295.000     30.500     -2.925
    25     28     40     37 18250230.000     31.500     -2.925
    26     29     41     38 -2814133.250     32.500     -2.925
    27     30     42     39 11765243.000     33.500     -2.925
    28     31     43     40 9999291.000     34.500     -2.925
    29     32     44     41 -20712386.000     35.500     -2.925
    30     33     45     42 58953652.000     36.500     -2.925
    31     34     46     43 29712982.000     37.500     -2.925
    32     35     47     44 34288092.000     38.500     -2.925
    33     36     48     45 5670672.500     39.500     -2.925
     1      4     19     16          -      9.000     -3.510
     2      5     20     17 -15558572.000     10.000     -3.510
     3      6     21     18          -     11.000     -3.510
     4      7     22     19 197719792.000     12.000     -3.510
     5      8     23     20          -     13.000     -3.510
     6      9     24     21          -     14.000     -3.510
     7     10     25     22 68153152.000     15.000     -3.510
     8     11     26     23 2758570.250     16.000     -3.510
     9     12     27     24 -61338976.000     17.000     -3.510
    10     13     28     25 3258042.000     18.000     -3.510
    11     14     29     26 -6090420.000     19.000     -3.510
    12     15     30     27 -8950563.000     20.000     -3.510
    13     16     31     28 11784207.000     21.000     -3.510
    14     17     32     29 40256084.000     22.000     -3.510
    15     18     33     30 11445876.000     23.000     -3.510
    16     19     34     31 -10908539.000     24.000     -3.510
    17     20     35     32 -40127312.000     25.000     -3.510
    18     21     36     33 5360206.500     26.000     -3.510
    19     22     37     34 435176.188     27.000     -3.510
    20     23     38     35 3022799.500     28.000     -3.510
    21     24     39     36 -7517381.000     29.000     -3.510
    22     25     40     37 4494914.000     30.000     -3.510
    23     26     41     38 45407748.000     31.000     -3.510
    24     27     42     39 824781.063     32.000     -3.510
    25     28     43     40 -23778560.000     33.000     -3.510
    26     29     44     41 -12936477.000     34.000     -3.510
    27     30     45     42 -118833440.000     35.000     -3.510
    28     31     46     43 -76457960.000     36.000     -3.510
    29     32     47     44 -92876904.000     37.000     -3.510
    30     33     48     45 2682037.250     38.000     -3.510
     1      4     22     19          -     10.500     -4.095
     2      5     23     20          -     11.500     -4.095
     3      6     24     21 204288672.000     12.500     -4.095
     4      7     25     22 119238632.000     13.500     -4.095
     5      8     26     23 -36889184.000     14.500     -4.095
     6      9     27     24 -1536236.000     15.500     -4.095
     7     10     28     25 4098866.250     16.500     -4.095
     8     11     29     26 -8539758.000     17.500     -4.095
     9     12     30     27 -13157313.000     18.500     -4.095
    10     13     31     28 19664194.000     19.500     -4.095
    11     14     32     29 62438408.000     20.500     -4.095
    12     15     33     30 17069878.000     21.500     -4.095
    13     16     34     31 -21016978.000     22.500     -4.095
    14     17     35     32 -67206848.000     23.500     -4.095
    15     18     36     33 7366170.500     24.500     -4.095
    16     19     37     34 -800309.750     25.500     -4.095
    17     20     38     35 -1372754.130     26.500     -4.095
    18     21     39     36 -7683021.000     27.500     -4.095
    19     22     40     37 4042557.750     28.500     -4.095
    20     23     41     38 -8040445.000     29.500     -4.095
    21     24     42     39 2094747.000     30.500     -4.095
    22     25     43     40 -5825351.500     31.500     -4.095
    23     26     44     41 -16612346.000     32.500     -4.095
    24     27     45     42 9690129.000     33.500     -4.095
    25     28     46     43 12129566.000     34.500     -4.095
    26     29     47     44 6742663.000     35.500     -4.095
    27     30     48     45 -3879842.000     36.500     -4.095
     1      5     25     21          -     12.000     -4.680
     2      6     26     22 167093056.000     13.000     -4.680
     3      7     27     23 -1313205.000     14.000     -4.680
     4      8     28     24 -7292282.000     15.000     -4.680
     5      9     29     25 -372995.031     16.000     -4.680
     6     10     30     26 -15464539.000     17.000     -4.680
     7     11     31     27 10446032.000     18.000     -4.680
     8     12     32     28 37114112.000     19.000     -4.680
     9     13     33     29 1496790.500     20.000     -4.680
    10     14     34     30 13230082.000     21.000     -4.680
    11     15     35     31 -9852815.000     22.000     -4.680
    12     16     36     32 -52731772.000     23.000     -4.680
    13     17     37     33 2094185.630     24.000     -4.680
    14     18     38     34 -1424574.130     25.000     -4.680
    15     19     39     35 -1478514.000     26.000     -4.680
    16     20     40     36 5587114.000     27.000     -4.680
    17     21     41     37 1018569.690     28.000     -4.680
    18     22     42     38 -4046999.750     29.000     -4.680
    19     23     43     39 139842.609     30.000     -4.680
    20     24     44     40 -1258004.380     31.000     -4.680
    21     25     45     41 11879051.000     32.000     -4.680
    22     26     46     42 -34629020.000     33.000     -4.680
    23     27     47     43 -1935638.380     34.000     -4.680
    24     28     48     44 12438280.000     35.000     -4.680
     1      5     29     25 -357919.125     14.000     -5.460
     2      6     30     26 -17983122.000     15.000     -5.460
     3      7     31     27 16351782.000     16.000     -5.460
     4      8     32     28 47334420.000     17.000     -5.460
     5      9     33     29 2115636.500     18.000     -5.460
     6     10     34     30 19965598.000     19.000     -5.460
     7     11     35     31 -17494812.000     20.000     -5.460
     8     12     36     32 -62292784.000     21.000     -5.460
     9     13     37     33 2446823.250     22.000     -5.460
    10     14     38     34 -1301708.880     23.000     -5.460
    11     15     39     35 -976248.750     24.000     -5.460
    12     16     40     36 9284575.000     25.000     -5.460
    13     17     41     37 -3749429.250     26.000     -5.460
    14     18     42     38 2044965.630     27.000     -5.460
    15     19     43     39 3714278.750     28.000     -5.460
    16     20     44     40 -9207228.000     29.000     -5.460
    17     21     45     41 -647252.313     30.000     -5.460
    18     22     46     42 6265445.000     31.000     -5.460
    19     23     47     43 -6765511.500     32.000     -5.460
    20     24     48     44 11903932.000     33.000     -5.460
     1      6     31     26 -11938068.000     15.000     -5.850
     2      7     32     27 4021259.000     16.000     -5.850
     3      8     33     28 -2054542.250     17.000     -5.850
     4      9     34     29 3422754.250     18.000     -5.850
     5     10     35     30 15294396.000     19.000     -5.850
     6     11     36     31 -7757072.000     20.000     -5.850
     7     12     37     32 -51499688.000     21.000     -5.850
     8     13     38     33 416009.125     22.000     -5.850
     9     14     39     34 -2550341.500     23.000     -5.850
    10     15     40     35 9186187.000     24.000     -5.850
    11     16     41     36 -3467635.000     25.000     -5.850
    12     17     42     37 -394162.563     26.000     -5.850
    13     18     43     38 182180.703     27.000     -5.850
    14     19     44     39 5428023.500     28.000     -5.850
    15     20     45     40 -11528863.000     29.000     -5.850
    16     21     46     41 -4181127.500     30.000     -5.850
    17     22     47     42 5091692.000     31.000     -5.850
    18     23     48     43 12091747.000     32.000     -5.850
     1      6     36     31 47732248.000     17.500     -6.825
     2      7     37     32 -10241639.000     18.500     -6.825
     3      8     38     33 2224497.500     19.500     -6.825
     4      9     39     34 -681210.313     20.500     -6.825
     5     10     40     35 15342225.000     21.500     -6.825
     6     11     41     36 -5739175.000     22.500     -6.825
     7     12     42     37 1886316.880     23.500     -6.825
     8     13     43     38 477978.656     24.500     -6.825
     9     14     44     39 9944760.000     25.500     -6.825
    10     15     45     40 -16380319.000     26.500     -6.825
    11     16     46     41 -4584834.500     27.500     -6.825
    12     17     47     42 2099708.500     28.500     -6.825
    13     18     48     43 34628188.000     29.500     -6.825
     1      7     37     31 15015106.000     18.000     -7.020
     2      8     38     32 -7674037.000     19.000     -7.020
     3      9     39     33 1330025.630     20.000     -7.020
     4     10     40     34 6572316.500     21.000     -7.020
     5     11     41     35 -2197120.750     22.000     -7.020
     6     12     42     36 -1752964.630     23.000     -7.020
     7     13     43     37 491951.094     24.000     -7.020
     8     14     44     38 3954699.750     25.000     -7.020
     9     15     45     39 1759117.000     26.000     -7.020
    10     16     46     40 -14579726.000     27.000     -7.020
    11     17     47     41 1785061.630     28.000     -7.020
    12     18     48     42 19970108.000     29.000     -7.020
     1      7     43     37 32528944.000     21.000     -8.190
     2      8     44     38 1707318.380     22.000     -8.190
     3      9     45     39 102245.531     23.000     -8.190
     4     10     46     40 -17550840.000     24.000     -8.190
     5     11     47     41 7247953.000     25.000     -8.190
     6     12     48     42 23860656.000     26.000     -8.190
     1     10     46     37 -3304008.000     22.500     -8.775
     2     11     47     38 -1718564.750     23.500     -8.775
     3     12     48     39 9733489.000     24.500     -8.775
