48# Number of electrodes
# x z
0.000     0.000
1.000     0.000
2.000     0.000
3.000     0.000
4.000     0.000
5.000     0.000
6.000     0.000
7.000     0.000
8.000     0.000
9.000     0.000
10.000     0.000
11.000     0.000
12.000     0.000
13.000     0.000
14.000     0.000
15.000     0.000
16.000     0.000
17.000     0.000
18.000     0.000
19.000     0.000
20.000     0.000
21.000     0.000
22.000     0.000
23.000     0.000
24.000     0.000
25.000     0.000
26.000     0.000
27.000     0.000
28.000     0.000
29.000     0.000
30.000     0.000
31.000     0.000
32.000     0.000
33.000     0.000
34.000     0.000
35.000     0.000
36.000     0.000
37.000     0.000
38.000     0.000
39.000     0.000
40.000     0.000
41.000     0.000
42.000     0.000
43.000     0.000
44.000     0.000
45.000     0.000
46.000     0.000
47.000     0.000
909# Number of data
# a   b   m   n      rhoa      x      z
     1      4      2      3    836.408      1.500     -0.330
     2      5      3      4    973.672      2.500     -0.330
     3      6      4      5   1109.774      3.500     -0.330
     4      7      5      6   1237.380      4.500     -0.330
     5      8      6      7   1045.824      5.500     -0.330
     6      9      7      8   1456.668      6.500     -0.330
     7     10      8      9   1889.979      7.500     -0.330
     8     11      9     10   2788.947      8.500     -0.330
     9     12     10     11   2532.199      9.500     -0.330
    10     13     11     12   3293.886     10.500     -0.330
    11     14     12     13   2797.313     11.500     -0.330
    12     15     13     14   2661.774     12.500     -0.330
    13     16     14     15   2934.592     13.500     -0.330
    14     17     15     16   3063.477     14.500     -0.330
    15     18     16     17   3115.018     15.500     -0.330
    16     19     17     18   2685.492     16.500     -0.330
    17     20     18     19   2665.744     17.500     -0.330
    18     21     19     20   2312.841     18.500     -0.330
    19     22     20     21   1689.995     19.500     -0.330
    20     23     21     22   1769.391     20.500     -0.330
    21     24     22     23   1169.464     21.500     -0.330
    22     25     23     24   1441.850     22.500     -0.330
    23     26     24     25   1422.523     23.500     -0.330
    24     27     25     26   1548.379     24.500     -0.330
    25     28     26     27   1948.033     25.500     -0.330
    26     29     27     28   2173.504     26.500     -0.330
    27     30     28     29   1739.489     27.500     -0.330
    28     31     29     30   2251.392     28.500     -0.330
    29     32     30     31   1809.604     29.500     -0.330
    30     33     31     32   1786.442     30.500     -0.330
    31     34     32     33   1779.203     31.500     -0.330
    32     35     33     34   1331.760     32.500     -0.330
    33     36     34     35   1140.975     33.500     -0.330
    34     37     35     36    922.526     34.500     -0.330
    35     38     36     37    826.256     35.500     -0.330
    36     39     37     38    836.927     36.500     -0.330
    37     40     38     39    703.358     37.500     -0.330
    38     41     39     40    955.660     38.500     -0.330
    39     42     40     41    929.624     39.500     -0.330
    40     43     41     42   1002.977     40.500     -0.330
    41     44     42     43   1144.670     41.500     -0.330
    42     45     43     44   1347.342     42.500     -0.330
    43     46     44     45   1423.348     43.500     -0.330
    44     47     45     46   2045.135     44.500     -0.330
    45     48     46     47   2393.862     45.500     -0.330
     1      7      3      5    804.132      3.000     -0.660
     2      8      4      6   1027.207      4.000     -0.660
     3      9      5      7    971.113      5.000     -0.660
     4     10      6      8   1050.207      6.000     -0.660
     5     11      7      9   1595.543      7.000     -0.660
     6     12      8     10   2043.367      8.000     -0.660
     7     13      9     11   1961.796      9.000     -0.660
     8     14     10     12   2181.909     10.000     -0.660
     9     15     11     13   2608.134     11.000     -0.660
    10     16     12     14   2465.415     12.000     -0.660
    11     17     13     15   2417.489     13.000     -0.660
    12     18     14     16   2861.164     14.000     -0.660
    13     19     15     17   2873.361     15.000     -0.660
    14     20     16     18   2384.652     16.000     -0.660
    15     21     17     19   2373.105     17.000     -0.660
    16     22     18     20   2417.312     18.000     -0.660
    17     23     19     21   2119.353     19.000     -0.660
    18     24     20     22   1792.538     20.000     -0.660
    19     25     21     23   1636.143     21.000     -0.660
    20     26     22     24   1532.426     22.000     -0.660
    21     27     23     25   1519.152     23.000     -0.660
    22     28     24     26   1486.770     24.000     -0.660
    23     29     25     27   1716.580     25.000     -0.660
    24     30     26     28   1715.221     26.000     -0.660
    25     31     27     29   1594.327     27.000     -0.660
    26     32     28     30   1496.114     28.000     -0.660
    27     33     29     31   1594.327     29.000     -0.660
    28     34     30     32   1460.970     30.000     -0.660
    29     35     31     33   1423.373     31.000     -0.660
    30     36     32     34   1241.526     32.000     -0.660
    31     37     33     35   1051.640     33.000     -0.660
    32     38     34     36    772.833     34.000     -0.660
    33     39     35     37    865.048     35.000     -0.660
    34     40     36     38    619.129     36.000     -0.660
    35     41     37     39    679.902     37.000     -0.660
    36     42     38     40    809.540     38.000     -0.660
    37     43     39     41    919.586     39.000     -0.660
    38     44     40     42    836.701     40.000     -0.660
    39     45     41     43    842.950     41.000     -0.660
    40     46     42     44   1176.161     42.000     -0.660
    41     47     43     45   1356.944     43.000     -0.660
    42     48     44     46   1583.537     44.000     -0.660
     1     10      4      7    754.345      4.500     -0.990
     2     11      5      8    836.615      5.500     -0.990
     3     12      6      9   1006.645      6.500     -0.990
     4     13      7     10   1389.581      7.500     -0.990
     5     14      8     11   1715.247      8.500     -0.990
     6     15      9     12   2007.839      9.500     -0.990
     7     16     10     13   1842.549     10.500     -0.990
     8     17     11     14   1659.084     11.500     -0.990
     9     18     12     15   1764.251     12.500     -0.990
    10     19     13     16   1964.170     13.500     -0.990
    11     20     14     17   2051.149     14.500     -0.990
    12     21     15     18   2198.762     15.500     -0.990
    13     22     16     19   2079.591     16.500     -0.990
    14     23     17     20   1975.573     17.500     -0.990
    15     24     18     21   1887.162     18.500     -0.990
    16     25     19     22   1803.355     19.500     -0.990
    17     26     20     23   1539.387     20.500     -0.990
    18     27     21     24   1416.278     21.500     -0.990
    19     28     22     25   1287.722     22.500     -0.990
    20     29     23     26   1469.075     23.500     -0.990
    21     30     24     27   1423.343     24.500     -0.990
    22     31     25     28   1561.374     25.500     -0.990
    23     32     26     29   1364.081     26.500     -0.990
    24     33     27     30   1183.274     27.500     -0.990
    25     34     28     31   1048.797     28.500     -0.990
    26     35     29     32   1078.151     29.500     -0.990
    27     36     30     33   1070.052     30.500     -0.990
    28     37     31     34   1132.128     31.500     -0.990
    29     38     32     35   1004.129     32.500     -0.990
    30     39     33     36    844.932     33.500     -0.990
    31     40     34     37    765.422     34.500     -0.990
    32     41     35     38    674.526     35.500     -0.990
    33     42     36     39    673.422     36.500     -0.990
    34     43     37     40    713.576     37.500     -0.990
    35     44     38     41    754.730     38.500     -0.990
    36     45     39     42    738.662     39.500     -0.990
    37     46     40     43    779.023     40.500     -0.990
    38     47     41     44    907.009     41.500     -0.990
    39     48     42     45    983.154     42.500     -0.990
     1     13      5      9    717.384      6.000     -1.320
     2     14      6     10   1052.593      7.000     -1.320
     3     15      7     11   1285.030      8.000     -1.320
     4     16      8     12   1417.214      9.000     -1.320
     5     17      9     13   1420.354     10.000     -1.320
     6     18     10     14   1344.332     11.000     -1.320
     7     19     11     15   1230.172     12.000     -1.320
     8     20     12     16   1181.399     13.000     -1.320
     9     21     13     17   1269.587     14.000     -1.320
    10     22     14     18   1476.552     15.000     -1.320
    11     23     15     19   1710.598     16.000     -1.320
    12     24     16     20   1717.081     17.000     -1.320
    13     25     17     21   1597.750     18.000     -1.320
    14     26     18     22   1477.333     19.000     -1.320
    15     27     19     23   1253.397     20.000     -1.320
    16     28     20     24   1162.106     21.000     -1.320
    17     29     21     25   1134.631     22.000     -1.320
    18     30     22     26   1059.557     23.000     -1.320
    19     31     23     27   1248.651     24.000     -1.320
    20     32     24     28   1248.251     25.000     -1.320
    21     33     25     29   1124.058     26.000     -1.320
    22     34     26     30   1080.301     27.000     -1.320
    23     35     27     31    909.522     28.000     -1.320
    24     36     28     32    836.959     29.000     -1.320
    25     37     29     33    826.256     30.000     -1.320
    26     38     30     34   1084.103     31.000     -1.320
    27     39     31     35    841.660     32.000     -1.320
    28     40     32     36    784.598     33.000     -1.320
    29     41     33     37    649.984     34.000     -1.320
    30     42     34     38    615.947     35.000     -1.320
    31     43     35     39    573.703     36.000     -1.320
    32     44     36     40    608.220     37.000     -1.320
    33     45     37     41    629.015     38.000     -1.320
    34     46     38     42    938.029     39.000     -1.320
    35     47     39     43    707.768     40.000     -1.320
    36     48     40     44    741.096     41.000     -1.320
     1     16      6     11    865.209      7.500     -1.650
     2     17      7     12    956.682      8.500     -1.650
     3     18      8     13    993.102      9.500     -1.650
     4     19      9     14    923.821     10.500     -1.650
     5     20     10     15    915.056     11.500     -1.650
     6     21     11     16    974.714     12.500     -1.650
     7     22     12     17    900.487     13.500     -1.650
     8     23     13     18    931.095     14.500     -1.650
     9     24     14     19   1066.967     15.500     -1.650
    10     25     15     20   1279.541     16.500     -1.650
    11     26     16     21   1244.620     17.500     -1.650
    12     27     17     22   1170.677     18.500     -1.650
    13     28     18     23   1041.948     19.500     -1.650
    14     29     19     24    913.588     20.500     -1.650
    15     30     20     25    813.871     21.500     -1.650
    16     31     21     26    872.960     22.500     -1.650
    17     32     22     27    882.540     23.500     -1.650
    18     33     23     28    911.198     24.500     -1.650
    19     34     24     29    887.891     25.500     -1.650
    20     35     25     30    920.144     26.500     -1.650
    21     36     26     31    865.023     27.500     -1.650
    22     37     27     32    787.869     28.500     -1.650
    23     38     28     33    767.127     29.500     -1.650
    24     39     29     34    687.403     30.500     -1.650
    25     40     30     35    593.034     31.500     -1.650
    26     41     31     36    591.022     32.500     -1.650
    27     42     32     37    591.710     33.500     -1.650
    28     43     33     38    536.338     34.500     -1.650
    29     44     34     39    484.450     35.500     -1.650
    30     45     35     40    504.545     36.500     -1.650
    31     46     36     41    533.820     37.500     -1.650
    32     47     37     42    551.937     38.500     -1.650
    33     48     38     43    643.669     39.500     -1.650
     1     19      7     13    636.441      9.000     -1.980
     2     20      8     14    632.118     10.000     -1.980
     3     21      9     15    666.370     11.000     -1.980
     4     22     10     16    709.053     12.000     -1.980
     5     23     11     17    779.836     13.000     -1.980
     6     24     12     18    762.109     14.000     -1.980
     7     25     13     19    771.784     15.000     -1.980
     8     26     14     20    790.789     16.000     -1.980
     9     27     15     21    790.306     17.000     -1.980
    10     28     16     22    807.909     18.000     -1.980
    11     29     17     23    769.515     19.000     -1.980
    12     30     18     24    745.609     20.000     -1.980
    13     31     19     25    678.550     21.000     -1.980
    14     32     20     26    608.147     22.000     -1.980
    15     33     21     27    611.287     23.000     -1.980
    16     34     22     28    640.719     24.000     -1.980
    17     35     23     29    676.624     25.000     -1.980
    18     36     24     30    691.324     26.000     -1.980
    19     37     25     31    728.348     27.000     -1.980
    20     38     26     32    773.086     28.000     -1.980
    21     39     27     33    680.132     29.000     -1.980
    22     40     28     34    598.569     30.000     -1.980
    23     41     29     35    541.836     31.000     -1.980
    24     42     30     36    487.497     32.000     -1.980
    25     43     31     37    469.612     33.000     -1.980
    26     44     32     38    433.633     34.000     -1.980
    27     45     33     39    411.528     35.000     -1.980
    28     46     34     40    434.940     36.000     -1.980
    29     47     35     41    432.154     37.000     -1.980
    30     48     36     42    440.011     38.000     -1.980
     1     22      8     15    471.146     10.500     -2.310
     2     23      9     16    566.899     11.500     -2.310
     3     24     10     17    591.490     12.500     -2.310
     4     25     11     18    614.306     13.500     -2.310
     5     26     12     19    621.763     14.500     -2.310
     6     27     13     20    588.826     15.500     -2.310
     7     28     14     21    527.657     16.500     -2.310
     8     29     15     22    510.430     17.500     -2.310
     9     30     16     23    476.721     18.500     -2.310
    10     31     17     24    515.198     19.500     -2.310
    11     32     18     25    508.197     20.500     -2.310
    12     33     19     26    477.614     21.500     -2.310
    13     34     20     27    465.744     22.500     -2.310
    14     35     21     28    455.295     23.500     -2.310
    15     36     22     29    456.285     24.500     -2.310
    16     37     23     30    532.600     25.500     -2.310
    17     38     24     31    574.186     26.500     -2.310
    18     39     25     32    591.919     27.500     -2.310
    19     40     26     33    608.601     28.500     -2.310
    20     41     27     34    566.002     29.500     -2.310
    21     42     28     35    503.172     30.500     -2.310
    22     43     29     36    470.749     31.500     -2.310
    23     44     30     37    399.888     32.500     -2.310
    24     45     31     38    383.163     33.500     -2.310
    25     46     32     39    357.335     34.500     -2.310
    26     47     33     40    345.495     35.500     -2.310
    27     48     34     41    348.684     36.500     -2.310
     1     25      9     17    461.850     12.000     -2.640
     2     26     10     18    480.485     13.000     -2.640
     3     27     11     19    467.120     14.000     -2.640
     4     28     12     20    427.788     15.000     -2.640
     5     29     13     21    406.992     16.000     -2.640
     6     30     14     22    384.338     17.000     -2.640
     7     31     15     23    352.028     18.000     -2.640
     8     32     16     24    315.104     19.000     -2.640
     9     33     17     25    306.552     20.000     -2.640
    10     34     18     26    344.541     21.000     -2.640
    11     35     19     27    352.116     22.000     -2.640
    12     36     20     28    362.932     23.000     -2.640
    13     37     21     29    362.836     24.000     -2.640
    14     38     22     30    382.341     25.000     -2.640
    15     39     23     31    410.390     26.000     -2.640
    16     40     24     32    447.303     27.000     -2.640
    17     41     25     33    484.244     28.000     -2.640
    18     42     26     34    490.101     29.000     -2.640
    19     43     27     35    465.558     30.000     -2.640
    20     44     28     36    423.094     31.000     -2.640
    21     45     29     37    395.942     32.000     -2.640
    22     46     30     38    354.159     33.000     -2.640
    23     47     31     39    326.028     34.000     -2.640
    24     48     32     40    304.913     35.000     -2.640
     1     28     10     19    341.146     13.500     -2.970
     2     29     11     20    343.876     14.500     -2.970
     3     30     12     21    300.406     15.500     -2.970
     4     31     13     22    285.803     16.500     -2.970
     5     32     14     23    270.550     17.500     -2.970
     6     33     15     24    258.208     18.500     -2.970
     7     34     16     25    229.800     19.500     -2.970
     8     35     17     26    219.170     20.500     -2.970
     9     36     18     27    246.404     21.500     -2.970
    10     37     19     28    271.450     22.500     -2.970
    11     38     20     29    289.925     23.500     -2.970
    12     39     21     30    306.538     24.500     -2.970
    13     40     22     31    310.733     25.500     -2.970
    14     41     23     32    331.775     26.500     -2.970
    15     42     24     33    362.589     27.500     -2.970
    16     43     25     34    394.643     28.500     -2.970
    17     44     26     35    397.611     29.500     -2.970
    18     45     27     36    373.859     30.500     -2.970
    19     46     28     37    352.556     31.500     -2.970
    20     47     29     38    337.835     32.500     -2.970
    21     48     30     39    293.899     33.500     -2.970
     1     31     11     21    242.760     15.000     -3.300
     2     32     12     22    222.951     16.000     -3.300
     3     33     13     23    198.370     17.000     -3.300
     4     34     14     24    198.414     18.000     -3.300
     5     35     15     25    199.720     19.000     -3.300
     6     36     16     26    197.115     20.000     -3.300
     7     37     17     27    194.338     21.000     -3.300
     8     38     18     28    205.557     22.000     -3.300
     9     39     19     29    210.563     23.000     -3.300
    10     40     20     30    233.685     24.000     -3.300
    11     41     21     31    247.323     25.000     -3.300
    12     42     22     32    268.632     26.000     -3.300
    13     43     23     33    296.511     27.000     -3.300
    14     44     24     34    297.387     28.000     -3.300
    15     45     25     35    311.622     29.000     -3.300
    16     46     26     36    321.467     30.000     -3.300
    17     47     27     37    305.025     31.000     -3.300
    18     48     28     38    277.623     32.000     -3.300
     1     34     12     23    162.318     16.500     -3.630
     2     35     13     24    160.768     17.500     -3.630
     3     36     14     25    165.005     18.500     -3.630
     4     37     15     26    171.557     19.500     -3.630
     5     38     16     27    183.331     20.500     -3.630
     6     39     17     28    183.681     21.500     -3.630
     7     40     18     29    178.301     22.500     -3.630
     8     41     19     30    180.066     23.500     -3.630
     9     42     20     31    193.142     24.500     -3.630
    10     43     21     32    211.654     25.500     -3.630
    11     44     22     33    233.385     26.500     -3.630
    12     45     23     34    253.690     27.500     -3.630
    13     46     24     35    260.822     28.500     -3.630
    14     47     25     36    254.652     29.500     -3.630
    15     48     26     37    246.669     30.500     -3.630
     1     37     13     25    138.662     18.000     -3.960
     2     38     14     26    153.422     19.000     -3.960
     3     39     15     27    164.202     20.000     -3.960
     4     40     16     28    165.238     21.000     -3.960
     5     41     17     29    165.370     22.000     -3.960
     6     42     18     30    172.163     23.000     -3.960
     7     43     19     31    167.517     24.000     -3.960
     8     44     20     32    170.532     25.000     -3.960
     9     45     21     33    188.158     26.000     -3.960
    10     46     22     34    204.937     27.000     -3.960
    11     47     23     35    217.800     28.000     -3.960
    12     48     24     36    214.057     29.000     -3.960
     1     40     14     27    145.143     19.500     -4.290
     2     41     15     28    153.491     20.500     -4.290
     3     42     16     29    154.287     21.500     -4.290
     4     43     17     30    157.538     22.500     -4.290
     5     44     18     31    159.096     23.500     -4.290
     6     45     19     32    160.704     24.500     -4.290
     7     46     20     33    164.615     25.500     -4.290
     8     47     21     34    170.859     26.500     -4.290
     9     48     22     35    167.596     27.500     -4.290
     1     43     15     29    144.752     21.000     -4.620
     2     44     16     30    148.897     22.000     -4.620
     3     45     17     31    150.051     23.000     -4.620
     4     46     18     32    147.873     24.000     -4.620
     5     47     19     33    155.555     25.000     -4.620
     6     48     20     34    154.815     26.000     -4.620
     1     46     16     31    138.543     22.500     -4.950
     2     47     17     32    137.219     23.500     -4.950
     3     48     18     33    144.350     24.500     -4.950
     1      2      4      3   1105.326      1.500     -0.585
     2      3      5      4   1232.411      2.500     -0.585
     3      4      6      5   1137.876      3.500     -0.585
     4      5      7      6   1113.988      4.500     -0.585
     5      6      8      7   1449.029      5.500     -0.585
     6      7      9      8   1072.497      6.500     -0.585
     7      8     10      9   1662.364      7.500     -0.585
     8      9     11     10   2693.343      8.500     -0.585
     9     10     12     11   4476.007      9.500     -0.585
    10     11     13     12   2863.727     10.500     -0.585
    11     12     14     13   2718.025     11.500     -0.585
    12     13     15     14   2627.009     12.500     -0.585
    13     14     16     15   2895.879     13.500     -0.585
    14     15     17     16   3444.151     14.500     -0.585
    15     16     18     17   3020.850     15.500     -0.585
    16     17     19     18   3163.458     16.500     -0.585
    17     18     20     19   2613.290     17.500     -0.585
    18     19     21     20   2139.578     18.500     -0.585
    19     20     22     21   2025.848     19.500     -0.585
    20     21     23     22   1073.499     20.500     -0.585
    21     22     24     23   1462.713     21.500     -0.585
    22     23     25     24   1032.322     22.500     -0.585
    23     24     26     25   1242.586     23.500     -0.585
    24     25     27     26   1798.464     24.500     -0.585
    25     26     28     27   1882.616     25.500     -0.585
    26     27     29     28   2145.783     26.500     -0.585
    27     28     30     29   2886.949     27.500     -0.585
    28     29     31     30   1485.390     28.500     -0.585
    29     30     32     31   2010.300     29.500     -0.585
    30     31     33     32   2380.311     30.500     -0.585
    31     32     34     33   1744.351     31.500     -0.585
    32     33     35     34   1530.609     32.500     -0.585
    33     34     36     35   1082.762     33.500     -0.585
    34     35     37     36    856.890     34.500     -0.585
    35     36     38     37    858.537     35.500     -0.585
    36     37     39     38    773.123     36.500     -0.585
    37     38     40     39    942.677     37.500     -0.585
    38     39     41     40    683.977     38.500     -0.585
    39     40     42     41    967.596     39.500     -0.585
    40     41     43     42   1187.626     40.500     -0.585
    41     42     44     43   1221.795     41.500     -0.585
    42     43     45     44   1213.414     42.500     -0.585
    43     44     46     45   1472.497     43.500     -0.585
    44     45     47     46   1648.023     44.500     -0.585
    45     46     48     47   2891.552     45.500     -0.585
     1      2      5      4    898.007      2.000     -0.780
     2      3      6      5    950.342      3.000     -0.780
     3      4      7      6    913.465      4.000     -0.780
     4      5      8      7   1308.192      5.000     -0.780
     5      6      9      8   1571.835      6.000     -0.780
     6      7     10      9   1250.273      7.000     -0.780
     7      8     11     10   1643.870      8.000     -0.780
     8      9     12     11   3149.735      9.000     -0.780
     9     10     13     12   3663.573     10.000     -0.780
    10     11     14     13   2650.595     11.000     -0.780
    11     12     15     14   2992.502     12.000     -0.780
    12     13     16     15   3587.512     13.000     -0.780
    13     14     17     16   2839.965     14.000     -0.780
    14     15     18     17   3184.608     15.000     -0.780
    15     16     19     18   3882.265     16.000     -0.780
    16     17     20     19   3090.340     17.000     -0.780
    17     18     21     20   2291.671     18.000     -0.780
    18     19     22     21   2330.550     19.000     -0.780
    19     20     23     22   1612.676     20.000     -0.780
    20     21     24     23   1618.932     21.000     -0.780
    21     22     25     24   1450.983     22.000     -0.780
    22     23     26     25   1283.929     23.000     -0.780
    23     24     27     26   1670.385     24.000     -0.780
    24     25     28     27   1628.021     25.000     -0.780
    25     26     29     28   1698.627     26.000     -0.780
    26     27     30     29   2661.115     27.000     -0.780
    27     28     31     30   2059.544     28.000     -0.780
    28     29     32     31   2110.427     29.000     -0.780
    29     30     33     32   2004.259     30.000     -0.780
    30     31     34     33   1733.497     31.000     -0.780
    31     32     35     34   1520.451     32.000     -0.780
    32     33     36     35   1140.584     33.000     -0.780
    33     34     37     36    944.080     34.000     -0.780
    34     35     38     37   1564.863     35.000     -0.780
    35     36     39     38    560.513     36.000     -0.780
    36     37     40     39    946.445     37.000     -0.780
    37     38     41     40    809.086     38.000     -0.780
    38     39     42     41    650.471     39.000     -0.780
    39     40     43     42   1183.752     40.000     -0.780
    40     41     44     43   1290.132     41.000     -0.780
    41     42     45     44   1171.276     42.000     -0.780
    42     43     46     45   1179.580     43.000     -0.780
    43     44     47     46   1716.675     44.000     -0.780
    44     45     48     47   2039.620     45.000     -0.780
     1      2      6      5    802.673      2.500     -0.975
     2      3      7      6    739.731      3.500     -0.975
     3      4      8      7   1015.319      4.500     -0.975
     4      5      9      8   1478.492      5.500     -0.975
     5      6     10      9   1675.632      6.500     -0.975
     6      7     11     10   1277.342      7.500     -0.975
     7      8     12     11   1807.725      8.500     -0.975
     8      9     13     12   2458.643      9.500     -0.975
     9     10     14     13   2925.378     10.500     -0.975
    10     11     15     14   2836.814     11.500     -0.975
    11     12     16     15   3941.546     12.500     -0.975
    12     13     17     16   3486.916     13.500     -0.975
    13     14     18     17   2587.508     14.500     -0.975
    14     15     19     18   3479.103     15.500     -0.975
    15     16     20     19   3467.896     16.500     -0.975
    16     17     21     20   2539.243     17.500     -0.975
    17     18     22     21   2273.574     18.500     -0.975
    18     19     23     22   1780.743     19.500     -0.975
    19     20     24     23   2209.113     20.500     -0.975
    20     21     25     24   1515.882     21.500     -0.975
    21     22     26     25   1709.834     22.500     -0.975
    22     23     27     26   1547.283     23.500     -0.975
    23     24     28     27   1648.099     24.500     -0.975
    24     25     29     28   1343.195     25.500     -0.975
    25     26     30     29   2008.711     26.500     -0.975
    26     27     31     30   1895.562     27.500     -0.975
    27     28     32     31   2466.215     28.500     -0.975
    28     29     33     32   1942.418     29.500     -0.975
    29     30     34     33   1533.504     30.500     -0.975
    30     31     35     34   1434.699     31.500     -0.975
    31     32     36     35   1126.585     32.500     -0.975
    32     33     37     36   1028.242     33.500     -0.975
    33     34     38     37  -1202.870     34.500     -0.975
    34     35     39     38  -1401.891     35.500     -0.975
    35     36     40     39    832.483     36.500     -0.975
    36     37     41     40    756.642     37.500     -0.975
    37     38     42     41    650.970     38.500     -0.975
    38     39     43     42    731.471     39.500     -0.975
    39     40     44     43   1166.069     40.500     -0.975
    40     41     45     44   1099.253     41.500     -0.975
    41     42     46     45    967.884     42.500     -0.975
    42     43     47     46   1263.944     43.500     -0.975
    43     44     48     47   1934.861     44.500     -0.975
     1      2      7      6    689.830      3.000     -1.170
     2      3      8      7    810.705      4.000     -1.170
     3      4      9      8   1156.443      5.000     -1.170
     4      5     10      9   1548.108      6.000     -1.170
     5      6     11     10   1625.014      7.000     -1.170
     6      7     12     11   1391.416      8.000     -1.170
     7      8     13     12   1398.108      9.000     -1.170
     8      9     14     13   1859.627     10.000     -1.170
     9     10     15     14   3049.979     11.000     -1.170
    10     11     16     15   3547.577     12.000     -1.170
    11     12     17     16   3718.045     13.000     -1.170
    12     13     18     17   3012.992     14.000     -1.170
    13     14     19     18   2778.425     15.000     -1.170
    14     15     20     19   2866.776     16.000     -1.170
    15     16     21     20   2672.264     17.000     -1.170
    16     17     22     21   2397.988     18.000     -1.170
    17     18     23     22   1651.653     19.000     -1.170
    18     19     24     23   2248.530     20.000     -1.170
    19     20     25     24   1905.091     21.000     -1.170
    20     21     26     25   1684.224     22.000     -1.170
    21     22     27     26   1930.618     23.000     -1.170
    22     23     28     27   1429.784     24.000     -1.170
    23     24     29     28   1324.173     25.000     -1.170
    24     25     30     29   1531.221     26.000     -1.170
    25     26     31     30   1461.178     27.000     -1.170
    26     27     32     31   2147.089     28.000     -1.170
    27     28     33     32   2158.061     29.000     -1.170
    28     29     34     33   1337.228     30.000     -1.170
    29     30     35     34   1313.968     31.000     -1.170
    30     31     36     35   1057.358     32.000     -1.170
    31     32     37     36   1032.322     33.000     -1.170
    32     33     38     37    358.350     34.000     -1.170
    33     34     39     38   4582.554     35.000     -1.170
    34     35     40     39    777.222     36.000     -1.170
    35     36     41     40    680.736     37.000     -1.170
    36     37     42     41    601.230     38.000     -1.170
    37     38     43     42    692.512     39.000     -1.170
    38     39     44     43    700.692     40.000     -1.170
    39     40     45     44    949.868     41.000     -1.170
    40     41     46     45    880.041     42.000     -1.170
    41     42     47     46    976.998     43.000     -1.170
    42     43     48     47   1404.545     44.000     -1.170
     1      2      8      7    767.328      3.500     -1.365
     2      3      9      8    927.238      4.500     -1.365
     3      4     10      9   1240.158      5.500     -1.365
     4      5     11     10   1479.594      6.500     -1.365
     5      6     12     11   1708.157      7.500     -1.365
     6      7     13     12   1092.300      8.500     -1.365
     7      8     14     13   1048.773      9.500     -1.365
     8      9     15     14   1915.042     10.500     -1.365
     9     10     16     15   3591.839     11.500     -1.365
    10     11     17     16   3185.528     12.500     -1.365
    11     12     18     17   3076.223     13.500     -1.365
    12     13     19     18   2935.165     14.500     -1.365
    13     14     20     19   2230.839     15.500     -1.365
    14     15     21     20   2106.988     16.500     -1.365
    15     16     22     21   2439.184     17.500     -1.365
    16     17     23     22   1686.866     18.500     -1.365
    17     18     24     23   1969.219     19.500     -1.365
    18     19     25     24   1898.643     20.500     -1.365
    19     20     26     25   2022.850     21.500     -1.365
    20     21     27     26   1832.721     22.500     -1.365
    21     22     28     27   1728.354     23.500     -1.365
    22     23     29     28   1085.324     24.500     -1.365
    23     24     30     29   1494.731     25.500     -1.365
    24     25     31     30   1047.169     26.500     -1.365
    25     26     32     31   1591.550     27.500     -1.365
    26     27     33     32   1881.489     28.500     -1.365
    27     28     34     33   1470.912     29.500     -1.365
    28     29     35     34   1091.865     30.500     -1.365
    29     30     36     35   1034.264     31.500     -1.365
    30     31     37     36    915.586     32.500     -1.365
    31     32     38     37    564.931     33.500     -1.365
    32     33     39     38   1798.312     34.500     -1.365
    33     34     40     39    898.115     35.500     -1.365
    34     35     41     40    653.446     36.500     -1.365
    35     36     42     41    542.578     37.500     -1.365
    36     37     43     42    638.452     38.500     -1.365
    37     38     44     43    653.051     39.500     -1.365
    38     39     45     44    592.147     40.500     -1.365
    39     40     46     45    822.707     41.500     -1.365
    40     41     47     46    950.193     42.500     -1.365
    41     42     48     47   1105.085     43.500     -1.365
     1      3      9      7    840.530      4.000     -1.560
     2      4     10      8   1105.258      5.000     -1.560
     3      5     11      9   1408.574      6.000     -1.560
     4      6     12     10   1599.082      7.000     -1.560
     5      7     13     11   1382.893      8.000     -1.560
     6      8     14     12   1164.313      9.000     -1.560
     7      9     15     13   1576.737     10.000     -1.560
     8     10     16     14   2791.340     11.000     -1.560
     9     11     17     15   3404.252     12.000     -1.560
    10     12     18     16   3286.086     13.000     -1.560
    11     13     19     17   3003.611     14.000     -1.560
    12     14     20     18   2626.294     15.000     -1.560
    13     15     21     19   2364.974     16.000     -1.560
    14     16     22     20   2374.966     17.000     -1.560
    15     17     23     21   2144.070     18.000     -1.560
    16     18     24     22   1776.856     19.000     -1.560
    17     19     25     23   2015.224     20.000     -1.560
    18     20     26     24   1946.979     21.000     -1.560
    19     21     27     25   1861.659     22.000     -1.560
    20     22     28     26   1815.746     23.000     -1.560
    21     23     29     27   1395.422     24.000     -1.560
    22     24     30     28   1290.101     25.000     -1.560
    23     25     31     29   1344.211     26.000     -1.560
    24     26     32     30   1345.491     27.000     -1.560
    25     27     33     31   1834.678     28.000     -1.560
    26     28     34     32   1817.431     29.000     -1.560
    27     29     35     33   1289.492     30.000     -1.560
    28     30     36     34   1125.464     31.000     -1.560
    29     31     37     35    998.292     32.000     -1.560
    30     32     38     36    833.603     33.000     -1.560
    31     33     39     37    840.374     34.000     -1.560
    32     34     40     38   2593.791     35.000     -1.560
    33     35     41     39    765.101     36.000     -1.560
    34     36     42     40    621.612     37.000     -1.560
    35     37     43     41    594.880     38.000     -1.560
    36     38     44     42    659.254     39.000     -1.560
    37     39     45     43    640.311     40.000     -1.560
    38     40     46     44    777.853     41.000     -1.560
    39     41     47     45    875.479     42.000     -1.560
    40     42     48     46    998.120     43.000     -1.560
     1      3     11      9   1000.774      5.000     -1.950
     2      4     12     10   1100.275      6.000     -1.950
     3      5     13     11   1259.742      7.000     -1.950
     4      6     14     12   1108.393      8.000     -1.950
     5      7     15     13    874.452      9.000     -1.950
     6      8     16     14   1015.845     10.000     -1.950
     7      9     17     15   1681.133     11.000     -1.950
     8     10     18     16   2357.492     12.000     -1.950
     9     11     19     17   2423.321     13.000     -1.950
    10     12     20     18   2436.689     14.000     -1.950
    11     13     21     19   1977.348     15.000     -1.950
    12     14     22     20   1502.102     16.000     -1.950
    13     15     23     21   1441.278     17.000     -1.950
    14     16     24     22   1553.512     18.000     -1.950
    15     17     25     23   1778.061     19.000     -1.950
    16     18     26     24   1623.930     20.000     -1.950
    17     19     27     25   1907.175     21.000     -1.950
    18     20     28     26   2012.241     22.000     -1.950
    19     21     29     27   1502.977     23.000     -1.950
    20     22     30     28   1240.808     24.000     -1.950
    21     23     31     29   1077.833     25.000     -1.950
    22     24     32     30    940.982     26.000     -1.950
    23     25     33     31   1049.622     27.000     -1.950
    24     26     34     32   1041.135     28.000     -1.950
    25     27     35     33   1029.338     29.000     -1.950
    26     28     36     34    991.182     30.000     -1.950
    27     29     37     35    773.873     31.000     -1.950
    28     30     38     36    692.248     32.000     -1.950
    29     31     39     37    712.468     33.000     -1.950
    30     32     40     38    978.310     34.000     -1.950
    31     33     41     39    815.156     35.000     -1.950
    32     34     42     40    666.985     36.000     -1.950
    33     35     43     41    548.854     37.000     -1.950
    34     36     44     42    571.809     38.000     -1.950
    35     37     45     43    549.817     39.000     -1.950
    36     38     46     44    488.999     40.000     -1.950
    37     39     47     45    504.339     41.000     -1.950
    38     40     48     46    727.353     42.000     -1.950
     1      3     13     11    872.786      6.000     -2.340
     2      4     14     12    735.439      7.000     -2.340
     3      5     15     13    746.883      8.000     -2.340
     4      6     16     14    933.011      9.000     -2.340
     5      7     17     15    894.519     10.000     -2.340
     6      8     18     16    805.502     11.000     -2.340
     7      9     19     17   1099.561     12.000     -2.340
     8     10     20     18   1564.178     13.000     -2.340
     9     11     21     19   1439.420     14.000     -2.340
    10     12     22     20   1282.200     15.000     -2.340
    11     13     23     21   1126.751     16.000     -2.340
    12     14     24     22    958.802     17.000     -2.340
    13     15     25     23   1086.225     18.000     -2.340
    14     16     26     24   1334.164     19.000     -2.340
    15     17     27     25   1590.030     20.000     -2.340
    16     18     28     26   1591.415     21.000     -2.340
    17     19     29     27   1428.833     22.000     -2.340
    18     20     30     28   1281.360     23.000     -2.340
    19     21     31     29   1071.621     24.000     -2.340
    20     22     32     30    841.610     25.000     -2.340
    21     23     33     31    760.397     26.000     -2.340
    22     24     34     32    654.324     27.000     -2.340
    23     25     35     33    553.648     28.000     -2.340
    24     26     36     34    537.334     29.000     -2.340
    25     27     37     35    579.425     30.000     -2.340
    26     28     38     36    570.367     31.000     -2.340
    27     29     39     37    517.515     32.000     -2.340
    28     30     40     38    720.340     33.000     -2.340
    29     31     41     39    639.641     34.000     -2.340
    30     32     42     40    576.774     35.000     -2.340
    31     33     43     41    582.504     36.000     -2.340
    32     34     44     42    578.522     37.000     -2.340
    33     35     45     43    520.842     38.000     -2.340
    34     36     46     44    471.601     39.000     -2.340
    35     37     47     45    462.367     40.000     -2.340
    36     38     48     46    524.185     41.000     -2.340
     1      3     15     13    508.426      7.000     -2.730
     2      4     16     14    611.289      8.000     -2.730
     3      5     17     15    731.738      9.000     -2.730
     4      6     18     16    694.658     10.000     -2.730
     5      7     19     17    551.029     11.000     -2.730
     6      8     20     18    505.987     12.000     -2.730
     7      9     21     19    618.805     13.000     -2.730
     8     10     22     20    796.748     14.000     -2.730
     9     11     23     21    787.591     15.000     -2.730
    10     12     24     22    761.888     16.000     -2.730
    11     13     25     23    798.661     17.000     -2.730
    12     14     26     24    724.982     18.000     -2.730
    13     15     27     25    946.270     19.000     -2.730
    14     16     28     26   1253.007     20.000     -2.730
    15     17     29     27   1153.799     21.000     -2.730
    16     18     30     28    969.810     22.000     -2.730
    17     19     31     29    958.937     23.000     -2.730
    18     20     32     30    850.084     24.000     -2.730
    19     21     33     31    692.135     25.000     -2.730
    20     22     34     32    538.702     26.000     -2.730
    21     23     35     33    381.643     27.000     -2.730
    22     24     36     34    333.002     28.000     -2.730
    23     25     37     35    298.087     29.000     -2.730
    24     26     38     36    300.806     30.000     -2.730
    25     27     39     37    379.709     31.000     -2.730
    26     28     40     38    539.507     32.000     -2.730
    27     29     41     39    455.557     33.000     -2.730
    28     30     42     40    427.091     34.000     -2.730
    29     31     43     41    477.186     35.000     -2.730
    30     32     44     42    529.107     36.000     -2.730
    31     33     45     43    553.715     37.000     -2.730
    32     34     46     44    372.668     38.000     -2.730
    33     35     47     45    381.947     39.000     -2.730
    34     36     48     46    481.411     40.000     -2.730
     1      4     16     13    577.212      7.500     -2.925
     2      5     17     14    677.730      8.500     -2.925
     3      6     18     15    752.591      9.500     -2.925
     4      7     19     16    636.273     10.500     -2.925
     5      8     20     17    572.932     11.500     -2.925
     6      9     21     18    686.307     12.500     -2.925
     7     10     22     19    838.041     13.500     -2.925
     8     11     23     20    838.034     14.500     -2.925
     9     12     24     21    857.504     15.500     -2.925
    10     13     25     22    777.753     16.500     -2.925
    11     14     26     23    797.687     17.500     -2.925
    12     15     27     24    880.983     18.500     -2.925
    13     16     28     25   1143.148     19.500     -2.925
    14     17     29     26   1239.984     20.500     -2.925
    15     18     30     27   1133.450     21.500     -2.925
    16     19     31     28    992.435     22.500     -2.925
    17     20     32     29    966.850     23.500     -2.925
    18     21     33     30    750.823     24.500     -2.925
    19     22     34     31    656.687     25.500     -2.925
    20     23     35     32    485.013     26.500     -2.925
    21     24     36     33    392.430     27.500     -2.925
    22     25     37     34    339.056     28.500     -2.925
    23     26     38     35    329.102     29.500     -2.925
    24     27     39     36    385.169     30.500     -2.925
    25     28     40     37    443.268     31.500     -2.925
    26     29     41     38    509.494     32.500     -2.925
    27     30     42     39    469.716     33.500     -2.925
    28     31     43     40    466.131     34.500     -2.925
    29     32     44     41    514.865     35.500     -2.925
    30     33     45     42    532.312     36.500     -2.925
    31     34     46     43    483.584     37.500     -2.925
    32     35     47     44    410.097     38.500     -2.925
    33     36     48     45    441.909     39.500     -2.925
     1      4     19     16    396.847      9.000     -3.510
     2      5     20     17    378.114     10.000     -3.510
     3      6     21     18    342.988     11.000     -3.510
     4      7     22     19    278.926     12.000     -3.510
     5      8     23     20    229.221     13.000     -3.510
     6      9     24     21    268.844     14.000     -3.510
     7     10     25     22    358.783     15.000     -3.510
     8     11     26     23    510.228     16.000     -3.510
     9     12     27     24    564.198     17.000     -3.510
    10     13     28     25    628.607     18.000     -3.510
    11     14     29     26    590.821     19.000     -3.510
    12     15     30     27    585.618     20.000     -3.510
    13     16     31     28    610.127     21.000     -3.510
    14     17     32     29    676.304     22.000     -3.510
    15     18     33     30    562.388     23.000     -3.510
    16     19     34     31    521.187     24.000     -3.510
    17     20     35     32    425.678     25.000     -3.510
    18     21     36     33    314.630     26.000     -3.510
    19     22     37     34    247.842     27.000     -3.510
    20     23     38     35    181.148     28.000     -3.510
    21     24     39     36    177.895     29.000     -3.510
    22     25     40     37    179.508     30.000     -3.510
    23     26     41     38    240.911     31.000     -3.510
    24     27     42     39    302.569     32.000     -3.510
    25     28     43     40    312.583     33.000     -3.510
    26     29     44     41    316.795     34.000     -3.510
    27     30     45     42    405.993     35.000     -3.510
    28     31     46     43    448.748     36.000     -3.510
    29     32     47     44    533.130     37.000     -3.510
    30     33     48     45    527.486     38.000     -3.510
     1      4     22     19    178.655     10.500     -4.095
     2      5     23     20    167.654     11.500     -4.095
     3      6     24     21    187.862     12.500     -4.095
     4      7     25     22    130.721     13.500     -4.095
     5      8     26     23    142.732     14.500     -4.095
     6      9     27     24    277.314     15.500     -4.095
     7     10     28     25    372.917     16.500     -4.095
     8     11     29     26    395.108     17.500     -4.095
     9     12     30     27    387.330     18.500     -4.095
    10     13     31     28    370.685     19.500     -4.095
    11     14     32     29    436.691     20.500     -4.095
    12     15     33     30    305.034     21.500     -4.095
    13     16     34     31    312.080     22.500     -4.095
    14     17     35     32    250.488     23.500     -4.095
    15     18     36     33    242.234     24.500     -4.095
    16     19     37     34    207.242     25.500     -4.095
    17     20     38     35    172.658     26.500     -4.095
    18     21     39     36    151.393     27.500     -4.095
    19     22     40     37    152.486     28.500     -4.095
    20     23     41     38    140.785     29.500     -4.095
    21     24     42     39    147.268     30.500     -4.095
    22     25     43     40    139.878     31.500     -4.095
    23     26     44     41    142.115     32.500     -4.095
    24     27     45     42    189.445     33.500     -4.095
    25     28     46     43    232.390     34.500     -4.095
    26     29     47     44    278.438     35.500     -4.095
    27     30     48     45    627.589     36.500     -4.095
     1      5     25     21    116.701     12.000     -4.680
     2      6     26     22    111.906     13.000     -4.680
     3      7     27     23    107.515     14.000     -4.680
     4      8     28     24    159.736     15.000     -4.680
     5      9     29     25    206.217     16.000     -4.680
     6     10     30     26    241.615     17.000     -4.680
     7     11     31     27    255.313     18.000     -4.680
     8     12     32     28    302.060     19.000     -4.680
     9     13     33     29    280.602     20.000     -4.680
    10     14     34     30    240.867     21.000     -4.680
    11     15     35     31    225.320     22.000     -4.680
    12     16     36     32    162.981     23.000     -4.680
    13     17     37     33    185.296     24.000     -4.680
    14     18     38     34    163.569     25.000     -4.680
    15     19     39     35    153.707     26.000     -4.680
    16     20     40     36    154.759     27.000     -4.680
    17     21     41     37    136.990     28.000     -4.680
    18     22     42     38    141.960     29.000     -4.680
    19     23     43     39    125.740     30.000     -4.680
    20     24     44     40    118.833     31.000     -4.680
    21     25     45     41    118.451     32.000     -4.680
    22     26     46     42     64.263     33.000     -4.680
    23     27     47     43     37.657     34.000     -4.680
    24     28     48     44    166.434     35.000     -4.680
     1      5     29     25    147.807     14.000     -5.460
     2      6     30     26    114.067     15.000     -5.460
     3      7     31     27    126.991     16.000     -5.460
     4      8     32     28    131.836     17.000     -5.460
     5      9     33     29    114.076     18.000     -5.460
     6     10     34     30    144.556     19.000     -5.460
     7     11     35     31    166.253     20.000     -5.460
     8     12     36     32     89.170     21.000     -5.460
     9     13     37     33    126.405     22.000     -5.460
    10     14     38     34    101.150     23.000     -5.460
    11     15     39     35     95.661     24.000     -5.460
    12     16     40     36    119.148     25.000     -5.460
    13     17     41     37    114.884     26.000     -5.460
    14     18     42     38    126.875     27.000     -5.460
    15     19     43     39    132.897     28.000     -5.460
    16     20     44     40    116.847     29.000     -5.460
    17     21     45     41    117.507     30.000     -5.460
    18     22     46     42    104.497     31.000     -5.460
    19     23     47     43     98.438     32.000     -5.460
    20     24     48     44    109.266     33.000     -5.460
     1      6     31     26    122.802     15.000     -5.850
     2      7     32     27    127.873     16.000     -5.850
     3      8     33     28     97.705     17.000     -5.850
     4      9     34     29    110.941     18.000     -5.850
     5     10     35     30    124.543     19.000     -5.850
     6     11     36     31    142.484     20.000     -5.850
     7     12     37     32    112.181     21.000     -5.850
     8     13     38     33    113.063     22.000     -5.850
     9     14     39     34    100.072     23.000     -5.850
    10     15     40     35    108.479     24.000     -5.850
    11     16     41     36    107.310     25.000     -5.850
    12     17     42     37    110.888     26.000     -5.850
    13     18     43     38    118.149     27.000     -5.850
    14     19     44     39    130.835     28.000     -5.850
    15     20     45     40    117.410     29.000     -5.850
    16     21     46     41    112.535     30.000     -5.850
    17     22     47     42    109.271     31.000     -5.850
    18     23     48     43    152.135     32.000     -5.850
     1      6     36     31     64.249     17.500     -6.825
     2      7     37     32     25.083     18.500     -6.825
     3      8     38     33     58.426     19.500     -6.825
     4      9     39     34     55.946     20.500     -6.825
     5     10     40     35     73.627     21.500     -6.825
     6     11     41     36     72.901     22.500     -6.825
     7     12     42     37     86.867     23.500     -6.825
     8     13     43     38     98.762     24.500     -6.825
     9     14     44     39    108.065     25.500     -6.825
    10     15     45     40     82.995     26.500     -6.825
    11     16     46     41     98.828     27.500     -6.825
    12     17     47     42    118.865     28.500     -6.825
    13     18     48     43    216.096     29.500     -6.825
     1      7     37     31     65.117     18.000     -7.020
     2      8     38     32     35.472     19.000     -7.020
     3      9     39     33     62.357     20.000     -7.020
     4     10     40     34     70.727     21.000     -7.020
     5     11     41     35     71.432     22.000     -7.020
     6     12     42     36     80.892     23.000     -7.020
     7     13     43     37     88.401     24.000     -7.020
     8     14     44     38     99.381     25.000     -7.020
     9     15     45     39    101.335     26.000     -7.020
    10     16     46     40     90.862     27.000     -7.020
    11     17     47     41    120.155     28.000     -7.020
    12     18     48     42    191.089     29.000     -7.020
     1      7     43     37     60.606     21.000     -8.190
     2      8     44     38     64.490     22.000     -8.190
     3      9     45     39     67.317     23.000     -8.190
     4     10     46     40     59.867     24.000     -8.190
     5     11     47     41     70.776     25.000     -8.190
     6     12     48     42    114.445     26.000     -8.190
     1     10     46     37     66.128     22.500     -8.775
     2     11     47     38     73.728     23.500     -8.775
     3     12     48     39    118.817     24.500     -8.775
