48# Number of electrodes
# x z
0.000     0.000
1.000     0.000
2.000     0.000
3.000     0.000
4.000     0.000
5.000     0.000
6.000     0.000
7.000     0.000
8.000     0.000
9.000     0.000
10.000     0.000
11.000     0.000
12.000     0.000
13.000     0.000
14.000     0.000
15.000     0.000
16.000     0.000
17.000     0.000
18.000     0.000
19.000     0.000
20.000     0.000
21.000     0.000
22.000     0.000
23.000     0.000
24.000     0.000
25.000     0.000
26.000     0.000
27.000     0.000
28.000     0.000
29.000     0.000
30.000     0.000
31.000     0.000
32.000     0.000
33.000     0.000
34.000     0.000
35.000     0.000
36.000     0.000
37.000     0.000
38.000     0.000
39.000     0.000
40.000     0.000
41.000     0.000
42.000     0.000
43.000     0.000
44.000     0.000
45.000     0.000
46.000     0.000
47.000     0.000
909# Number of data
# a   b   m   n      rhoa      x      z
     1      4      2      3    938.802      1.500     -0.330
     2      5      3      4   1063.261      2.500     -0.330
     3      6      4      5   1290.394      3.500     -0.330
     4      7      5      6   1481.931      4.500     -0.330
     5      8      6      7   1382.580      5.500     -0.330
     6      9      7      8   1967.073      6.500     -0.330
     7     10      8      9   2229.989      7.500     -0.330
     8     11      9     10   3122.590      8.500     -0.330
     9     12     10     11   3000.806      9.500     -0.330
    10     13     11     12   3647.143     10.500     -0.330
    11     14     12     13   3229.859     11.500     -0.330
    12     15     13     14   3162.969     12.500     -0.330
    13     16     14     15   3595.779     13.500     -0.330
    14     17     15     16   3449.695     14.500     -0.330
    15     18     16     17   3670.969     15.500     -0.330
    16     19     17     18   3240.760     16.500     -0.330
    17     20     18     19   3142.866     17.500     -0.330
    18     21     19     20   2928.537     18.500     -0.330
    19     22     20     21   2242.358     19.500     -0.330
    20     23     21     22   2371.823     20.500     -0.330
    21     24     22     23   1782.784     21.500     -0.330
    22     25     23     24   1991.643     22.500     -0.330
    23     26     24     25   1959.625     23.500     -0.330
    24     27     25     26   2073.024     24.500     -0.330
    25     28     26     27   2489.764     25.500     -0.330
    26     29     27     28   2565.309     26.500     -0.330
    27     30     28     29   2216.980     27.500     -0.330
    28     31     29     30   2537.612     28.500     -0.330
    29     32     30     31   2015.720     29.500     -0.330
    30     33     31     32   1879.474     30.500     -0.330
    31     34     32     33   1791.603     31.500     -0.330
    32     35     33     34   1284.178     32.500     -0.330
    33     36     34     35   1129.124     33.500     -0.330
    34     37     35     36   1010.866     34.500     -0.330
    35     38     36     37    892.484     35.500     -0.330
    36     39     37     38    929.869     36.500     -0.330
    37     40     38     39    761.009     37.500     -0.330
    38     41     39     40   1029.973     38.500     -0.330
    39     42     40     41    925.200     39.500     -0.330
    40     43     41     42   1073.612     40.500     -0.330
    41     44     42     43   1197.227     41.500     -0.330
    42     45     43     44   1381.694     42.500     -0.330
    43     46     44     45   1508.182     43.500     -0.330
    44     47     45     46   2177.532     44.500     -0.330
    45     48     46     47   2605.155     45.500     -0.330
     1      7      3      5   1043.750      3.000     -0.660
     2      8      4      6   1211.073      4.000     -0.660
     3      9      5      7   1264.926      5.000     -0.660
     4     10      6      8   1508.461      6.000     -0.660
     5     11      7      9   1976.253      7.000     -0.660
     6     12      8     10   2383.147      8.000     -0.660
     7     13      9     11   2507.138      9.000     -0.660
     8     14     10     12   2783.643     10.000     -0.660
     9     15     11     13   3000.781     11.000     -0.660
    10     16     12     14   3008.199     12.000     -0.660
    11     17     13     15   3110.373     13.000     -0.660
    12     18     14     16   3419.003     14.000     -0.660
    13     19     15     17   3384.430     15.000     -0.660
    14     20     16     18   3049.991     16.000     -0.660
    15     21     17     19   3055.854     17.000     -0.660
    16     22     18     20   3028.740     18.000     -0.660
    17     23     19     21   2692.616     19.000     -0.660
    18     24     20     22   2363.238     20.000     -0.660
    19     25     21     23   2240.556     21.000     -0.660
    20     26     22     24   2142.956     22.000     -0.660
    21     27     23     25   2033.402     23.000     -0.660
    22     28     24     26   2058.419     24.000     -0.660
    23     29     25     27   2253.760     25.000     -0.660
    24     30     26     28   2205.856     26.000     -0.660
    25     31     27     29   2042.454     27.000     -0.660
    26     32     28     30   1940.563     28.000     -0.660
    27     33     29     31   1965.364     29.000     -0.660
    28     34     30     32   1792.559     30.000     -0.660
    29     35     31     33   1741.718     31.000     -0.660
    30     36     32     34   1455.937     32.000     -0.660
    31     37     33     35   1227.412     33.000     -0.660
    32     38     34     36   1131.804     34.000     -0.660
    33     39     35     37   1084.004     35.000     -0.660
    34     40     36     38    897.278     36.000     -0.660
    35     41     37     39    840.583     37.000     -0.660
    36     42     38     40    992.284     38.000     -0.660
    37     43     39     41   1091.422     39.000     -0.660
    38     44     40     42   1021.849     40.000     -0.660
    39     45     41     43   1060.862     41.000     -0.660
    40     46     42     44   1368.243     42.000     -0.660
    41     47     43     45   1553.941     43.000     -0.660
    42     48     44     46   1886.182     44.000     -0.660
     1     10      4      7    999.132      4.500     -0.990
     2     11      5      8   1130.641      5.500     -0.990
     3     12      6      9   1333.448      6.500     -0.990
     4     13      7     10   1797.795      7.500     -0.990
     5     14      8     11   2174.941      8.500     -0.990
     6     15      9     12   2447.176      9.500     -0.990
     7     16     10     13   2352.844     10.500     -0.990
     8     17     11     14   2185.369     11.500     -0.990
     9     18     12     15   2275.932     12.500     -0.990
    10     19     13     16   2501.841     13.500     -0.990
    11     20     14     17   2630.292     14.500     -0.990
    12     21     15     18   2745.498     15.500     -0.990
    13     22     16     19   2676.756     16.500     -0.990
    14     23     17     20   2560.325     17.500     -0.990
    15     24     18     21   2439.636     18.500     -0.990
    16     25     19     22   2317.804     19.500     -0.990
    17     26     20     23   2043.158     20.500     -0.990
    18     27     21     24   1922.442     21.500     -0.990
    19     28     22     25   1796.993     22.500     -0.990
    20     29     23     26   1936.931     23.500     -0.990
    21     30     24     27   1873.152     24.500     -0.990
    22     31     25     28   1971.499     25.500     -0.990
    23     32     26     29   1758.230     26.500     -0.990
    24     33     27     30   1543.472     27.500     -0.990
    25     34     28     31   1414.621     28.500     -0.990
    26     35     29     32   1433.482     29.500     -0.990
    27     36     30     33   1389.070     30.500     -0.990
    28     37     31     34   1394.841     31.500     -0.990
    29     38     32     35   1221.611     32.500     -0.990
    30     39     33     36   1087.376     33.500     -0.990
    31     40     34     37    998.073     34.500     -0.990
    32     41     35     38    926.281     35.500     -0.990
    33     42     36     39    866.116     36.500     -0.990
    34     43     37     40    905.588     37.500     -0.990
    35     44     38     41    919.877     38.500     -0.990
    36     45     39     42    991.968     39.500     -0.990
    37     46     40     43   1021.807     40.500     -0.990
    38     47     41     44   1155.952     41.500     -0.990
    39     48     42     45   1223.602     42.500     -0.990
     1     13      5      9    961.582      6.000     -1.320
     2     14      6     10   1365.252      7.000     -1.320
     3     15      7     11   1658.054      8.000     -1.320
     4     16      8     12   1818.648      9.000     -1.320
     5     17      9     13   1823.549     10.000     -1.320
     6     18     10     14   1760.256     11.000     -1.320
     7     19     11     15   1655.038     12.000     -1.320
     8     20     12     16   1591.269     13.000     -1.320
     9     21     13     17   1708.932     14.000     -1.320
    10     22     14     18   1949.422     15.000     -1.320
    11     23     15     19   2171.183     16.000     -1.320
    12     24     16     20   2213.949     17.000     -1.320
    13     25     17     21   2038.762     18.000     -1.320
    14     26     18     22   1906.736     19.000     -1.320
    15     27     19     23   1699.833     20.000     -1.320
    16     28     20     24   1568.288     21.000     -1.320
    17     29     21     25   1536.697     22.000     -1.320
    18     30     22     26   1462.631     23.000     -1.320
    19     31     23     27   1608.381     24.000     -1.320
    20     32     24     28   1591.581     25.000     -1.320
    21     33     25     29   1431.489     26.000     -1.320
    22     34     26     30   1400.808     27.000     -1.320
    23     35     27     31   1229.425     28.000     -1.320
    24     36     28     32   1131.952     29.000     -1.320
    25     37     29     33   1086.213     30.000     -1.320
    26     38     30     34   1056.259     31.000     -1.320
    27     39     31     35   1058.682     32.000     -1.320
    28     40     32     36    986.383     33.000     -1.320
    29     41     33     37    845.180     34.000     -1.320
    30     42     34     38    834.702     35.000     -1.320
    31     43     35     39    786.954     36.000     -1.320
    32     44     36     40    816.660     37.000     -1.320
    33     45     37     41    838.008     38.000     -1.320
    34     46     38     42    914.444     39.000     -1.320
    35     47     39     43    940.422     40.000     -1.320
    36     48     40     44    968.930     41.000     -1.320
     1     16      6     11   1164.974      7.500     -1.650
     2     17      7     12   1256.944      8.500     -1.650
     3     18      8     13   1279.109      9.500     -1.650
     4     19      9     14   1243.850     10.500     -1.650
     5     20     10     15   1249.301     11.500     -1.650
     6     21     11     16   1285.490     12.500     -1.650
     7     22     12     17   1224.250     13.500     -1.650
     8     23     13     18   1261.126     14.500     -1.650
     9     24     14     19   1390.452     15.500     -1.650
    10     25     15     20   1604.348     16.500     -1.650
    11     26     16     21   1615.264     17.500     -1.650
    12     27     17     22   1522.068     18.500     -1.650
    13     28     18     23   1373.827     19.500     -1.650
    14     29     19     24   1239.777     20.500     -1.650
    15     30     20     25   1129.063     21.500     -1.650
    16     31     21     26   1180.819     22.500     -1.650
    17     32     22     27   1186.624     23.500     -1.650
    18     33     23     28   1183.985     24.500     -1.650
    19     34     24     29   1167.984     25.500     -1.650
    20     35     25     30   1194.522     26.500     -1.650
    21     36     26     31   1112.183     27.500     -1.650
    22     37     27     32   1022.173     28.500     -1.650
    23     38     28     33    936.349     29.500     -1.650
    24     39     29     34    872.490     30.500     -1.650
    25     40     30     35    757.619     31.500     -1.650
    26     41     31     36    760.758     32.500     -1.650
    27     42     32     37    749.905     33.500     -1.650
    28     43     33     38    691.727     34.500     -1.650
    29     44     34     39    652.864     35.500     -1.650
    30     45     35     40    700.044     36.500     -1.650
    31     46     36     41    722.635     37.500     -1.650
    32     47     37     42    754.777     38.500     -1.650
    33     48     38     43    793.243     39.500     -1.650
     1     19      7     13    845.870      9.000     -1.980
     2     20      8     14    844.987     10.000     -1.980
     3     21      9     15    913.399     11.000     -1.980
     4     22     10     16    958.078     12.000     -1.980
     5     23     11     17   1005.850     13.000     -1.980
     6     24     12     18    986.040     14.000     -1.980
     7     25     13     19    992.952     15.000     -1.980
     8     26     14     20   1022.476     16.000     -1.980
     9     27     15     21   1008.567     17.000     -1.980
    10     28     16     22   1061.768     18.000     -1.980
    11     29     17     23   1033.949     19.000     -1.980
    12     30     18     24    991.256     20.000     -1.980
    13     31     19     25    908.789     21.000     -1.980
    14     32     20     26    833.954     22.000     -1.980
    15     33     21     27    848.133     23.000     -1.980
    16     34     22     28    880.123     24.000     -1.980
    17     35     23     29    906.781     25.000     -1.980
    18     36     24     30    915.850     26.000     -1.980
    19     37     25     31    934.140     27.000     -1.980
    20     38     26     32    945.131     28.000     -1.980
    21     39     27     33    855.372     29.000     -1.980
    22     40     28     34    752.141     30.000     -1.980
    23     41     29     35    685.166     31.000     -1.980
    24     42     30     36    625.938     32.000     -1.980
    25     43     31     37    592.074     33.000     -1.980
    26     44     32     38    556.797     34.000     -1.980
    27     45     33     39    532.591     35.000     -1.980
    28     46     34     40    577.535     36.000     -1.980
    29     47     35     41    586.687     37.000     -1.980
    30     48     36     42    601.594     38.000     -1.980
     1     22      8     15    638.958     10.500     -2.310
     2     23      9     16    726.350     11.500     -2.310
     3     24     10     17    761.770     12.500     -2.310
     4     25     11     18    772.499     13.500     -2.310
     5     26     12     19    774.041     14.500     -2.310
     6     27     13     20    743.199     15.500     -2.310
     7     28     14     21    683.315     16.500     -2.310
     8     29     15     22    663.398     17.500     -2.310
     9     30     16     23    637.921     18.500     -2.310
    10     31     17     24    680.794     19.500     -2.310
    11     32     18     25    679.017     20.500     -2.310
    12     33     19     26    648.109     21.500     -2.310
    13     34     20     27    635.892     22.500     -2.310
    14     35     21     28    639.359     23.500     -2.310
    15     36     22     29    645.833     24.500     -2.310
    16     37     23     30    708.209     25.500     -2.310
    17     38     24     31    737.005     26.500     -2.310
    18     39     25     32    754.589     27.500     -2.310
    19     40     26     33    749.822     28.500     -2.310
    20     41     27     34    696.356     29.500     -2.310
    21     42     28     35    623.326     30.500     -2.310
    22     43     29     36    583.939     31.500     -2.310
    23     44     30     37    508.925     32.500     -2.310
    24     45     31     38    483.036     33.500     -2.310
    25     46     32     39    447.913     34.500     -2.310
    26     47     33     40    445.265     35.500     -2.310
    27     48     34     41    457.636     36.500     -2.310
     1     25      9     17    569.764     12.000     -2.640
     2     26     10     18    590.956     13.000     -2.640
     3     27     11     19    572.072     14.000     -2.640
     4     28     12     20    535.321     15.000     -2.640
     5     29     13     21    509.104     16.000     -2.640
     6     30     14     22    484.296     17.000     -2.640
     7     31     15     23    449.058     18.000     -2.640
     8     32     16     24    420.154     19.000     -2.640
     9     33     17     25    408.840     20.000     -2.640
    10     34     18     26    459.556     21.000     -2.640
    11     35     19     27    483.363     22.000     -2.640
    12     36     20     28    492.161     23.000     -2.640
    13     37     21     29    494.650     24.000     -2.640
    14     38     22     30    517.709     25.000     -2.640
    15     39     23     31    551.836     26.000     -2.640
    16     40     24     32    577.176     27.000     -2.640
    17     41     25     33    606.554     28.000     -2.640
    18     42     26     34    599.315     29.000     -2.640
    19     43     27     35    564.942     30.000     -2.640
    20     44     28     36    525.659     31.000     -2.640
    21     45     29     37    485.985     32.000     -2.640
    22     46     30     38    439.767     33.000     -2.640
    23     47     31     39    402.100     34.000     -2.640
    24     48     32     40    379.553     35.000     -2.640
     1     28     10     19    413.121     13.500     -2.970
     2     29     11     20    407.563     14.500     -2.970
     3     30     12     21    366.357     15.500     -2.970
     4     31     13     22    350.117     16.500     -2.970
     5     32     14     23    335.170     17.500     -2.970
     6     33     15     24    319.898     18.500     -2.970
     7     34     16     25    300.673     19.500     -2.970
     8     35     17     26    295.067     20.500     -2.970
     9     36     18     27    321.736     21.500     -2.970
    10     37     19     28    357.971     22.500     -2.970
    11     38     20     29    382.034     23.500     -2.970
    12     39     21     30    410.624     24.500     -2.970
    13     40     22     31    412.952     25.500     -2.970
    14     41     23     32    434.839     26.500     -2.970
    15     42     24     33    466.139     27.500     -2.970
    16     43     25     34    482.786     28.500     -2.970
    17     44     26     35    483.268     29.500     -2.970
    18     45     27     36    460.377     30.500     -2.970
    19     46     28     37    431.245     31.500     -2.970
    20     47     29     38    411.006     32.500     -2.970
    21     48     30     39    357.099     33.500     -2.970
     1     31     11     21    279.004     15.000     -3.300
     2     32     12     22    258.471     16.000     -3.300
     3     33     13     23    239.914     17.000     -3.300
     4     34     14     24    243.274     18.000     -3.300
     5     35     15     25    244.921     19.000     -3.300
     6     36     16     26    247.286     20.000     -3.300
     7     37     17     27    246.157     21.000     -3.300
     8     38     18     28    256.281     22.000     -3.300
     9     39     19     29    268.450     23.000     -3.300
    10     40     20     30    299.235     24.000     -3.300
    11     41     21     31    322.119     25.000     -3.300
    12     42     22     32    348.250     26.000     -3.300
    13     43     23     33    369.288     27.000     -3.300
    14     44     24     34    371.728     28.000     -3.300
    15     45     25     35    385.083     29.000     -3.300
    16     46     26     36    389.603     30.000     -3.300
    17     47     27     37    372.386     31.000     -3.300
    18     48     28     38    338.030     32.000     -3.300
     1     34     12     23    187.258     16.500     -3.630
     2     35     13     24    188.854     17.500     -3.630
     3     36     14     25    194.760     18.500     -3.630
     4     37     15     26    202.959     19.500     -3.630
     5     38     16     27    216.978     20.500     -3.630
     6     39     17     28    220.576     21.500     -3.630
     7     40     18     29    216.536     22.500     -3.630
     8     41     19     30    224.188     23.500     -3.630
     9     42     20     31    239.280     24.500     -3.630
    10     43     21     32    264.401     25.500     -3.630
    11     44     22     33    291.260     26.500     -3.630
    12     45     23     34    307.453     27.500     -3.630
    13     46     24     35    313.981     28.500     -3.630
    14     47     25     36    311.416     29.500     -3.630
    15     48     26     37    300.541     30.500     -3.630
     1     37     13     25    157.831     18.000     -3.960
     2     38     14     26    171.874     19.000     -3.960
     3     39     15     27    184.616     20.000     -3.960
     4     40     16     28    191.119     21.000     -3.960
     5     41     17     29    193.763     22.000     -3.960
     6     42     18     30    202.997     23.000     -3.960
     7     43     19     31    201.144     24.000     -3.960
     8     44     20     32    204.991     25.000     -3.960
     9     45     21     33    223.102     26.000     -3.960
    10     46     22     34    241.661     27.000     -3.960
    11     47     23     35    257.318     28.000     -3.960
    12     48     24     36    256.288     29.000     -3.960
     1     40     14     27    157.690     19.500     -4.290
     2     41     15     28    168.033     20.500     -4.290
     3     42     16     29    173.951     21.500     -4.290
     4     43     17     30    180.195     22.500     -4.290
     5     44     18     31    183.012     23.500     -4.290
     6     45     19     32    186.042     24.500     -4.290
     7     46     20     33    188.107     25.500     -4.290
     8     47     21     34    191.703     26.500     -4.290
     9     48     22     35    192.950     27.500     -4.290
     1     43     15     29    156.657     21.000     -4.620
     2     44     16     30    165.202     22.000     -4.620
     3     45     17     31    168.816     23.000     -4.620
     4     46     18     32    166.884     24.000     -4.620
     5     47     19     33    171.385     25.000     -4.620
     6     48     20     34    167.814     26.000     -4.620
     1     46     16     31    154.023     22.500     -4.950
     2     47     17     32    151.778     23.500     -4.950
     3     48     18     33    149.861     24.500     -4.950
     1      2      4      3   1134.521      1.500     -0.585
     2      3      5      4   1216.704      2.500     -0.585
     3      4      6      5   1157.645      3.500     -0.585
     4      5      7      6   1437.100      4.500     -0.585
     5      6      8      7   1959.212      5.500     -0.585
     6      7      9      8   1385.776      6.500     -0.585
     7      8     10      9   2139.882      7.500     -0.585
     8      9     11     10   3086.239      8.500     -0.585
     9     10     12     11   4587.014      9.500     -0.585
    10     11     13     12   3178.515     10.500     -0.585
    11     12     14     13   3201.308     11.500     -0.585
    12     13     15     14   3244.525     12.500     -0.585
    13     14     16     15   3238.327     13.500     -0.585
    14     15     17     16   4099.740     14.500     -0.585
    15     16     18     17   3460.242     15.500     -0.585
    16     17     19     18   3511.365     16.500     -0.585
    17     18     20     19   3152.321     17.500     -0.585
    18     19     21     20   2670.118     18.500     -0.585
    19     20     22     21   2674.334     19.500     -0.585
    20     21     23     22   1666.458     20.500     -0.585
    21     22     24     23   2017.216     21.500     -0.585
    22     23     25     24   1615.405     22.500     -0.585
    23     24     26     25   1797.305     23.500     -0.585
    24     25     27     26   2269.929     24.500     -0.585
    25     26     28     27   2309.877     25.500     -0.585
    26     27     29     28   2743.499     26.500     -0.585
    27     28     30     29   3170.111     27.500     -0.585
    28     29     31     30   1800.077     28.500     -0.585
    29     30     32     31   2163.313     29.500     -0.585
    30     31     33     32   2356.418     30.500     -0.585
    31     32     34     33   1576.237     31.500     -0.585
    32     33     35     34   1343.660     32.500     -0.585
    33     34     36     35    997.397     33.500     -0.585
    34     35     37     36    850.123     34.500     -0.585
    35     36     38     37    945.078     35.500     -0.585
    36     37     39     38    823.002     36.500     -0.585
    37     38     40     39    955.644     37.500     -0.585
    38     39     41     40    640.508     38.500     -0.585
    39     40     42     41    990.910     39.500     -0.585
    40     41     43     42   1099.835     40.500     -0.585
    41     42     44     43   1211.167     41.500     -0.585
    42     43     45     44   1260.067     42.500     -0.585
    43     44     46     45   1426.917     43.500     -0.585
    44     45     47     46   1635.572     44.500     -0.585
    45     46     48     47   2993.430     45.500     -0.585
     1      2      5      4    971.392      2.000     -0.780
     2      3      6      5   1128.461      3.000     -0.780
     3      4      7      6   1273.289      4.000     -0.780
     4      5      8      7   1831.432      5.000     -0.780
     5      6      9      8   1787.790      6.000     -0.780
     6      7     10      9   1659.283      7.000     -0.780
     7      8     11     10   2406.599      8.000     -0.780
     8      9     12     11   3400.859      9.000     -0.780
     9     10     13     12   3945.459     10.000     -0.780
    10     11     14     13   3326.730     11.000     -0.780
    11     12     15     14   3610.308     12.000     -0.780
    12     13     16     15   3800.528     13.000     -0.780
    13     14     17     16   3626.673     14.000     -0.780
    14     15     18     17   4003.193     15.000     -0.780
    15     16     19     18   4247.775     16.000     -0.780
    16     17     20     19   3725.894     17.000     -0.780
    17     18     21     20   2880.596     18.000     -0.780
    18     19     22     21   2963.845     19.000     -0.780
    19     20     23     22   2406.761     20.000     -0.780
    20     21     24     23   2155.570     21.000     -0.780
    21     22     25     24   2120.036     22.000     -0.780
    22     23     26     25   1907.266     23.000     -0.780
    23     24     27     26   2283.482     24.000     -0.780
    24     25     28     27   2118.983     25.000     -0.780
    25     26     29     28   2408.229     26.000     -0.780
    26     27     30     29   3258.320     27.000     -0.780
    27     28     31     30   2550.465     28.000     -0.780
    28     29     32     31   2575.201     29.000     -0.780
    29     30     33     32   2279.310     30.000     -0.780
    30     31     34     33   1797.066     31.000     -0.780
    31     32     35     34   1549.492     32.000     -0.780
    32     33     36     35   1290.568     33.000     -0.780
    33     34     37     36    981.948     34.000     -0.780
    34     35     38     37   1167.723     35.000     -0.780
    35     36     39     38    883.763     36.000     -0.780
    36     37     40     39   1109.687     37.000     -0.780
    37     38     41     40    865.318     38.000     -0.780
    38     39     42     41    749.053     39.000     -0.780
    39     40     43     42   1266.367     40.000     -0.780
    40     41     44     43   1317.558     41.000     -0.780
    41     42     45     44   1341.223     42.000     -0.780
    42     43     46     45   1390.488     43.000     -0.780
    43     44     47     46   1844.673     44.000     -0.780
    44     45     48     47   2213.305     45.000     -0.780
     1      2      6      5    954.210      2.500     -0.975
     2      3      7      6   1118.917      3.500     -0.975
     3      4      8      7   1483.843      4.500     -0.975
     4      5      9      8   1749.639      5.500     -0.975
     5      6     10      9   1982.287      6.500     -0.975
     6      7     11     10   1883.135      7.500     -0.975
     7      8     12     11   2444.977      8.500     -0.975
     8      9     13     12   2795.227      9.500     -0.975
     9     10     14     13   3588.710     10.500     -0.975
    10     11     15     14   3747.637     11.500     -0.975
    11     12     16     15   4259.838     12.500     -0.975
    12     13     17     16   4121.597     13.500     -0.975
    13     14     18     17   3467.311     14.500     -0.975
    14     15     19     18   4243.753     15.500     -0.975
    15     16     20     19   4085.823     16.500     -0.975
    16     17     21     20   3152.385     17.500     -0.975
    17     18     22     21   2955.292     18.500     -0.975
    18     19     23     22   2587.112     19.500     -0.975
    19     20     24     23   2863.194     20.500     -0.975
    20     21     25     24   2141.646     21.500     -0.975
    21     22     26     25   2338.198     22.500     -0.975
    22     23     27     26   2198.824     23.500     -0.975
    23     24     28     27   2181.087     24.500     -0.975
    24     25     29     28   1945.897     25.500     -0.975
    25     26     30     29   2633.523     26.500     -0.975
    26     27     31     30   2501.301     27.500     -0.975
    27     28     32     31   2973.036     28.500     -0.975
    28     29     33     32   2404.448     29.500     -0.975
    29     30     34     33   1798.815     30.500     -0.975
    30     31     35     34   1654.970     31.500     -0.975
    31     32     36     35   1429.702     32.500     -0.975
    32     33     37     36   1229.148     33.500     -0.975
    33     34     38     37    500.664     34.500     -0.975
    34     35     39     38    378.223     35.500     -0.975
    35     36     40     39   1166.793     36.500     -0.975
    36     37     41     40    897.955     37.500     -0.975
    37     38     42     41    828.146     38.500     -0.975
    38     39     43     42    841.248     39.500     -0.975
    39     40     44     43   1330.025     40.500     -0.975
    40     41     45     44   1257.303     41.500     -0.975
    41     42     46     45   1276.421     42.500     -0.975
    42     43     47     46   1574.322     43.500     -0.975
    43     44     48     47   2204.997     44.500     -0.975
     1      2      7      6    972.902      3.000     -1.170
     2      3      8      7   1253.067      4.000     -1.170
     3      4      9      8   1427.065      5.000     -1.170
     4      5     10      9   1897.959      6.000     -1.170
     5      6     11     10   2121.638      7.000     -1.170
     6      7     12     11   1883.820      8.000     -1.170
     7      8     13     12   1949.076      9.000     -1.170
     8      9     14     13   2392.872     10.000     -1.170
     9     10     15     14   3845.672     11.000     -1.170
    10     11     16     15   4209.359     12.000     -1.170
    11     12     17     16   4496.554     13.000     -1.170
    12     13     18     17   3742.632     14.000     -1.170
    13     14     19     18   3569.854     15.000     -1.170
    14     15     20     19   3775.966     16.000     -1.170
    15     16     21     20   3214.743     17.000     -1.170
    16     17     22     21   3099.992     18.000     -1.170
    17     18     23     22   2460.094     19.000     -1.170
    18     19     24     23   2870.060     20.000     -1.170
    19     20     25     24   2625.621     21.000     -1.170
    20     21     26     25   2222.517     22.000     -1.170
    21     22     27     26   2514.777     23.000     -1.170
    22     23     28     27   1987.539     24.000     -1.170
    23     24     29     28   1905.207     25.000     -1.170
    24     25     30     29   2039.384     26.000     -1.170
    25     26     31     30   2014.465     27.000     -1.170
    26     27     32     31   2690.596     28.000     -1.170
    27     28     33     32   2599.874     29.000     -1.170
    28     29     34     33   1647.288     30.000     -1.170
    29     30     35     34   1700.252     31.000     -1.170
    30     31     36     35   1468.780     32.000     -1.170
    31     32     37     36   1319.616     33.000     -1.170
    32     33     38     37   1015.784     34.000     -1.170
    33     34     39     38   1798.017     35.000     -1.170
    34     35     40     39   1069.506     36.000     -1.170
    35     36     41     40    923.223     37.000     -1.170
    36     37     42     41    820.459     38.000     -1.170
    37     38     43     42    872.524     39.000     -1.170
    38     39     44     43    848.861     40.000     -1.170
    39     40     45     44   1189.759     41.000     -1.170
    40     41     46     45   1145.267     42.000     -1.170
    41     42     47     46   1357.417     43.000     -1.170
    42     43     48     47   1833.116     44.000     -1.170
     1      2      8      7   1093.443      3.500     -1.365
     2      3      9      8   1206.501      4.500     -1.365
     3      4     10      9   1567.223      5.500     -1.365
     4      5     11     10   1993.467      6.500     -1.365
     5      6     12     11   2079.597      7.500     -1.365
     6      7     13     12   1517.286      8.500     -1.365
     7      8     14     13   1629.286      9.500     -1.365
     8      9     15     14   2513.070     10.500     -1.365
     9     10     16     15   4098.839     11.500     -1.365
    10     11     17     16   4228.021     12.500     -1.365
    11     12     18     17   3862.792     13.500     -1.365
    12     13     19     18   3513.614     14.500     -1.365
    13     14     20     19   3072.364     15.500     -1.365
    14     15     21     20   2845.890     16.500     -1.365
    15     16     22     21   3061.933     17.500     -1.365
    16     17     23     22   2500.353     18.500     -1.365
    17     18     24     23   2583.235     19.500     -1.365
    18     19     25     24   2521.624     20.500     -1.365
    19     20     26     25   2601.828     21.500     -1.365
    20     21     27     26   2299.157     22.500     -1.365
    21     22     28     27   2202.239     23.500     -1.365
    22     23     29     28   1643.395     24.500     -1.365
    23     24     30     29   1937.202     25.500     -1.365
    24     25     31     30   1496.249     26.500     -1.365
    25     26     32     31   2054.699     27.500     -1.365
    26     27     33     32   2309.597     28.500     -1.365
    27     28     34     33   1744.548     29.500     -1.365
    28     29     35     34   1454.621     30.500     -1.365
    29     30     36     35   1529.127     31.500     -1.365
    30     31     37     36   1264.282     32.500     -1.365
    31     32     38     37   1100.655     33.500     -1.365
    32     33     39     38   1268.303     34.500     -1.365
    33     34     40     39   1048.496     35.500     -1.365
    34     35     41     40    837.002     36.500     -1.365
    35     36     42     41    822.049     37.500     -1.365
    36     37     43     42    833.806     38.500     -1.365
    37     38     44     43    841.775     39.500     -1.365
    38     39     45     44    757.786     40.500     -1.365
    39     40     46     45   1105.377     41.500     -1.365
    40     41     47     46   1222.255     42.500     -1.365
    41     42     48     47   1530.919     43.500     -1.365
     1      3      9      7   1179.737      4.000     -1.560
     2      4     10      8   1398.752      5.000     -1.560
     3      5     11      9   1803.866      6.000     -1.560
     4      6     12     10   2048.195      7.000     -1.560
     5      7     13     11   1803.665      8.000     -1.560
     6      8     14     12   1676.453      9.000     -1.560
     7      9     15     13   2144.364     10.000     -1.560
     8     10     16     14   3421.068     11.000     -1.560
     9     11     17     15   4147.443     12.000     -1.560
    10     12     18     16   4157.567     13.000     -1.560
    11     13     19     17   3708.960     14.000     -1.560
    12     14     20     18   3367.896     15.000     -1.560
    13     15     21     19   3181.634     16.000     -1.560
    14     16     22     20   3009.053     17.000     -1.560
    15     17     23     21   2857.928     18.000     -1.560
    16     18     24     22   2511.900     19.000     -1.560
    17     19     25     23   2633.991     20.000     -1.560
    18     20     26     24   2578.967     21.000     -1.560
    19     21     27     25   2385.830     22.000     -1.560
    20     22     28     26   2316.831     23.000     -1.560
    21     23     29     27   1924.629     24.000     -1.560
    22     24     30     28   1814.223     25.000     -1.560
    23     25     31     29   1807.890     26.000     -1.560
    24     26     32     30   1828.517     27.000     -1.560
    25     27     33     31   2311.663     28.000     -1.560
    26     28     34     32   2188.496     29.000     -1.560
    27     29     35     33   1603.604     30.000     -1.560
    28     30     36     34   1536.323     31.000     -1.560
    29     31     37     35   1408.875     32.000     -1.560
    30     32     38     36   1217.290     33.000     -1.560
    31     33     39     37   1113.375     34.000     -1.560
    32     34     40     38   1402.173     35.000     -1.560
    33     35     41     39    973.825     36.000     -1.560
    34     36     42     40    853.899     37.000     -1.560
    35     37     43     41    825.382     38.000     -1.560
    36     38     44     42    845.832     39.000     -1.560
    37     39     45     43    809.608     40.000     -1.560
    38     40     46     44   1001.649     41.000     -1.560
    39     41     47     45   1151.155     42.000     -1.560
    40     42     48     46   1352.841     43.000     -1.560
     1      3     11      9   1317.034      5.000     -1.950
     2      4     12     10   1485.749      6.000     -1.950
     3      5     13     11   1570.847      7.000     -1.950
     4      6     14     12   1409.806      8.000     -1.950
     5      7     15     13   1271.865      9.000     -1.950
     6      8     16     14   1515.607     10.000     -1.950
     7      9     17     15   2169.939     11.000     -1.950
     8     10     18     16   3078.829     12.000     -1.950
     9     11     19     17   3268.365     13.000     -1.950
    10     12     20     18   3165.744     14.000     -1.950
    11     13     21     19   2591.391     15.000     -1.950
    12     14     22     20   2099.459     16.000     -1.950
    13     15     23     21   2153.591     17.000     -1.950
    14     16     24     22   2225.035     18.000     -1.950
    15     17     25     23   2331.633     19.000     -1.950
    16     18     26     24   2174.382     20.000     -1.950
    17     19     27     25   2354.262     21.000     -1.950
    18     20     28     26   2421.717     22.000     -1.950
    19     21     29     27   1893.083     23.000     -1.950
    20     22     30     28   1642.893     24.000     -1.950
    21     23     31     29   1465.848     25.000     -1.950
    22     24     32     30   1297.902     26.000     -1.950
    23     25     33     31   1346.747     27.000     -1.950
    24     26     34     32   1312.805     28.000     -1.950
    25     27     35     33   1284.205     29.000     -1.950
    26     28     36     34   1314.439     30.000     -1.950
    27     29     37     35   1131.698     31.000     -1.950
    28     30     38     36   1071.745     32.000     -1.950
    29     31     39     37   1024.344     33.000     -1.950
    30     32     40     38   1076.196     34.000     -1.950
    31     33     41     39   1047.845     35.000     -1.950
    32     34     42     40    796.611     36.000     -1.950
    33     35     43     41    713.176     37.000     -1.950
    34     36     44     42    775.093     38.000     -1.950
    35     37     45     43    743.824     39.000     -1.950
    36     38     46     44    684.661     40.000     -1.950
    37     39     47     45    695.820     41.000     -1.950
    38     40     48     46    988.319     42.000     -1.950
     1      3     13     11   1099.557      6.000     -2.340
     2      4     14     12    985.037      7.000     -2.340
     3      5     15     13   1033.384      8.000     -2.340
     4      6     16     14   1220.987      9.000     -2.340
     5      7     17     15   1220.367     10.000     -2.340
     6      8     18     16   1257.285     11.000     -2.340
     7      9     19     17   1539.688     12.000     -2.340
     8     10     20     18   2067.677     13.000     -2.340
     9     11     21     19   2068.588     14.000     -2.340
    10     12     22     20   1800.389     15.000     -2.340
    11     13     23     21   1635.508     16.000     -2.340
    12     14     24     22   1473.168     17.000     -2.340
    13     15     25     23   1609.081     18.000     -2.340
    14     16     26     24   1763.346     19.000     -2.340
    15     17     27     25   1956.267     20.000     -2.340
    16     18     28     26   1956.577     21.000     -2.340
    17     19     29     27   1757.203     22.000     -2.340
    18     20     30     28   1614.258     23.000     -2.340
    19     21     31     29   1334.684     24.000     -2.340
    20     22     32     30   1096.231     25.000     -2.340
    21     23     33     31    989.656     26.000     -2.340
    22     24     34     32    838.650     27.000     -2.340
    23     25     35     33    698.206     28.000     -2.340
    24     26     36     34    731.370     29.000     -2.340
    25     27     37     35    819.540     30.000     -2.340
    26     28     38     36    826.215     31.000     -2.340
    27     29     39     37    740.017     32.000     -2.340
    28     30     40     38    877.409     33.000     -2.340
    29     31     41     39    881.420     34.000     -2.340
    30     32     42     40    761.846     35.000     -2.340
    31     33     43     41    768.812     36.000     -2.340
    32     34     44     42    696.744     37.000     -2.340
    33     35     45     43    639.398     38.000     -2.340
    34     36     46     44    637.316     39.000     -2.340
    35     37     47     45    628.428     40.000     -2.340
    36     38     48     46    707.310     41.000     -2.340
     1      3     15     13    715.068      7.000     -2.730
     2      4     16     14    831.023      8.000     -2.730
     3      5     17     15    953.506      9.000     -2.730
     4      6     18     16    948.368     10.000     -2.730
     5      7     19     17    817.303     11.000     -2.730
     6      8     20     18    800.918     12.000     -2.730
     7      9     21     19    911.840     13.000     -2.730
     8     10     22     20   1124.552     14.000     -2.730
     9     11     23     21   1162.294     15.000     -2.730
    10     12     24     22   1185.978     16.000     -2.730
    11     13     25     23   1131.682     17.000     -2.730
    12     14     26     24   1099.896     18.000     -2.730
    13     15     27     25   1332.888     19.000     -2.730
    14     16     28     26   1531.283     20.000     -2.730
    15     17     29     27   1426.913     21.000     -2.730
    16     18     30     28   1250.263     22.000     -2.730
    17     19     31     29   1178.822     23.000     -2.730
    18     20     32     30   1041.291     24.000     -2.730
    19     21     33     31    849.289     25.000     -2.730
    20     22     34     32    651.253     26.000     -2.730
    21     23     35     33    486.304     27.000     -2.730
    22     24     36     34    452.990     28.000     -2.730
    23     25     37     35    425.386     29.000     -2.730
    24     26     38     36    439.584     30.000     -2.730
    25     27     39     37    524.613     31.000     -2.730
    26     28     40     38    629.009     32.000     -2.730
    27     29     41     39    614.585     33.000     -2.730
    28     30     42     40    589.966     34.000     -2.730
    29     31     43     41    646.553     35.000     -2.730
    30     32     44     42    664.669     36.000     -2.730
    31     33     45     43    662.223     37.000     -2.730
    32     34     46     44    496.524     38.000     -2.730
    33     35     47     45    480.171     39.000     -2.730
    34     36     48     46    581.094     40.000     -2.730
     1      4     16     13    783.982      7.500     -2.925
     2      5     17     14    916.445      8.500     -2.925
     3      6     18     15    983.259      9.500     -2.925
     4      7     19     16    913.411     10.500     -2.925
     5      8     20     17    878.625     11.500     -2.925
     6      9     21     18    985.223     12.500     -2.925
     7     10     22     19   1188.749     13.500     -2.925
     8     11     23     20   1230.556     14.500     -2.925
     9     12     24     21   1275.494     15.500     -2.925
    10     13     25     22   1171.162     16.500     -2.925
    11     14     26     23   1166.356     17.500     -2.925
    12     15     27     24   1270.733     18.500     -2.925
    13     16     28     25   1464.990     19.500     -2.925
    14     17     29     26   1539.043     20.500     -2.925
    15     18     30     27   1409.860     21.500     -2.925
    16     19     31     28   1257.382     22.500     -2.925
    17     20     32     29   1184.047     23.500     -2.925
    18     21     33     30    933.216     24.500     -2.925
    19     22     34     31    804.246     25.500     -2.925
    20     23     35     32    612.075     26.500     -2.925
    21     24     36     33    507.601     27.500     -2.925
    22     25     37     34    463.482     28.500     -2.925
    23     26     38     35    478.481     29.500     -2.925
    24     27     39     36    533.923     30.500     -2.925
    25     28     40     37    595.659     31.500     -2.925
    26     29     41     38    617.107     32.500     -2.925
    27     30     42     39    660.996     33.500     -2.925
    28     31     43     40    630.020     34.500     -2.925
    29     32     44     41    678.889     35.500     -2.925
    30     33     45     42    668.267     36.500     -2.925
    31     34     46     43    599.114     37.500     -2.925
    32     35     47     44    538.084     38.500     -2.925
    33     36     48     45    532.191     39.500     -2.925
     1      4     19     16    539.121      9.000     -3.510
     2      5     20     17    517.622     10.000     -3.510
     3      6     21     18    465.752     11.000     -3.510
     4      7     22     19    414.658     12.000     -3.510
     5      8     23     20    366.825     13.000     -3.510
     6      9     24     21    418.345     14.000     -3.510
     7     10     25     22    561.164     15.000     -3.510
     8     11     26     23    759.687     16.000     -3.510
     9     12     27     24    807.149     17.000     -3.510
    10     13     28     25    829.750     18.000     -3.510
    11     14     29     26    794.441     19.000     -3.510
    12     15     30     27    797.880     20.000     -3.510
    13     16     31     28    797.224     21.000     -3.510
    14     17     32     29    829.513     22.000     -3.510
    15     18     33     30    691.613     23.000     -3.510
    16     19     34     31    617.026     24.000     -3.510
    17     20     35     32    495.665     25.000     -3.510
    18     21     36     33    369.765     26.000     -3.510
    19     22     37     34    313.753     27.000     -3.510
    20     23     38     35    253.818     28.000     -3.510
    21     24     39     36    239.043     29.000     -3.510
    22     25     40     37    232.716     30.000     -3.510
    23     26     41     38    281.529     31.000     -3.510
    24     27     42     39    351.559     32.000     -3.510
    25     28     43     40    377.653     33.000     -3.510
    26     29     44     41    404.391     34.000     -3.510
    27     30     45     42    496.482     35.000     -3.510
    28     31     46     43    567.389     36.000     -3.510
    29     32     47     44    625.130     37.000     -3.510
    30     33     48     45    710.926     38.000     -3.510
     1      4     22     19    243.797     10.500     -4.095
     2      5     23     20    222.043     11.500     -4.095
     3      6     24     21    288.409     12.500     -4.095
     4      7     25     22    196.915     13.500     -4.095
     5      8     26     23    213.722     14.500     -4.095
     6      9     27     24    343.039     15.500     -4.095
     7     10     28     25    470.037     16.500     -4.095
     8     11     29     26    525.992     17.500     -4.095
     9     12     30     27    506.295     18.500     -4.095
    10     13     31     28    458.403     19.500     -4.095
    11     14     32     29    485.835     20.500     -4.095
    12     15     33     30    400.828     21.500     -4.095
    13     16     34     31    380.402     22.500     -4.095
    14     17     35     32    296.524     23.500     -4.095
    15     18     36     33    278.553     24.500     -4.095
    16     19     37     34    247.222     25.500     -4.095
    17     20     38     35    215.959     26.500     -4.095
    18     21     39     36    179.256     27.500     -4.095
    19     22     40     37    172.998     28.500     -4.095
    20     23     41     38    159.460     29.500     -4.095
    21     24     42     39    170.971     30.500     -4.095
    22     25     43     40    153.689     31.500     -4.095
    23     26     44     41    158.324     32.500     -4.095
    24     27     45     42    225.178     33.500     -4.095
    25     28     46     43    240.774     34.500     -4.095
    26     29     47     44    341.167     35.500     -4.095
    27     30     48     45    747.675     36.500     -4.095
     1      5     25     21    171.344     12.000     -4.680
     2      6     26     22    156.557     13.000     -4.680
     3      7     27     23    158.321     14.000     -4.680
     4      8     28     24    193.267     15.000     -4.680
     5      9     29     25    255.727     16.000     -4.680
     6     10     30     26    311.769     17.000     -4.680
     7     11     31     27    343.816     18.000     -4.680
     8     12     32     28    360.177     19.000     -4.680
     9     13     33     29    341.283     20.000     -4.680
    10     14     34     30    302.528     21.000     -4.680
    11     15     35     31    257.756     22.000     -4.680
    12     16     36     32    217.464     23.000     -4.680
    13     17     37     33    214.924     24.000     -4.680
    14     18     38     34    195.809     25.000     -4.680
    15     19     39     35    180.081     26.000     -4.680
    16     20     40     36    170.756     27.000     -4.680
    17     21     41     37    152.642     28.000     -4.680
    18     22     42     38    150.956     29.000     -4.680
    19     23     43     39    141.384     30.000     -4.680
    20     24     44     40    133.244     31.000     -4.680
    21     25     45     41    136.751     32.000     -4.680
    22     26     46     42     56.980     33.000     -4.680
    23     27     47     43     84.087     34.000     -4.680
    24     28     48     44    142.282     35.000     -4.680
     1      5     29     25    152.800     14.000     -5.460
     2      6     30     26    126.852     15.000     -5.460
     3      7     31     27    130.432     16.000     -5.460
     4      8     32     28    144.524     17.000     -5.460
     5      9     33     29    133.541     18.000     -5.460
     6     10     34     30    156.162     19.000     -5.460
     7     11     35     31    172.455     20.000     -5.460
     8     12     36     32    133.741     21.000     -5.460
     9     13     37     33    135.277     22.000     -5.460
    10     14     38     34    118.963     23.000     -5.460
    11     15     39     35    119.148     24.000     -5.460
    12     16     40     36    121.022     25.000     -5.460
    13     17     41     37    123.122     26.000     -5.460
    14     18     42     38    130.522     27.000     -5.460
    15     19     43     39    135.932     28.000     -5.460
    16     20     44     40    124.690     29.000     -5.460
    17     21     45     41    123.318     30.000     -5.460
    18     22     46     42    107.510     31.000     -5.460
    19     23     47     43    106.766     32.000     -5.460
    20     24     48     44     87.507     33.000     -5.460
     1      6     31     26    130.215     15.000     -5.850
     2      7     32     27    133.325     16.000     -5.850
     3      8     33     28    113.753     17.000     -5.850
     4      9     34     29    123.698     18.000     -5.850
     5     10     35     30    136.037     19.000     -5.850
     6     11     36     31    147.976     20.000     -5.850
     7     12     37     32    125.112     21.000     -5.850
     8     13     38     33    122.028     22.000     -5.850
     9     14     39     34    115.585     23.000     -5.850
    10     15     40     35    119.318     24.000     -5.850
    11     16     41     36    117.376     25.000     -5.850
    12     17     42     37    118.224     26.000     -5.850
    13     18     43     38    120.580     27.000     -5.850
    14     19     44     39    130.269     28.000     -5.850
    15     20     45     40    125.387     29.000     -5.850
    16     21     46     41    116.015     30.000     -5.850
    17     22     47     42    114.160     31.000     -5.850
    18     23     48     43    130.092     32.000     -5.850
     1      6     36     31     69.604     17.500     -6.825
     2      7     37     32     43.411     18.500     -6.825
     3      8     38     33     60.880     19.500     -6.825
     4      9     39     34     60.610     20.500     -6.825
     5     10     40     35     72.340     21.500     -6.825
     6     11     41     36     77.611     22.500     -6.825
     7     12     42     37     89.750     23.500     -6.825
     8     13     43     38     97.819     24.500     -6.825
     9     14     44     39    112.188     25.500     -6.825
    10     15     45     40     99.587     26.500     -6.825
    11     16     46     41    113.376     27.500     -6.825
    12     17     47     42    118.258     28.500     -6.825
    13     18     48     43    185.221     29.500     -6.825
     1      7     37     31     71.423     18.000     -7.020
     2      8     38     32     50.478     19.000     -7.020
     3      9     39     33     64.339     20.000     -7.020
     4     10     40     34     71.622     21.000     -7.020
     5     11     41     35     78.987     22.000     -7.020
     6     12     42     36     84.999     23.000     -7.020
     7     13     43     37     90.446     24.000     -7.020
     8     14     44     38     99.051     25.000     -7.020
     9     15     45     39    105.950     26.000     -7.020
    10     16     46     40    103.597     27.000     -7.020
    11     17     47     41    116.513     28.000     -7.020
    12     18     48     42    153.993     29.000     -7.020
     1      7     43     37     60.487     21.000     -8.190
     2      8     44     38     60.849     22.000     -8.190
     3      9     45     39     68.987     23.000     -8.190
     4     10     46     40     69.272     24.000     -8.190
     5     11     47     41     78.931     25.000     -8.190
     6     12     48     42    117.090     26.000     -8.190
     1     10     46     37     69.501     22.500     -8.775
     2     11     47     38     77.681     23.500     -8.775
     3     12     48     39    104.146     24.500     -8.775
