48# Number of electrodes
# x z
0.000     0.000
1.000     0.000
2.000     0.000
3.000     0.000
4.000     0.000
5.000     0.000
6.000     0.000
7.000     0.000
8.000     0.000
9.000     0.000
10.000     0.000
11.000     0.000
12.000     0.000
13.000     0.000
14.000     0.000
15.000     0.000
16.000     0.000
17.000     0.000
18.000     0.000
19.000     0.000
20.000     0.000
21.000     0.000
22.000     0.000
23.000     0.000
24.000     0.000
25.000     0.000
26.000     0.000
27.000     0.000
28.000     0.000
29.000     0.000
30.000     0.000
31.000     0.000
32.000     0.000
33.000     0.000
34.000     0.000
35.000     0.000
36.000     0.000
37.000     0.000
38.000     0.000
39.000     0.000
40.000     0.000
41.000     0.000
42.000     0.000
43.000     0.000
44.000     0.000
45.000     0.000
46.000     0.000
47.000     0.000
909# Number of data
# a   b   m   n      rhoa      x      z
     1      4      2      3    805.025      1.500     -0.330
     2      5      3      4    907.462      2.500     -0.330
     3      6      4      5   1070.103      3.500     -0.330
     4      7      5      6   1204.613      4.500     -0.330
     5      8      6      7   1107.146      5.500     -0.330
     6      9      7      8   1474.450      6.500     -0.330
     7     10      8      9   1949.179      7.500     -0.330
     8     11      9     10   2776.514      8.500     -0.330
     9     12     10     11   2496.213      9.500     -0.330
    10     13     11     12   3345.529     10.500     -0.330
    11     14     12     13   2812.069     11.500     -0.330
    12     15     13     14   2698.141     12.500     -0.330
    13     16     14     15   3012.300     13.500     -0.330
    14     17     15     16   3054.229     14.500     -0.330
    15     18     16     17   3148.954     15.500     -0.330
    16     19     17     18   2755.151     16.500     -0.330
    17     20     18     19   2791.837     17.500     -0.330
    18     21     19     20   2473.872     18.500     -0.330
    19     22     20     21   1914.818     19.500     -0.330
    20     23     21     22   1936.509     20.500     -0.330
    21     24     22     23   1440.892     21.500     -0.330
    22     25     23     24   1623.232     22.500     -0.330
    23     26     24     25   1639.220     23.500     -0.330
    24     27     25     26   1719.792     24.500     -0.330
    25     28     26     27   2093.131     25.500     -0.330
    26     29     27     28   2201.117     26.500     -0.330
    27     30     28     29   1828.342     27.500     -0.330
    28     31     29     30   2288.897     28.500     -0.330
    29     32     30     31   1711.455     29.500     -0.330
    30     33     31     32   1658.753     30.500     -0.330
    31     34     32     33   1615.152     31.500     -0.330
    32     35     33     34   1137.368     32.500     -0.330
    33     36     34     35    994.638     33.500     -0.330
    34     37     35     36    880.701     34.500     -0.330
    35     38     36     37    759.682     35.500     -0.330
    36     39     37     38    811.750     36.500     -0.330
    37     40     38     39    656.396     37.500     -0.330
    38     41     39     40    915.769     38.500     -0.330
    39     42     40     41    823.175     39.500     -0.330
    40     43     41     42    944.644     40.500     -0.330
    41     44     42     43   1068.572     41.500     -0.330
    42     45     43     44   1244.213     42.500     -0.330
    43     46     44     45   1341.978     43.500     -0.330
    44     47     45     46   1994.878     44.500     -0.330
    45     48     46     47   2316.544     45.500     -0.330
     1      7      3      5    903.779      3.000     -0.660
     2      8      4      6   1120.103      4.000     -0.660
     3      9      5      7   1061.616      5.000     -0.660
     4     10      6      8   1146.793      6.000     -0.660
     5     11      7      9   1710.448      7.000     -0.660
     6     12      8     10   2137.281      8.000     -0.660
     7     13      9     11   2092.313      9.000     -0.660
     8     14     10     12   2312.617     10.000     -0.660
     9     15     11     13   2698.866     11.000     -0.660
    10     16     12     14   2542.313     12.000     -0.660
    11     17     13     15   2542.170     13.000     -0.660
    12     18     14     16   2982.104     14.000     -0.660
    13     19     15     17   3021.644     15.000     -0.660
    14     20     16     18   2587.862     16.000     -0.660
    15     21     17     19   2612.255     17.000     -0.660
    16     22     18     20   2686.810     18.000     -0.660
    17     23     19     21   2405.203     19.000     -0.660
    18     24     20     22   2100.458     20.000     -0.660
    19     25     21     23   1960.113     21.000     -0.660
    20     26     22     24   1866.669     22.000     -0.660
    21     27     23     25   1818.371     23.000     -0.660
    22     28     24     26   1829.376     24.000     -0.660
    23     29     25     27   1997.317     25.000     -0.660
    24     30     26     28   1915.486     26.000     -0.660
    25     31     27     29   1760.499     27.000     -0.660
    26     32     28     30   1682.037     28.000     -0.660
    27     33     29     31   1679.017     29.000     -0.660
    28     34     30     32   1483.153     30.000     -0.660
    29     35     31     33   1487.702     31.000     -0.660
    30     36     32     34   1285.697     32.000     -0.660
    31     37     33     35   1049.855     33.000     -0.660
    32     38     34     36    969.479     34.000     -0.660
    33     39     35     37    923.753     35.000     -0.660
    34     40     36     38    799.942     36.000     -0.660
    35     41     37     39    726.715     37.000     -0.660
    36     42     38     40    849.064     38.000     -0.660
    37     43     39     41    925.687     39.000     -0.660
    38     44     40     42    852.093     40.000     -0.660
    39     45     41     43    890.864     41.000     -0.660
    40     46     42     44   1180.583     42.000     -0.660
    41     47     43     45   1329.520     43.000     -0.660
    42     48     44     46   1581.150     44.000     -0.660
     1     10      4      7    863.771      4.500     -0.990
     2     11      5      8    940.234      5.500     -0.990
     3     12      6      9   1128.434      6.500     -0.990
     4     13      7     10   1541.289      7.500     -0.990
     5     14      8     11   1889.684      8.500     -0.990
     6     15      9     12   2178.903      9.500     -0.990
     7     16     10     13   2035.781     10.500     -0.990
     8     17     11     14   1845.684     11.500     -0.990
     9     18     12     15   1937.082     12.500     -0.990
    10     19     13     16   2164.999     13.500     -0.990
    11     20     14     17   2282.196     14.500     -0.990
    12     21     15     18   2445.315     15.500     -0.990
    13     22     16     19   2399.903     16.500     -0.990
    14     23     17     20   2307.299     17.500     -0.990
    15     24     18     21   2232.532     18.500     -0.990
    16     25     19     22   2113.732     19.500     -0.990
    17     26     20     23   1836.187     20.500     -0.990
    18     27     21     24   1692.931     21.500     -0.990
    19     28     22     25   1615.240     22.500     -0.990
    20     29     23     26   1784.644     23.500     -0.990
    21     30     24     27   1742.762     24.500     -0.990
    22     31     25     28   1825.232     25.500     -0.990
    23     32     26     29   1600.604     26.500     -0.990
    24     33     27     30   1398.398     27.500     -0.990
    25     34     28     31   1246.712     28.500     -0.990
    26     35     29     32   1253.525     29.500     -0.990
    27     36     30     33   1196.365     30.500     -0.990
    28     37     31     34   1225.745     31.500     -0.990
    29     38     32     35   1066.763     32.500     -0.990
    30     39     33     36    952.800     33.500     -0.990
    31     40     34     37    858.504     34.500     -0.990
    32     41     35     38    802.636     35.500     -0.990
    33     42     36     39    761.629     36.500     -0.990
    34     43     37     40    798.799     37.500     -0.990
    35     44     38     41    788.638     38.500     -0.990
    36     45     39     42    839.656     39.500     -0.990
    37     46     40     43    866.333     40.500     -0.990
    38     47     41     44    989.816     41.500     -0.990
    39     48     42     45   1030.879     42.500     -0.990
     1     13      5      9    837.817      6.000     -1.320
     2     14      6     10   1195.550      7.000     -1.320
     3     15      7     11   1446.693      8.000     -1.320
     4     16      8     12   1614.436      9.000     -1.320
     5     17      9     13   1619.336     10.000     -1.320
     6     18     10     14   1545.805     11.000     -1.320
     7     19     11     15   1439.830     12.000     -1.320
     8     20     12     16   1386.677     13.000     -1.320
     9     21     13     17   1512.669     14.000     -1.320
    10     22     14     18   1743.290     15.000     -1.320
    11     23     15     19   1993.613     16.000     -1.320
    12     24     16     20   2051.519     17.000     -1.320
    13     25     17     21   1901.848     18.000     -1.320
    14     26     18     22   1751.454     19.000     -1.320
    15     27     19     23   1506.589     20.000     -1.320
    16     28     20     24   1400.372     21.000     -1.320
    17     29     21     25   1380.451     22.000     -1.320
    18     30     22     26   1309.132     23.000     -1.320
    19     31     23     27   1509.812     24.000     -1.320
    20     32     24     28   1534.658     25.000     -1.320
    21     33     25     29   1383.960     26.000     -1.320
    22     34     26     30   1340.434     27.000     -1.320
    23     35     27     31   1138.407     28.000     -1.320
    24     36     28     32   1031.677     29.000     -1.320
    25     37     29     33    998.637     30.000     -1.320
    26     38     30     34    888.522     31.000     -1.320
    27     39     31     35    944.480     32.000     -1.320
    28     40     32     36    881.808     33.000     -1.320
    29     41     33     37    745.105     34.000     -1.320
    30     42     34     38    747.660     35.000     -1.320
    31     43     35     39    696.498     36.000     -1.320
    32     44     36     40    723.075     37.000     -1.320
    33     45     37     41    745.635     38.000     -1.320
    34     46     38     42    750.329     39.000     -1.320
    35     47     39     43    820.189     40.000     -1.320
    36     48     40     44    833.673     41.000     -1.320
     1     16      6     11   1010.384      7.500     -1.650
     2     17      7     12   1122.696      8.500     -1.650
     3     18      8     13   1172.105      9.500     -1.650
     4     19      9     14   1110.456     10.500     -1.650
     5     20     10     15   1106.542     11.500     -1.650
     6     21     11     16   1176.974     12.500     -1.650
     7     22     12     17   1119.632     13.500     -1.650
     8     23     13     18   1152.026     14.500     -1.650
     9     24     14     19   1324.009     15.500     -1.650
    10     25     15     20   1530.366     16.500     -1.650
    11     26     16     21   1484.848     17.500     -1.650
    12     27     17     22   1387.882     18.500     -1.650
    13     28     18     23   1251.245     19.500     -1.650
    14     29     19     24   1107.805     20.500     -1.650
    15     30     20     25    996.034     21.500     -1.650
    16     31     21     26   1063.288     22.500     -1.650
    17     32     22     27   1095.553     23.500     -1.650
    18     33     23     28   1119.999     24.500     -1.650
    19     34     24     29   1142.456     25.500     -1.650
    20     35     25     30   1183.672     26.500     -1.650
    21     36     26     31   1092.778     27.500     -1.650
    22     37     27     32    981.455     28.500     -1.650
    23     38     28     33    863.968     29.500     -1.650
    24     39     29     34    815.464     30.500     -1.650
    25     40     30     35    692.694     31.500     -1.650
    26     41     31     36    691.238     32.500     -1.650
    27     42     32     37    685.374     33.500     -1.650
    28     43     33     38    628.527     34.500     -1.650
    29     44     34     39    588.095     35.500     -1.650
    30     45     35     40    638.246     36.500     -1.650
    31     46     36     41    650.869     37.500     -1.650
    32     47     37     42    671.889     38.500     -1.650
    33     48     38     43    685.888     39.500     -1.650
     1     19      7     13    781.080      9.000     -1.980
     2     20      8     14    787.041     10.000     -1.980
     3     21      9     15    830.719     11.000     -1.980
     4     22     10     16    888.545     12.000     -1.980
     5     23     11     17    962.734     13.000     -1.980
     6     24     12     18    949.011     14.000     -1.980
     7     25     13     19    960.214     15.000     -1.980
     8     26     14     20    972.681     16.000     -1.980
     9     27     15     21    959.835     17.000     -1.980
    10     28     16     22    974.187     18.000     -1.980
    11     29     17     23    923.404     19.000     -1.980
    12     30     18     24    891.006     20.000     -1.980
    13     31     19     25    823.622     21.000     -1.980
    14     32     20     26    753.836     22.000     -1.980
    15     33     21     27    764.333     23.000     -1.980
    16     34     22     28    820.152     24.000     -1.980
    17     35     23     29    870.991     25.000     -1.980
    18     36     24     30    900.892     26.000     -1.980
    19     37     25     31    929.434     27.000     -1.980
    20     38     26     32    922.383     28.000     -1.980
    21     39     27     33    838.238     29.000     -1.980
    22     40     28     34    725.730     30.000     -1.980
    23     41     29     35    652.555     31.000     -1.980
    24     42     30     36    580.988     32.000     -1.980
    25     43     31     37    552.498     33.000     -1.980
    26     44     32     38    521.408     34.000     -1.980
    27     45     33     39    492.155     35.000     -1.980
    28     46     34     40    533.952     36.000     -1.980
    29     47     35     41    538.786     37.000     -1.980
    30     48     36     42    546.382     38.000     -1.980
     1     22      8     15    607.176     10.500     -2.310
     2     23      9     16    708.147     11.500     -2.310
     3     24     10     17    743.414     12.500     -2.310
     4     25     11     18    753.135     13.500     -2.310
     5     26     12     19    757.727     14.500     -2.310
     6     27     13     20    719.906     15.500     -2.310
     7     28     14     21    652.070     16.500     -2.310
     8     29     15     22    619.777     17.500     -2.310
     9     30     16     23    580.664     18.500     -2.310
    10     31     17     24    617.285     19.500     -2.310
    11     32     18     25    614.010     20.500     -2.310
    12     33     19     26    587.799     21.500     -2.310
    13     34     20     27    586.192     22.500     -2.310
    14     35     21     28    589.865     23.500     -2.310
    15     36     22     29    601.440     24.500     -2.310
    16     37     23     30    690.261     25.500     -2.310
    17     38     24     31    718.357     26.500     -2.310
    18     39     25     32    739.137     27.500     -2.310
    19     40     26     33    744.802     28.500     -2.310
    20     41     27     34    686.033     29.500     -2.310
    21     42     28     35    610.938     30.500     -2.310
    22     43     29     36    567.376     31.500     -2.310
    23     44     30     37    480.864     32.500     -2.310
    24     45     31     38    460.738     33.500     -2.310
    25     46     32     39    430.542     34.500     -2.310
    26     47     33     40    417.758     35.500     -2.310
    27     48     34     41    426.047     36.500     -2.310
     1     25      9     17    570.632     12.000     -2.640
     2     26     10     18    582.131     13.000     -2.640
     3     27     11     19    564.175     14.000     -2.640
     4     28     12     20    521.023     15.000     -2.640
     5     29     13     21    493.927     16.000     -2.640
     6     30     14     22    461.535     17.000     -2.640
     7     31     15     23    424.908     18.000     -2.640
     8     32     16     24    383.022     19.000     -2.640
     9     33     17     25    375.652     20.000     -2.640
    10     34     18     26    424.719     21.000     -2.640
    11     35     19     27    444.275     22.000     -2.640
    12     36     20     28    459.874     23.000     -2.640
    13     37     21     29    467.176     24.000     -2.640
    14     38     22     30    486.763     25.000     -2.640
    15     39     23     31    528.242     26.000     -2.640
    16     40     24     32    565.157     27.000     -2.640
    17     41     25     33    598.690     28.000     -2.640
    18     42     26     34    589.971     29.000     -2.640
    19     43     27     35    558.673     30.000     -2.640
    20     44     28     36    516.803     31.000     -2.640
    21     45     29     37    479.442     32.000     -2.640
    22     46     30     38    427.428     33.000     -2.640
    23     47     31     39    389.766     34.000     -2.640
    24     48     32     40    369.106     35.000     -2.640
     1     28     10     19    410.948     13.500     -2.970
     2     29     11     20    408.502     14.500     -2.970
     3     30     12     21    356.298     15.500     -2.970
     4     31     13     22    339.057     16.500     -2.970
     5     32     14     23    322.963     17.500     -2.970
     6     33     15     24    308.609     18.500     -2.970
     7     34     16     25    282.274     19.500     -2.970
     8     35     17     26    271.749     20.500     -2.970
     9     36     18     27    304.853     21.500     -2.970
    10     37     19     28    338.263     22.500     -2.970
    11     38     20     29    354.299     23.500     -2.970
    12     39     21     30    390.235     24.500     -2.970
    13     40     22     31    396.656     25.500     -2.970
    14     41     23     32    417.521     26.500     -2.970
    15     42     24     33    453.567     27.500     -2.970
    16     43     25     34    477.499     28.500     -2.970
    17     44     26     35    478.188     29.500     -2.970
    18     45     27     36    451.285     30.500     -2.970
    19     46     28     37    428.556     31.500     -2.970
    20     47     29     38    408.966     32.500     -2.970
    21     48     30     39    349.617     33.500     -2.970
     1     31     11     21    281.537     15.000     -3.300
     2     32     12     22    258.362     16.000     -3.300
     3     33     13     23    234.339     17.000     -3.300
     4     34     14     24    235.990     18.000     -3.300
     5     35     15     25    239.477     19.000     -3.300
     6     36     16     26    237.966     20.000     -3.300
     7     37     17     27    235.295     21.000     -3.300
     8     38     18     28    241.290     22.000     -3.300
     9     39     19     29    257.064     23.000     -3.300
    10     40     20     30    286.813     24.000     -3.300
    11     41     21     31    306.923     25.000     -3.300
    12     42     22     32    332.832     26.000     -3.300
    13     43     23     33    361.794     27.000     -3.300
    14     44     24     34    364.214     28.000     -3.300
    15     45     25     35    377.106     29.000     -3.300
    16     46     26     36    389.300     30.000     -3.300
    17     47     27     37    367.958     31.000     -3.300
    18     48     28     38    334.054     32.000     -3.300
     1     34     12     23    188.342     16.500     -3.630
     2     35     13     24    188.276     17.500     -3.630
     3     36     14     25    192.434     18.500     -3.630
     4     37     15     26    200.611     19.500     -3.630
     5     38     16     27    209.308     20.500     -3.630
     6     39     17     28    215.036     21.500     -3.630
     7     40     18     29    210.111     22.500     -3.630
     8     41     19     30    215.382     23.500     -3.630
     9     42     20     31    231.220     24.500     -3.630
    10     43     21     32    251.479     25.500     -3.630
    11     44     22     33    281.695     26.500     -3.630
    12     45     23     34    302.260     27.500     -3.630
    13     46     24     35    311.072     28.500     -3.630
    14     47     25     36    308.045     29.500     -3.630
    15     48     26     37    295.837     30.500     -3.630
     1     37     13     25    158.973     18.000     -3.960
     2     38     14     26    170.796     19.000     -3.960
     3     39     15     27    184.308     20.000     -3.960
     4     40     16     28    187.460     21.000     -3.960
     5     41     17     29    188.943     22.000     -3.960
     6     42     18     30    200.255     23.000     -3.960
     7     43     19     31    195.786     24.000     -3.960
     8     44     20     32    195.658     25.000     -3.960
     9     45     21     33    218.471     26.000     -3.960
    10     46     22     34    234.958     27.000     -3.960
    11     47     23     35    253.348     28.000     -3.960
    12     48     24     36    253.321     29.000     -3.960
     1     40     14     27    158.836     19.500     -4.290
     2     41     15     28    168.901     20.500     -4.290
     3     42     16     29    171.743     21.500     -4.290
     4     43     17     30    177.684     22.500     -4.290
     5     44     18     31    181.377     23.500     -4.290
     6     45     19     32    181.743     24.500     -4.290
     7     46     20     33    186.984     25.500     -4.290
     8     47     21     34    185.980     26.500     -4.290
     9     48     22     35    188.094     27.500     -4.290
     1     43     15     29    157.288     21.000     -4.620
     2     44     16     30    164.844     22.000     -4.620
     3     45     17     31    167.304     23.000     -4.620
     4     46     18     32    162.118     24.000     -4.620
     5     47     19     33    171.333     25.000     -4.620
     6     48     20     34    162.795     26.000     -4.620
     1     46     16     31    154.378     22.500     -4.950
     2     47     17     32    142.186     23.500     -4.950
     3     48     18     33    153.470     24.500     -4.950
     1      2      4      3   1012.163      1.500     -0.585
     2      3      5      4   1070.067      2.500     -0.585
     3      4      6      5    960.946      3.500     -0.585
     4      5      7      6   1079.877      4.500     -0.585
     5      6      8      7   1450.793      5.500     -0.585
     6      7      9      8   1181.234      6.500     -0.585
     7      8     10      9   1610.365      7.500     -0.585
     8      9     11     10   2621.937      8.500     -0.585
     9     10     12     11   4432.356      9.500     -0.585
    10     11     13     12   2734.675     10.500     -0.585
    11     12     14     13   2809.709     11.500     -0.585
    12     13     15     14   2799.716     12.500     -0.585
    13     14     16     15   2810.863     13.500     -0.585
    14     15     17     16   3388.261     14.500     -0.585
    15     16     18     17   3023.222     15.500     -0.585
    16     17     19     18   3151.919     16.500     -0.585
    17     18     20     19   2636.050     17.500     -0.585
    18     19     21     20   2313.638     18.500     -0.585
    19     20     22     21   2191.240     19.500     -0.585
    20     21     23     22   1291.619     20.500     -0.585
    21     22     24     23   1484.071     21.500     -0.585
    22     23     25     24   1261.721     22.500     -0.585
    23     24     26     25   1478.819     23.500     -0.585
    24     25     27     26   1881.349     24.500     -0.585
    25     26     28     27   1853.715     25.500     -0.585
    26     27     29     28   2257.820     26.500     -0.585
    27     28     30     29   2865.677     27.500     -0.585
    28     29     31     30   1478.303     28.500     -0.585
    29     30     32     31   1990.048     29.500     -0.585
    30     31     33     32   2119.203     30.500     -0.585
    31     32     34     33   1390.028     31.500     -0.585
    32     33     35     34   1248.764     32.500     -0.585
    33     34     36     35    916.969     33.500     -0.585
    34     35     37     36    726.083     34.500     -0.585
    35     36     38     37    792.649     35.500     -0.585
    36     37     39     38    696.475     36.500     -0.585
    37     38     40     39    859.361     37.500     -0.585
    38     39     41     40    586.142     38.500     -0.585
    39     40     42     41    912.779     39.500     -0.585
    40     41     43     42   1002.874     40.500     -0.585
    41     42     44     43   1088.609     41.500     -0.585
    42     43     45     44   1151.651     42.500     -0.585
    43     44     46     45   1351.030     43.500     -0.585
    44     45     47     46   1499.806     44.500     -0.585
    45     46     48     47   2849.515     45.500     -0.585
     1      2      5      4    871.527      2.000     -0.780
     2      3      6      5    899.817      3.000     -0.780
     3      4      7      6    951.629      4.000     -0.780
     4      5      8      7   1423.621      5.000     -0.780
     5      6      9      8   1720.105      6.000     -0.780
     6      7     10      9   1380.559      7.000     -0.780
     7      8     11     10   1683.759      8.000     -0.780
     8      9     12     11   3181.530      9.000     -0.780
     9     10     13     12   3477.600     10.000     -0.780
    10     11     14     13   2678.558     11.000     -0.780
    11     12     15     14   3105.081     12.000     -0.780
    12     13     16     15   3524.301     13.000     -0.780
    13     14     17     16   2875.950     14.000     -0.780
    14     15     18     17   3217.548     15.000     -0.780
    15     16     19     18   3817.450     16.000     -0.780
    16     17     20     19   3203.009     17.000     -0.780
    17     18     21     20   2442.477     18.000     -0.780
    18     19     22     21   2562.375     19.000     -0.780
    19     20     23     22   1974.128     20.000     -0.780
    20     21     24     23   1842.343     21.000     -0.780
    21     22     25     24   1827.300     22.000     -0.780
    22     23     26     25   1631.556     23.000     -0.780
    23     24     27     26   1971.562     24.000     -0.780
    24     25     28     27   1797.983     25.000     -0.780
    25     26     29     28   1919.013     26.000     -0.780
    26     27     30     29   2806.321     27.000     -0.780
    27     28     31     30   2051.491     28.000     -0.780
    28     29     32     31   2147.580     29.000     -0.780
    29     30     33     32   2065.879     30.000     -0.780
    30     31     34     33   1483.758     31.000     -0.780
    31     32     35     34   1286.204     32.000     -0.780
    32     33     36     35   1111.346     33.000     -0.780
    33     34     37     36    848.083     34.000     -0.780
    34     35     38     37    823.788     35.000     -0.780
    35     36     39     38    752.026     36.000     -0.780
    36     37     40     39    923.889     37.000     -0.780
    37     38     41     40    760.018     38.000     -0.780
    38     39     42     41    622.488     39.000     -0.780
    39     40     43     42   1105.112     40.000     -0.780
    40     41     44     43   1120.630     41.000     -0.780
    41     42     45     44   1095.379     42.000     -0.780
    42     43     46     45   1190.940     43.000     -0.780
    43     44     47     46   1617.928     44.000     -0.780
    44     45     48     47   1981.267     45.000     -0.780
     1      2      6      5    835.021      2.500     -0.975
     2      3      7      6    838.187      3.500     -0.975
     3      4      8      7   1160.084      4.500     -0.975
     4      5      9      8   1682.798      5.500     -0.975
     5      6     10      9   1826.162      6.500     -0.975
     6      7     11     10   1447.244      7.500     -0.975
     7      8     12     11   1908.270      8.500     -0.975
     8      9     13     12   2484.030      9.500     -0.975
     9     10     14     13   2986.206     10.500     -0.975
    10     11     15     14   2955.771     11.500     -0.975
    11     12     16     15   3966.009     12.500     -0.975
    12     13     17     16   3609.585     13.500     -0.975
    13     14     18     17   2762.271     14.500     -0.975
    14     15     19     18   3568.425     15.500     -0.975
    15     16     20     19   3616.940     16.500     -0.975
    16     17     21     20   2773.741     17.500     -0.975
    17     18     22     21   2504.411     18.500     -0.975
    18     19     23     22   2267.806     19.500     -0.975
    19     20     24     23   2566.605     20.500     -0.975
    20     21     25     24   2053.692     21.500     -0.975
    21     22     26     25   2150.669     22.500     -0.975
    22     23     27     26   1949.724     23.500     -0.975
    23     24     28     27   1909.727     24.500     -0.975
    24     25     29     28   1653.242     25.500     -0.975
    25     26     30     29   2266.007     26.500     -0.975
    26     27     31     30   2001.571     27.500     -0.975
    27     28     32     31   2507.795     28.500     -0.975
    28     29     33     32   2021.801     29.500     -0.975
    29     30     34     33   1584.729     30.500     -0.975
    30     31     35     34   1342.090     31.500     -0.975
    31     32     36     35   1172.602     32.500     -0.975
    32     33     37     36   1064.364     33.500     -0.975
    33     34     38     37    878.980     34.500     -0.975
    34     35     39     38    744.472     35.500     -0.975
    35     36     40     39    979.238     36.500     -0.975
    36     37     41     40    756.269     37.500     -0.975
    37     38     42     41    695.733     38.500     -0.975
    38     39     43     42    706.810     39.500     -0.975
    39     40     44     43   1125.681     40.500     -0.975
    40     41     45     44   1019.277     41.500     -0.975
    41     42     46     45   1008.997     42.500     -0.975
    42     43     47     46   1319.664     43.500     -0.975
    43     44     48     47   1953.263     44.500     -0.975
     1      2      7      6    805.628      3.000     -1.170
     2      3      8      7    979.890      4.000     -1.170
     3      4      9      8   1352.737      5.000     -1.170
     4      5     10      9   1742.609      6.000     -1.170
     5      6     11     10   1795.448      7.000     -1.170
     6      7     12     11   1586.383      8.000     -1.170
     7      8     13     12   1479.753      9.000     -1.170
     8      9     14     13   2041.899     10.000     -1.170
     9     10     15     14   3218.860     11.000     -1.170
    10     11     16     15   3616.156     12.000     -1.170
    11     12     17     16   3970.719     13.000     -1.170
    12     13     18     17   3244.721     14.000     -1.170
    13     14     19     18   2990.712     15.000     -1.170
    14     15     20     19   3135.311     16.000     -1.170
    15     16     21     20   2919.996     17.000     -1.170
    16     17     22     21   2714.050     18.000     -1.170
    17     18     23     22   2085.406     19.000     -1.170
    18     19     24     23   2717.236     20.000     -1.170
    19     20     25     24   2603.752     21.000     -1.170
    20     21     26     25   2227.031     22.000     -1.170
    21     22     27     26   2376.689     23.000     -1.170
    22     23     28     27   1768.646     24.000     -1.170
    23     24     29     28   1646.451     25.000     -1.170
    24     25     30     29   1845.973     26.000     -1.170
    25     26     31     30   1618.728     27.000     -1.170
    26     27     32     31   2265.203     28.000     -1.170
    27     28     33     32   2225.977     29.000     -1.170
    28     29     34     33   1388.543     30.000     -1.170
    29     30     35     34   1479.099     31.000     -1.170
    30     31     36     35   1196.381     32.000     -1.170
    31     32     37     36   1115.713     33.000     -1.170
    32     33     38     37   1064.193     34.000     -1.170
    33     34     39     38    756.549     35.000     -1.170
    34     35     40     39    935.927     36.000     -1.170
    35     36     41     40    790.740     37.000     -1.170
    36     37     42     41    677.410     38.000     -1.170
    37     38     43     42    754.644     39.000     -1.170
    38     39     44     43    703.073     40.000     -1.170
    39     40     45     44    974.536     41.000     -1.170
    40     41     46     45    927.984     42.000     -1.170
    41     42     47     46   1078.549     43.000     -1.170
    42     43     48     47   1552.278     44.000     -1.170
     1      2      8      7    932.344      3.500     -1.365
     2      3      9      8   1138.001      4.500     -1.365
     3      4     10      9   1418.721      5.500     -1.365
     4      5     11     10   1686.648      6.500     -1.365
     5      6     12     11   1913.320      7.500     -1.365
     6      7     13     12   1241.225      8.500     -1.365
     7      8     14     13   1194.680      9.500     -1.365
     8      9     15     14   2154.155     10.500     -1.365
     9     10     16     15   3735.833     11.500     -1.365
    10     11     17     16   3439.341     12.500     -1.365
    11     12     18     17   3350.000     13.500     -1.365
    12     13     19     18   3174.491     14.500     -1.365
    13     14     20     19   2549.610     15.500     -1.365
    14     15     21     20   2400.866     16.500     -1.365
    15     16     22     21   2746.290     17.500     -1.365
    16     17     23     22   2173.502     18.500     -1.365
    17     18     24     23   2352.708     19.500     -1.365
    18     19     25     24   2624.504     20.500     -1.365
    19     20     26     25   2667.644     21.500     -1.365
    20     21     27     26   2341.440     22.500     -1.365
    21     22     28     27   2073.622     23.500     -1.365
    22     23     29     28   1436.390     24.500     -1.365
    23     24     30     29   1772.571     25.500     -1.365
    24     25     31     30   1270.915     26.500     -1.365
    25     26     32     31   1739.631     27.500     -1.365
    26     27     33     32   2038.717     28.500     -1.365
    27     28     34     33   1518.656     29.500     -1.365
    28     29     35     34   1225.529     30.500     -1.365
    29     30     36     35   1370.469     31.500     -1.365
    30     31     37     36   1064.290     32.500     -1.365
    31     32     38     37   1059.778     33.500     -1.365
    32     33     39     38    910.341     34.500     -1.365
    33     34     40     39    929.018     35.500     -1.365
    34     35     41     40    746.235     36.500     -1.365
    35     36     42     41    695.504     37.500     -1.365
    36     37     43     42    718.313     38.500     -1.365
    37     38     44     43    737.622     39.500     -1.365
    38     39     45     44    628.370     40.500     -1.365
    39     40     46     45    915.751     41.500     -1.365
    40     41     47     46    966.818     42.500     -1.365
    41     42     48     47   1250.427     43.500     -1.365
     1      3      9      7   1021.655      4.000     -1.560
     2      4     10      8   1300.108      5.000     -1.560
     3      5     11      9   1600.329      6.000     -1.560
     4      6     12     10   1789.623      7.000     -1.560
     5      7     13     11   1560.845      8.000     -1.560
     6      8     14     12   1287.877      9.000     -1.560
     7      9     15     13   1763.320     10.000     -1.560
     8     10     16     14   2980.394     11.000     -1.560
     9     11     17     15   3565.851     12.000     -1.560
    10     12     18     16   3548.792     13.000     -1.560
    11     13     19     17   3264.014     14.000     -1.560
    12     14     20     18   2890.118     15.000     -1.560
    13     15     21     19   2658.454     16.000     -1.560
    14     16     22     20   2658.631     17.000     -1.560
    15     17     23     21   2521.798     18.000     -1.560
    16     18     24     22   2209.499     19.000     -1.560
    17     19     25     23   2537.456     20.000     -1.560
    18     20     26     24   2629.164     21.000     -1.560
    19     21     27     25   2425.284     22.000     -1.560
    20     22     28     26   2243.340     23.000     -1.560
    21     23     29     27   1740.010     24.000     -1.560
    22     24     30     28   1607.604     25.000     -1.560
    23     25     31     29   1609.313     26.000     -1.560
    24     26     32     30   1517.109     27.000     -1.560
    25     27     33     31   1981.161     28.000     -1.560
    26     28     34     32   1901.655     29.000     -1.560
    27     29     35     33   1369.466     30.000     -1.560
    28     30     36     34   1334.965     31.000     -1.560
    29     31     37     35   1204.439     32.000     -1.560
    30     32     38     36   1072.498     33.000     -1.560
    31     33     39     37   1003.723     34.000     -1.560
    32     34     40     38    875.607     35.000     -1.560
    33     35     41     39    861.990     36.000     -1.560
    34     36     42     40    738.437     37.000     -1.560
    35     37     43     41    698.825     38.000     -1.560
    36     38     44     42    734.400     39.000     -1.560
    37     39     45     43    684.575     40.000     -1.560
    38     40     46     44    827.586     41.000     -1.560
    39     41     47     45    942.511     42.000     -1.560
    40     42     48     46   1099.966     43.000     -1.560
     1      3     11      9   1183.804      5.000     -1.950
     2      4     12     10   1285.891      6.000     -1.950
     3      5     13     11   1436.956      7.000     -1.950
     4      6     14     12   1252.772      8.000     -1.950
     5      7     15     13   1048.327      9.000     -1.950
     6      8     16     14   1201.925     10.000     -1.950
     7      9     17     15   1916.638     11.000     -1.950
     8     10     18     16   2661.815     12.000     -1.950
     9     11     19     17   2722.233     13.000     -1.950
    10     12     20     18   2775.313     14.000     -1.950
    11     13     21     19   2313.375     15.000     -1.950
    12     14     22     20   1823.528     16.000     -1.950
    13     15     23     21   1803.159     17.000     -1.950
    14     16     24     22   1993.935     18.000     -1.950
    15     17     25     23   2256.427     19.000     -1.950
    16     18     26     24   2163.163     20.000     -1.950
    17     19     27     25   2445.596     21.000     -1.950
    18     20     28     26   2521.546     22.000     -1.950
    19     21     29     27   1897.754     23.000     -1.950
    20     22     30     28   1580.964     24.000     -1.950
    21     23     31     29   1347.100     25.000     -1.950
    22     24     32     30   1122.343     26.000     -1.950
    23     25     33     31   1212.489     27.000     -1.950
    24     26     34     32   1181.865     28.000     -1.950
    25     27     35     33   1134.091     29.000     -1.950
    26     28     36     34   1163.754     30.000     -1.950
    27     29     37     35   1001.596     31.000     -1.950
    28     30     38     36   1014.946     32.000     -1.950
    29     31     39     37    941.463     33.000     -1.950
    30     32     40     38    900.884     34.000     -1.950
    31     33     41     39    964.483     35.000     -1.950
    32     34     42     40    733.082     36.000     -1.950
    33     35     43     41    642.614     37.000     -1.950
    34     36     44     42    693.123     38.000     -1.950
    35     37     45     43    654.145     39.000     -1.950
    36     38     46     44    603.024     40.000     -1.950
    37     39     47     45    607.794     41.000     -1.950
    38     40     48     46    873.093     42.000     -1.950
     1      3     13     11   1010.323      6.000     -2.340
     2      4     14     12    867.030      7.000     -2.340
     3      5     15     13    900.763      8.000     -2.340
     4      6     16     14   1112.483      9.000     -2.340
     5      7     17     15   1084.384     10.000     -2.340
     6      8     18     16    988.474     11.000     -2.340
     7      9     19     17   1325.831     12.000     -2.340
     8     10     20     18   1864.739     13.000     -2.340
     9     11     21     19   1763.776     14.000     -2.340
    10     12     22     20   1585.383     15.000     -2.340
    11     13     23     21   1471.600     16.000     -2.340
    12     14     24     22   1296.307     17.000     -2.340
    13     15     25     23   1469.391     18.000     -2.340
    14     16     26     24   1786.802     19.000     -2.340
    15     17     27     25   2027.798     20.000     -2.340
    16     18     28     26   1961.493     21.000     -2.340
    17     19     29     27   1782.817     22.000     -2.340
    18     20     30     28   1650.998     23.000     -2.340
    19     21     31     29   1343.236     24.000     -2.340
    20     22     32     30   1027.269     25.000     -2.340
    21     23     33     31    911.966     26.000     -2.340
    22     24     34     32    773.423     27.000     -2.340
    23     25     35     33    642.235     28.000     -2.340
    24     26     36     34    667.865     29.000     -2.340
    25     27     37     35    756.338     30.000     -2.340
    26     28     38     36    795.661     31.000     -2.340
    27     29     39     37    701.645     32.000     -2.340
    28     30     40     38    804.608     33.000     -2.340
    29     31     41     39    825.532     34.000     -2.340
    30     32     42     40    687.851     35.000     -2.340
    31     33     43     41    705.296     36.000     -2.340
    32     34     44     42    651.202     37.000     -2.340
    33     35     45     43    585.105     38.000     -2.340
    34     36     46     44    548.103     39.000     -2.340
    35     37     47     45    559.196     40.000     -2.340
    36     38     48     46    643.965     41.000     -2.340
     1      3     15     13    633.646      7.000     -2.730
     2      4     16     14    745.244      8.000     -2.730
     3      5     17     15    891.074      9.000     -2.730
     4      6     18     16    864.595     10.000     -2.730
     5      7     19     17    705.570     11.000     -2.730
     6      8     20     18    664.853     12.000     -2.730
     7      9     21     19    809.468     13.000     -2.730
     8     10     22     20   1012.006     14.000     -2.730
     9     11     23     21    993.494     15.000     -2.730
    10     12     24     22   1054.876     16.000     -2.730
    11     13     25     23   1092.085     17.000     -2.730
    12     14     26     24   1063.268     18.000     -2.730
    13     15     27     25   1278.684     19.000     -2.730
    14     16     28     26   1559.678     20.000     -2.730
    15     17     29     27   1438.353     21.000     -2.730
    16     18     30     28   1236.501     22.000     -2.730
    17     19     31     29   1199.326     23.000     -2.730
    18     20     32     30   1027.149     24.000     -2.730
    19     21     33     31    853.947     25.000     -2.730
    20     22     34     32    636.364     26.000     -2.730
    21     23     35     33    456.858     27.000     -2.730
    22     24     36     34    421.514     28.000     -2.730
    23     25     37     35    406.478     29.000     -2.730
    24     26     38     36    430.010     30.000     -2.730
    25     27     39     37    510.320     31.000     -2.730
    26     28     40     38    593.210     32.000     -2.730
    27     29     41     39    593.495     33.000     -2.730
    28     30     42     40    569.850     34.000     -2.730
    29     31     43     41    601.744     35.000     -2.730
    30     32     44     42    634.361     36.000     -2.730
    31     33     45     43    627.999     37.000     -2.730
    32     34     46     44    450.335     38.000     -2.730
    33     35     47     45    476.481     39.000     -2.730
    34     36     48     46    580.684     40.000     -2.730
     1      4     16     13    702.435      7.500     -2.925
     2      5     17     14    829.869      8.500     -2.925
     3      6     18     15    914.601      9.500     -2.925
     4      7     19     16    798.763     10.500     -2.925
     5      8     20     17    725.357     11.500     -2.925
     6      9     21     18    875.189     12.500     -2.925
     7     10     22     19   1052.442     13.500     -2.925
     8     11     23     20   1066.977     14.500     -2.925
     9     12     24     21   1126.794     15.500     -2.925
    10     13     25     22   1082.941     16.500     -2.925
    11     14     26     23   1106.166     17.500     -2.925
    12     15     27     24   1227.338     18.500     -2.925
    13     16     28     25   1479.845     19.500     -2.925
    14     17     29     26   1554.732     20.500     -2.925
    15     18     30     27   1408.701     21.500     -2.925
    16     19     31     28   1260.968     22.500     -2.925
    17     20     32     29   1201.358     23.500     -2.925
    18     21     33     30    920.782     24.500     -2.925
    19     22     34     31    788.644     25.500     -2.925
    20     23     35     32    584.760     26.500     -2.925
    21     24     36     33    473.932     27.500     -2.925
    22     25     37     34    436.117     28.500     -2.925
    23     26     38     35    457.680     29.500     -2.925
    24     27     39     36    513.947     30.500     -2.925
    25     28     40     37    582.316     31.500     -2.925
    26     29     41     38    577.068     32.500     -2.925
    27     30     42     39    638.040     33.500     -2.925
    28     31     43     40    591.516     34.500     -2.925
    29     32     44     41    635.845     35.500     -2.925
    30     33     45     42    623.940     36.500     -2.925
    31     34     46     43    576.717     37.500     -2.925
    32     35     47     44    461.092     38.500     -2.925
    33     36     48     45    534.136     39.500     -2.925
     1      4     19     16    493.065      9.000     -3.510
     2      5     20     17    474.032     10.000     -3.510
     3      6     21     18    440.988     11.000     -3.510
     4      7     22     19    371.447     12.000     -3.510
     5      8     23     20    312.221     13.000     -3.510
     6      9     24     21    371.898     14.000     -3.510
     7     10     25     22    517.997     15.000     -3.510
     8     11     26     23    729.885     16.000     -3.510
     9     12     27     24    802.709     17.000     -3.510
    10     13     28     25    832.793     18.000     -3.510
    11     14     29     26    780.904     19.000     -3.510
    12     15     30     27    761.824     20.000     -3.510
    13     16     31     28    776.255     21.000     -3.510
    14     17     32     29    847.066     22.000     -3.510
    15     18     33     30    670.769     23.000     -3.510
    16     19     34     31    616.845     24.000     -3.510
    17     20     35     32    498.945     25.000     -3.510
    18     21     36     33    381.930     26.000     -3.510
    19     22     37     34    316.713     27.000     -3.510
    20     23     38     35    255.666     28.000     -3.510
    21     24     39     36    237.581     29.000     -3.510
    22     25     40     37    238.310     30.000     -3.510
    23     26     41     38    272.377     31.000     -3.510
    24     27     42     39    352.764     32.000     -3.510
    25     28     43     40    375.716     33.000     -3.510
    26     29     44     41    391.561     34.000     -3.510
    27     30     45     42    496.382     35.000     -3.510
    28     31     46     43    504.675     36.000     -3.510
    29     32     47     44    687.825     37.000     -3.510
    30     33     48     45    649.423     38.000     -3.510
     1      4     22     19    227.125     10.500     -4.095
     2      5     23     20    206.969     11.500     -4.095
     3      6     24     21    240.146     12.500     -4.095
     4      7     25     22    183.642     13.500     -4.095
     5      8     26     23    206.518     14.500     -4.095
     6      9     27     24    353.755     15.500     -4.095
     7     10     28     25    471.814     16.500     -4.095
     8     11     29     26    523.400     17.500     -4.095
     9     12     30     27    501.233     18.500     -4.095
    10     13     31     28    460.738     19.500     -4.095
    11     14     32     29    560.826     20.500     -4.095
    12     15     33     30    380.957     21.500     -4.095
    13     16     34     31    375.078     22.500     -4.095
    14     17     35     32    261.373     23.500     -4.095
    15     18     36     33    281.522     24.500     -4.095
    16     19     37     34    253.100     25.500     -4.095
    17     20     38     35    229.057     26.500     -4.095
    18     21     39     36    193.178     27.500     -4.095
    19     22     40     37    184.339     28.500     -4.095
    20     23     41     38    160.553     29.500     -4.095
    21     24     42     39    172.650     30.500     -4.095
    22     25     43     40    160.034     31.500     -4.095
    23     26     44     41    170.457     32.500     -4.095
    24     27     45     42    217.538     33.500     -4.095
    25     28     46     43    264.398     34.500     -4.095
    26     29     47     44    323.473     35.500     -4.095
    27     30     48     45    752.556     36.500     -4.095
     1      5     25     21    152.354     12.000     -4.680
     2      6     26     22    153.352     13.000     -4.680
     3      7     27     23    157.021     14.000     -4.680
     4      8     28     24    191.789     15.000     -4.680
     5      9     29     25    267.929     16.000     -4.680
     6     10     30     26    311.120     17.000     -4.680
     7     11     31     27    332.325     18.000     -4.680
     8     12     32     28    365.624     19.000     -4.680
     9     13     33     29    337.679     20.000     -4.680
    10     14     34     30    290.886     21.000     -4.680
    11     15     35     31    238.108     22.000     -4.680
    12     16     36     32    186.852     23.000     -4.680
    13     17     37     33    216.897     24.000     -4.680
    14     18     38     34    200.891     25.000     -4.680
    15     19     39     35    190.019     26.000     -4.680
    16     20     40     36    183.830     27.000     -4.680
    17     21     41     37    164.661     28.000     -4.680
    18     22     42     38    157.923     29.000     -4.680
    19     23     43     39    147.002     30.000     -4.680
    20     24     44     40    134.266     31.000     -4.680
    21     25     45     41    134.320     32.000     -4.680
    22     26     46     42    101.206     33.000     -4.680
    23     27     47     43     51.334     34.000     -4.680
    24     28     48     44    157.890     35.000     -4.680
     1      5     29     25    148.729     14.000     -5.460
     2      6     30     26    132.353     15.000     -5.460
     3      7     31     27    132.728     16.000     -5.460
     4      8     32     28    145.305     17.000     -5.460
     5      9     33     29    133.456     18.000     -5.460
     6     10     34     30    157.022     19.000     -5.460
     7     11     35     31    154.483     20.000     -5.460
     8     12     36     32    117.712     21.000     -5.460
     9     13     37     33    138.201     22.000     -5.460
    10     14     38     34    121.286     23.000     -5.460
    11     15     39     35    115.190     24.000     -5.460
    12     16     40     36    128.094     25.000     -5.460
    13     17     41     37    128.099     26.000     -5.460
    14     18     42     38    135.562     27.000     -5.460
    15     19     43     39    142.423     28.000     -5.460
    16     20     44     40    128.263     29.000     -5.460
    17     21     45     41    125.978     30.000     -5.460
    18     22     46     42    115.754     31.000     -5.460
    19     23     47     43    101.705     32.000     -5.460
    20     24     48     44    102.792     33.000     -5.460
     1      6     31     26    132.158     15.000     -5.850
     2      7     32     27    138.147     16.000     -5.850
     3      8     33     28    109.832     17.000     -5.850
     4      9     34     29    122.503     18.000     -5.850
     5     10     35     30    134.899     19.000     -5.850
     6     11     36     31    152.644     20.000     -5.850
     7     12     37     32    122.088     21.000     -5.850
     8     13     38     33    125.364     22.000     -5.850
     9     14     39     34    113.191     23.000     -5.850
    10     15     40     35    118.959     24.000     -5.850
    11     16     41     36    118.978     25.000     -5.850
    12     17     42     37    122.989     26.000     -5.850
    13     18     43     38    124.358     27.000     -5.850
    14     19     44     39    138.695     28.000     -5.850
    15     20     45     40    126.205     29.000     -5.850
    16     21     46     41    122.409     30.000     -5.850
    17     22     47     42    115.050     31.000     -5.850
    18     23     48     43    136.293     32.000     -5.850
     1      6     36     31     71.834     17.500     -6.825
     2      7     37     32     31.876     18.500     -6.825
     3      8     38     33     59.119     19.500     -6.825
     4      9     39     34     60.821     20.500     -6.825
     5     10     40     35     73.923     21.500     -6.825
     6     11     41     36     79.993     22.500     -6.825
     7     12     42     37     91.063     23.500     -6.825
     8     13     43     38     99.152     24.500     -6.825
     9     14     44     39    106.910     25.500     -6.825
    10     15     45     40     97.014     26.500     -6.825
    11     16     46     41    108.362     27.500     -6.825
    12     17     47     42    118.264     28.500     -6.825
    13     18     48     43    216.703     29.500     -6.825
     1      7     37     31     70.650     18.000     -7.020
     2      8     38     32     54.983     19.000     -7.020
     3      9     39     33     65.311     20.000     -7.020
     4     10     40     34     73.961     21.000     -7.020
     5     11     41     35     77.404     22.000     -7.020
     6     12     42     36     85.683     23.000     -7.020
     7     13     43     37     92.839     24.000     -7.020
     8     14     44     38     99.942     25.000     -7.020
     9     15     45     39    107.035     26.000     -7.020
    10     16     46     40     98.802     27.000     -7.020
    11     17     47     41    122.168     28.000     -7.020
    12     18     48     42    194.161     29.000     -7.020
     1      7     43     37     60.355     21.000     -8.190
     2      8     44     38     62.171     22.000     -8.190
     3      9     45     39     66.897     23.000     -8.190
     4     10     46     40     67.356     24.000     -8.190
     5     11     47     41     74.260     25.000     -8.190
     6     12     48     42    117.382     26.000     -8.190
     1     10     46     37     68.283     22.500     -8.775
     2     11     47     38     71.930     23.500     -8.775
     3     12     48     39    111.393     24.500     -8.775
