48# Number of electrodes
# x z
0.000     0.000
1.000     0.000
2.000     0.000
3.000     0.000
4.000     0.000
5.000     0.000
6.000     0.000
7.000     0.000
8.000     0.000
9.000     0.000
10.000     0.000
11.000     0.000
12.000     0.000
13.000     0.000
14.000     0.000
15.000     0.000
16.000     0.000
17.000     0.000
18.000     0.000
19.000     0.000
20.000     0.000
21.000     0.000
22.000     0.000
23.000     0.000
24.000     0.000
25.000     0.000
26.000     0.000
27.000     0.000
28.000     0.000
29.000     0.000
30.000     0.000
31.000     0.000
32.000     0.000
33.000     0.000
34.000     0.000
35.000     0.000
36.000     0.000
37.000     0.000
38.000     0.000
39.000     0.000
40.000     0.000
41.000     0.000
42.000     0.000
43.000     0.000
44.000     0.000
45.000     0.000
46.000     0.000
47.000     0.000
909# Number of data
# a   b   m   n      rhoa      x      z
     1      4      2      3  89246.953      1.500     -0.330
     2      5      3      4 -1143572.250      2.500     -0.330
     3      6      4      5 -116731.844      3.500     -0.330
     4      7      5      6 -261451.453      4.500     -0.330
     5      8      6      7 443309.719      5.500     -0.330
     6      9      7      8  -9980.664      6.500     -0.330
     7     10      8      9 714234.625      7.500     -0.330
     8     11      9     10          -      8.500     -0.330
     9     12     10     11 -439913.500      9.500     -0.330
    10     13     11     12          -     10.500     -0.330
    11     14     12     13          -     11.500     -0.330
    12     15     13     14          -     12.500     -0.330
    13     16     14     15  15940.943     13.500     -0.330
    14     17     15     16          -     14.500     -0.330
    15     18     16     17          -     15.500     -0.330
    16     19     17     18          -     16.500     -0.330
    17     20     18     19          -     17.500     -0.330
    18     21     19     20 909869.250     18.500     -0.330
    19     22     20     21   8873.643     19.500     -0.330
    20     23     21     22  11143.701     20.500     -0.330
    21     24     22     23   7081.382     21.500     -0.330
    22     25     23     24   7998.433     22.500     -0.330
    23     26     24     25   9115.188     23.500     -0.330
    24     27     25     26  10846.645     24.500     -0.330
    25     28     26     27  27826.459     25.500     -0.330
    26     29     27     28 1027165.810     26.500     -0.330
    27     30     28     29 -90723.914     27.500     -0.330
    28     31     29     30 604466.938     28.500     -0.330
    29     32     30     31 -213312.328     29.500     -0.330
    30     33     31     32 454814.969     30.500     -0.330
    31     34     32     33 145191.391     31.500     -0.330
    32     35     33     34  10734.308     32.500     -0.330
    33     36     34     35   7879.536     33.500     -0.330
    34     37     35     36   7045.568     34.500     -0.330
    35     38     36     37   4375.520     35.500     -0.330
    36     39     37     38   3416.104     36.500     -0.330
    37     40     38     39   2554.850     37.500     -0.330
    38     41     39     40   3060.250     38.500     -0.330
    39     42     40     41   3370.704     39.500     -0.330
    40     43     41     42   5015.460     40.500     -0.330
    41     44     42     43   6079.985     41.500     -0.330
    42     45     43     44  41557.977     42.500     -0.330
    43     46     44     45 623700.875     43.500     -0.330
    44     47     45     46          -     44.500     -0.330
    45     48     46     47          -     45.500     -0.330
     1      7      3      5 1057049.000      3.000     -0.660
     2      8      4      6 -41000.250      4.000     -0.660
     3      9      5      7 897397.563      5.000     -0.660
     4     10      6      8 -1620515.380      6.000     -0.660
     5     11      7      9 -329765.063      7.000     -0.660
     6     12      8     10 1791743.750      8.000     -0.660
     7     13      9     11 -1247088.880      9.000     -0.660
     8     14     10     12  32348.619     10.000     -0.660
     9     15     11     13 -1473084.750     11.000     -0.660
    10     16     12     14 794902.313     12.000     -0.660
    11     17     13     15          -     13.000     -0.660
    12     18     14     16 202019.609     14.000     -0.660
    13     19     15     17 -931480.063     15.000     -0.660
    14     20     16     18  27431.848     16.000     -0.660
    15     21     17     19  41219.129     17.000     -0.660
    16     22     18     20          -     18.000     -0.660
    17     23     19     21          -     19.000     -0.660
    18     24     20     22  -3641.810     20.000     -0.660
    19     25     21     23  16990.010     21.000     -0.660
    20     26     22     24   6096.861     22.000     -0.660
    21     27     23     25   6119.559     23.000     -0.660
    22     28     24     26 -34513.363     24.000     -0.660
    23     29     25     27   4655.086     25.000     -0.660
    24     30     26     28 796798.000     26.000     -0.660
    25     31     27     29 1012093.440     27.000     -0.660
    26     32     28     30 248337.609     28.000     -0.660
    27     33     29     31  92760.266     29.000     -0.660
    28     34     30     32 623874.438     30.000     -0.660
    29     35     31     33 1249232.880     31.000     -0.660
    30     36     32     34 285882.281     32.000     -0.660
    31     37     33     35   2908.663     33.000     -0.660
    32     38     34     36   3828.558     34.000     -0.660
    33     39     35     37   4343.735     35.000     -0.660
    34     40     36     38   3512.933     36.000     -0.660
    35     41     37     39   2555.219     37.000     -0.660
    36     42     38     40   2932.691     38.000     -0.660
    37     43     39     41   2833.995     39.000     -0.660
    38     44     40     42   3888.804     40.000     -0.660
    39     45     41     43  10637.873     41.000     -0.660
    40     46     42     44 194511.828     42.000     -0.660
    41     47     43     45 1950822.880     43.000     -0.660
    42     48     44     46 254549.906     44.000     -0.660
     1     10      4      7 1285133.000      4.500     -0.990
     2     11      5      8 218911.563      5.500     -0.990
     3     12      6      9 -324895.063      6.500     -0.990
     4     13      7     10 2978974.500      7.500     -0.990
     5     14      8     11  17943.082      8.500     -0.990
     6     15      9     12 -1151778.500      9.500     -0.990
     7     16     10     13 1050646.380     10.500     -0.990
     8     17     11     14   1805.128     11.500     -0.990
     9     18     12     15 -323673.406     12.500     -0.990
    10     19     13     16 296946.281     13.500     -0.990
    11     20     14     17 -37049.859     14.500     -0.990
    12     21     15     18          -     15.500     -0.990
    13     22     16     19 3578125.000     16.500     -0.990
    14     23     17     20  72701.664     17.500     -0.990
    15     24     18     21 -23446.299     18.500     -0.990
    16     25     19     22 2400690.750     19.500     -0.990
    17     26     20     23  33375.496     20.500     -0.990
    18     27     21     24 -82228.969     21.500     -0.990
    19     28     22     25  28831.150     22.500     -0.990
    20     29     23     26  -7808.071     23.500     -0.990
    21     30     24     27 -21641.910     24.500     -0.990
    22     31     25     28 1274278.250     25.500     -0.990
    23     32     26     29 457373.500     26.500     -0.990
    24     33     27     30  69716.539     27.500     -0.990
    25     34     28     31  85065.672     28.500     -0.990
    26     35     29     32  40785.426     29.500     -0.990
    27     36     30     33 -67200.555     30.500     -0.990
    28     37     31     34 1604633.130     31.500     -0.990
    29     38     32     35 330170.875     32.500     -0.990
    30     39     33     36  -1879.734     33.500     -0.990
    31     40     34     37  12622.700     34.500     -0.990
    32     41     35     38   4825.675     35.500     -0.990
    33     42     36     39   4897.191     36.500     -0.990
    34     43     37     40   1775.332     37.500     -0.990
    35     44     38     41   1538.344     38.500     -0.990
    36     45     39     42   3278.597     39.500     -0.990
    37     46     40     43  71510.781     40.500     -0.990
    38     47     41     44 714882.375     41.500     -0.990
    39     48     42     45 140597.797     42.500     -0.990
     1     13      5      9 666059.625      6.000     -1.320
     2     14      6     10  -8221.800      7.000     -1.320
     3     15      7     11 932696.875      8.000     -1.320
     4     16      8     12 5591119.000      9.000     -1.320
     5     17      9     13          -     10.000     -1.320
     6     18     10     14 -1167087.880     11.000     -1.320
     7     19     11     15   5410.728     12.000     -1.320
     8     20     12     16  31126.775     13.000     -1.320
     9     21     13     17 1193485.250     14.000     -1.320
    10     22     14     18 -5677196.000     15.000     -1.320
    11     23     15     19 -27749.740     16.000     -1.320
    12     24     16     20          -     17.000     -1.320
    13     25     17     21          -     18.000     -1.320
    14     26     18     22  80016.492     19.000     -1.320
    15     27     19     23  58514.105     20.000     -1.320
    16     28     20     24 -52717.766     21.000     -1.320
    17     29     21     25  50963.750     22.000     -1.320
    18     30     22     26   3999.373     23.000     -1.320
    19     31     23     27 -20630.789     24.000     -1.320
    20     32     24     28 247415.406     25.000     -1.320
    21     33     25     29   4517.472     26.000     -1.320
    22     34     26     30   7961.286     27.000     -1.320
    23     35     27     31  63589.051     28.000     -1.320
    24     36     28     32 -86144.789     29.000     -1.320
    25     37     29     33  -6107.329     30.000     -1.320
    26     38     30     34  12936.056     31.000     -1.320
    27     39     31     35  40775.543     32.000     -1.320
    28     40     32     36 246122.297     33.000     -1.320
    29     41     33     37 -47332.238     34.000     -1.320
    30     42     34     38  -3388.020     35.000     -1.320
    31     43     35     39   5289.186     36.000     -1.320
    32     44     36     40   1723.302     37.000     -1.320
    33     45     37     41  -2718.609     38.000     -1.320
    34     46     38     42 -20089.883     39.000     -1.320
    35     47     39     43  52018.191     40.000     -1.320
    36     48     40     44  11062.334     41.000     -1.320
     1     16      6     11 -2470852.250      7.500     -1.650
     2     17      7     12 6267438.000      8.500     -1.650
     3     18      8     13 3224385.000      9.500     -1.650
     4     19      9     14 -1024678.130     10.500     -1.650
     5     20     10     15          -     11.500     -1.650
     6     21     11     16 -2407992.250     12.500     -1.650
     7     22     12     17 652778.250     13.500     -1.650
     8     23     13     18  64509.934     14.500     -1.650
     9     24     14     19 -1251805.750     15.500     -1.650
    10     25     15     20  21174.082     16.500     -1.650
    11     26     16     21 138063.047     17.500     -1.650
    12     27     17     22          -     18.500     -1.650
    13     28     18     23          -     19.500     -1.650
    14     29     19     24 -564593.313     20.500     -1.650
    15     30     20     25   6552.168     21.500     -1.650
    16     31     21     26 -52035.770     22.500     -1.650
    17     32     22     27  85258.617     23.500     -1.650
    18     33     23     28 -170274.313     24.500     -1.650
    19     34     24     29 -272992.219     25.500     -1.650
    20     35     25     30  18801.326     26.500     -1.650
    21     36     26     31 257286.641     27.500     -1.650
    22     37     27     32  -1380.325     28.500     -1.650
    23     38     28     33 -52527.898     29.500     -1.650
    24     39     29     34  13588.899     30.500     -1.650
    25     40     30     35  29848.211     31.500     -1.650
    26     41     31     36 125544.820     32.500     -1.650
    27     42     32     37  11701.962     33.500     -1.650
    28     43     33     38  -4260.031     34.500     -1.650
    29     44     34     39  11441.493     35.500     -1.650
    30     45     35     40 -14181.621     36.500     -1.650
    31     46     36     41 -157055.938     37.500     -1.650
    32     47     37     42 -44095.301     38.500     -1.650
    33     48     38     43   1648.544     39.500     -1.650
     1     19      7     13 3872747.500      9.000     -1.980
     2     20      8     14   2528.329     10.000     -1.980
     3     21      9     15 2476426.000     11.000     -1.980
     4     22     10     16 303448.594     12.000     -1.980
     5     23     11     17 -4986557.000     13.000     -1.980
     6     24     12     18 2797331.000     14.000     -1.980
     7     25     13     19 2067453.130     15.000     -1.980
     8     26     14     20    902.570     16.000     -1.980
     9     27     15     21  42416.477     17.000     -1.980
    10     28     16     22          -     18.000     -1.980
    11     29     17     23 -28822.102     19.000     -1.980
    12     30     18     24 6319156.500     20.000     -1.980
    13     31     19     25 4818316.500     21.000     -1.980
    14     32     20     26 -13243.246     22.000     -1.980
    15     33     21     27  -1118.823     23.000     -1.980
    16     34     22     28 -77217.570     24.000     -1.980
    17     35     23     29 -138307.094     25.000     -1.980
    18     36     24     30 -130377.852     26.000     -1.980
    19     37     25     31 -440748.969     27.000     -1.980
    20     38     26     32   -607.864     28.000     -1.980
    21     39     27     33   1275.391     29.000     -1.980
    22     40     28     34 -17199.197     30.000     -1.980
    23     41     29     35 -11781.798     31.000     -1.980
    24     42     30     36  27217.662     32.000     -1.980
    25     43     31     37  -5587.287     33.000     -1.980
    26     44     32     38  -7723.153     34.000     -1.980
    27     45     33     39  -6194.530     35.000     -1.980
    28     46     34     40  18546.682     36.000     -1.980
    29     47     35     41 -10776.064     37.000     -1.980
    30     48     36     42  28427.166     38.000     -1.980
     1     22      8     15   1289.688     10.500     -2.310
     2     23      9     16 -36745.055     11.500     -2.310
     3     24     10     17 3181102.250     12.500     -2.310
     4     25     11     18 -634145.063     13.500     -2.310
     5     26     12     19 5558130.500     14.500     -2.310
     6     27     13     20 5161230.500     15.500     -2.310
     7     28     14     21 -12768.633     16.500     -2.310
     8     29     15     22   2200.434     17.500     -2.310
     9     30     16     23 5650398.000     18.500     -2.310
    10     31     17     24 6885817.500     19.500     -2.310
    11     32     18     25 111749.992     20.500     -2.310
    12     33     19     26 5457616.500     21.500     -2.310
    13     34     20     27  40909.254     22.500     -2.310
    14     35     21     28  37530.383     23.500     -2.310
    15     36     22     29 216621.219     24.500     -2.310
    16     37     23     30 -373995.969     25.500     -2.310
    17     38     24     31 -425680.906     26.500     -2.310
    18     39     25     32 -501055.125     27.500     -2.310
    19     40     26     33   3519.727     28.500     -2.310
    20     41     27     34    975.325     29.500     -2.310
    21     42     28     35  -9682.605     30.500     -2.310
    22     43     29     36 -52753.371     31.500     -2.310
    23     44     30     37 -148148.219     32.500     -2.310
    24     45     31     38 -881228.750     33.500     -2.310
    25     46     32     39 -22701.242     34.500     -2.310
    26     47     33     40 -41821.184     35.500     -2.310
    27     48     34     41    755.963     36.500     -2.310
     1     25      9     17   1182.390     12.000     -2.640
     2     26     10     18 266253.563     13.000     -2.640
     3     27     11     19 -1207757.500     14.000     -2.640
     4     28     12     20 874526.375     15.000     -2.640
     5     29     13     21 5082233.000     16.000     -2.640
     6     30     14     22   1770.451     17.000     -2.640
     7     31     15     23 -13631.648     18.000     -2.640
     8     32     16     24 166494.219     19.000     -2.640
     9     33     17     25 4462609.500     20.000     -2.640
    10     34     18     26 11714741.000     21.000     -2.640
    11     35     19     27  93021.805     22.000     -2.640
    12     36     20     28 -292245.531     23.000     -2.640
    13     37     21     29 -257614.625     24.000     -2.640
    14     38     22     30  84628.523     25.000     -2.640
    15     39     23     31  25750.230     26.000     -2.640
    16     40     24     32 -298995.188     27.000     -2.640
    17     41     25     33  -1334.197     28.000     -2.640
    18     42     26     34  18368.064     29.000     -2.640
    19     43     27     35   5106.671     30.000     -2.640
    20     44     28     36 -201544.141     31.000     -2.640
    21     45     29     37 -621333.000     32.000     -2.640
    22     46     30     38 -612256.750     33.000     -2.640
    23     47     31     39 -6134483.500     34.000     -2.640
    24     48     32     40  34995.762     35.000     -2.640
     1     28     10     19 -702880.750     13.500     -2.970
     2     29     11     20  -4916.398     14.500     -2.970
     3     30     12     21 5130819.000     15.500     -2.970
     4     31     13     22 882686.750     16.500     -2.970
     5     32     14     23  53090.887     17.500     -2.970
     6     33     15     24 -42887.813     18.500     -2.970
     7     34     16     25 4209897.000     19.500     -2.970
     8     35     17     26 129537.742     20.500     -2.970
     9     36     18     27 5832775.000     21.500     -2.970
    10     37     19     28 5398944.500     22.500     -2.970
    11     38     20     29 118467.758     23.500     -2.970
    12     39     21     30 -399573.438     24.500     -2.970
    13     40     22     31 -1302577.000     25.500     -2.970
    14     41     23     32  -5108.148     26.500     -2.970
    15     42     24     33   3371.386     27.500     -2.970
    16     43     25     34   7565.534     28.500     -2.970
    17     44     26     35  33534.152     29.500     -2.970
    18     45     27     36 -176382.484     30.500     -2.970
    19     46     28     37 176183.313     31.500     -2.970
    20     47     29     38 -187490.672     32.500     -2.970
    21     48     30     39 -103718.688     33.500     -2.970
     1     31     11     21   2670.102     15.000     -3.300
     2     32     12     22 555148.875     16.000     -3.300
     3     33     13     23 4485883.000     17.000     -3.300
     4     34     14     24 -13807.552     18.000     -3.300
     5     35     15     25  19009.148     19.000     -3.300
     6     36     16     26 4637262.000     20.000     -3.300
     7     37     17     27 3014058.250     21.000     -3.300
     8     38     18     28 268239.656     22.000     -3.300
     9     39     19     29 2732699.000     23.000     -3.300
    10     40     20     30 -344792.875     24.000     -3.300
    11     41     21     31   8056.539     25.000     -3.300
    12     42     22     32 -758589.500     26.000     -3.300
    13     43     23     33   3470.894     27.000     -3.300
    14     44     24     34  -4210.928     28.000     -3.300
    15     45     25     35   -644.780     29.000     -3.300
    16     46     26     36  67695.656     30.000     -3.300
    17     47     27     37  19418.750     31.000     -3.300
    18     48     28     38 350269.969     32.000     -3.300
     1     34     12     23 162479.078     16.500     -3.630
     2     35     13     24 423122.969     17.500     -3.630
     3     36     14     25  26114.840     18.500     -3.630
     4     37     15     26   -638.533     19.500     -3.630
     5     38     16     27 8550396.000     20.500     -3.630
     6     39     17     28 7178026.000     21.500     -3.630
     7     40     18     29 5261726.000     22.500     -3.630
     8     41     19     30 121451.781     23.500     -3.630
     9     42     20     31 -610499.188     24.500     -3.630
    10     43     21     32 -675128.563     25.500     -3.630
    11     44     22     33   -201.733     26.500     -3.630
    12     45     23     34  -5484.278     27.500     -3.630
    13     46     24     35 277429.813     28.500     -3.630
    14     47     25     36  55704.582     29.500     -3.630
    15     48     26     37   4231.160     30.500     -3.630
     1     37     13     25 107402.125     18.000     -3.960
     2     38     14     26  -5104.648     19.000     -3.960
     3     39     15     27   -581.396     20.000     -3.960
     4     40     16     28 1256687.250     21.000     -3.960
     5     41     17     29 9919796.000     22.000     -3.960
     6     42     18     30 5194566.500     23.000     -3.960
     7     43     19     31 1513004.880     24.000     -3.960
     8     44     20     32  14144.661     25.000     -3.960
     9     45     21     33  -4637.217     26.000     -3.960
    10     46     22     34  96925.164     27.000     -3.960
    11     47     23     35  11959.440     28.000     -3.960
    12     48     24     36 175705.984     29.000     -3.960
     1     40     14     27    -97.297     19.500     -4.290
     2     41     15     28   8946.188     20.500     -4.290
     3     42     16     29 6047505.500     21.500     -4.290
     4     43     17     30 1187824.000     22.500     -4.290
     5     44     18     31 9075419.000     23.500     -4.290
     6     45     19     32 4582995.500     24.500     -4.290
     7     46     20     33  61220.785     25.500     -4.290
     8     47     21     34  -4720.287     26.500     -4.290
     9     48     22     35  56579.648     27.500     -4.290
     1     43     15     29 196982.203     21.000     -4.620
     2     44     16     30 805842.875     22.000     -4.620
     3     45     17     31 5668334.000     23.000     -4.620
     4     46     18     32 1181686.380     24.000     -4.620
     5     47     19     33 5447346.000     25.000     -4.620
     6     48     20     34  26948.217     26.000     -4.620
     1     46     16     31 1280271.000     22.500     -4.950
     2     47     17     32 682877.875     23.500     -4.950
     3     48     18     33 6995801.000     24.500     -4.950
     1      2      4      3 131915.766      1.500     -0.585
     2      3      5      4 -3018816.250      2.500     -0.585
     3      4      6      5 -1448799.380      3.500     -0.585
     4      5      7      6 892404.938      4.500     -0.585
     5      6      8      7 -1624197.880      5.500     -0.585
     6      7      9      8 451513.219      6.500     -0.585
     7      8     10      9 219167.359      7.500     -0.585
     8      9     11     10 2767696.500      8.500     -0.585
     9     10     12     11 -2090061.250      9.500     -0.585
    10     11     13     12 -621166.188     10.500     -0.585
    11     12     14     13          -     11.500     -0.585
    12     13     15     14  15543.721     12.500     -0.585
    13     14     16     15          -     13.500     -0.585
    14     15     17     16  19627.346     14.500     -0.585
    15     16     18     17 308809.031     15.500     -0.585
    16     17     19     18          -     16.500     -0.585
    17     18     20     19 -2122961.750     17.500     -0.585
    18     19     21     20   9316.581     18.500     -0.585
    19     20     22     21  33320.152     19.500     -0.585
    20     21     23     22   7522.618     20.500     -0.585
    21     22     24     23   9564.896     21.500     -0.585
    22     23     25     24   6272.355     22.500     -0.585
    23     24     26     25  10060.255     23.500     -0.585
    24     25     27     26  12577.747     24.500     -0.585
    25     26     28     27 -44697.781     25.500     -0.585
    26     27     29     28  -8180.443     26.500     -0.585
    27     28     30     29 1857799.880     27.500     -0.585
    28     29     31     30 -217885.406     28.500     -0.585
    29     30     32     31 -60623.926     29.500     -0.585
    30     31     33     32  58461.504     30.500     -0.585
    31     32     34     33   4857.229     31.500     -0.585
    32     33     35     34  12735.193     32.500     -0.585
    33     34     36     35  13576.503     33.500     -0.585
    34     35     37     36   6532.847     34.500     -0.585
    35     36     38     37   4032.942     35.500     -0.585
    36     37     39     38   3313.899     36.500     -0.585
    37     38     40     39   2670.972     37.500     -0.585
    38     39     41     40   1423.807     38.500     -0.585
    39     40     42     41   4250.179     39.500     -0.585
    40     41     43     42   5298.305     40.500     -0.585
    41     42     44     43   6431.955     41.500     -0.585
    42     43     45     44 -36911.371     42.500     -0.585
    43     44     46     45 -404010.375     43.500     -0.585
    44     45     47     46 -450928.844     44.500     -0.585
    45     46     48     47          -     45.500     -0.585
     1      2      5      4 -859241.250      2.000     -0.780
     2      3      6      5 7141897.500      3.000     -0.780
     3      4      7      6 -2533809.750      4.000     -0.780
     4      5      8      7 10119978.000      5.000     -0.780
     5      6      9      8 5477707.500      6.000     -0.780
     6      7     10      9 1675250.000      7.000     -0.780
     7      8     11     10 -5412829.000      8.000     -0.780
     8      9     12     11 -9917370.000      9.000     -0.780
     9     10     13     12 5382284.500     10.000     -0.780
    10     11     14     13          -     11.000     -0.780
    11     12     15     14 -58705.598     12.000     -0.780
    12     13     16     15 300745.469     13.000     -0.780
    13     14     17     16 1229120.130     14.000     -0.780
    14     15     18     17 125260.297     15.000     -0.780
    15     16     19     18          -     16.000     -0.780
    16     17     20     19 8439674.000     17.000     -0.780
    17     18     21     20  90713.883     18.000     -0.780
    18     19     22     21 133079.406     19.000     -0.780
    19     20     23     22 -62524.672     20.000     -0.780
    20     21     24     23   7680.705     21.000     -0.780
    21     22     25     24   4886.658     22.000     -0.780
    22     23     26     25   8186.561     23.000     -0.780
    23     24     27     26   8847.991     24.000     -0.780
    24     25     28     27 -90847.953     25.000     -0.780
    25     26     29     28  -2372.353     26.000     -0.780
    26     27     30     29 203496.828     27.000     -0.780
    27     28     31     30 -1063199.880     28.000     -0.780
    28     29     32     31 -98609.586     29.000     -0.780
    29     30     33     32 -649134.813     30.000     -0.780
    30     31     34     33  26119.836     31.000     -0.780
    31     32     35     34 -36668.578     32.000     -0.780
    32     33     36     35   5530.838     33.000     -0.780
    33     34     37     36  11421.318     34.000     -0.780
    34     35     38     37   4449.755     35.000     -0.780
    35     36     39     38   5560.771     36.000     -0.780
    36     37     40     39   3230.641     37.000     -0.780
    37     38     41     40   2322.281     38.000     -0.780
    38     39     42     41   2037.260     39.000     -0.780
    39     40     43     42   3875.288     40.000     -0.780
    40     41     44     43  11934.682     41.000     -0.780
    41     42     45     44 -14851.727     42.000     -0.780
    42     43     46     45 -735461.813     43.000     -0.780
    43     44     47     46 -904035.438     44.000     -0.780
    44     45     48     47 8237643.000     45.000     -0.780
     1      2      6      5 1299291.880      2.500     -0.975
     2      3      7      6 7036928.000      3.500     -0.975
     3      4      8      7 -6387253.500      4.500     -0.975
     4      5      9      8 -28313888.000      5.500     -0.975
     5      6     10      9 8440933.000      6.500     -0.975
     6      7     11     10 -8602081.000      7.500     -0.975
     7      8     12     11 12143344.000      8.500     -0.975
     8      9     13     12 -4739831.500      9.500     -0.975
     9     10     14     13 17297348.000     10.500     -0.975
    10     11     15     14 175344.156     11.500     -0.975
    11     12     16     15          -     12.500     -0.975
    12     13     17     16 -13744596.000     13.500     -0.975
    13     14     18     17 -19951492.000     14.500     -0.975
    14     15     19     18 -99280.367     15.500     -0.975
    15     16     20     19 21537088.000     16.500     -0.975
    16     17     21     20 -265456.281     17.500     -0.975
    17     18     22     21 317236.219     18.500     -0.975
    18     19     23     22 -299535.531     19.500     -0.975
    19     20     24     23 678599.438     20.500     -0.975
    20     21     25     24  -3342.421     21.500     -0.975
    21     22     26     25   7297.735     22.500     -0.975
    22     23     27     26   6421.098     23.500     -0.975
    23     24     28     27 -36962.926     24.500     -0.975
    24     25     29     28 -91282.875     25.500     -0.975
    25     26     30     29 238487.969     26.500     -0.975
    26     27     31     30 364545.281     27.500     -0.975
    27     28     32     31 12520101.000     28.500     -0.975
    28     29     33     32 -461928.906     29.500     -0.975
    29     30     34     33 320482.281     30.500     -0.975
    30     31     35     34  72773.586     31.500     -0.975
    31     32     36     35 581156.625     32.500     -0.975
    32     33     37     36 -33109.801     33.500     -0.975
    33     34     38     37   8554.961     34.500     -0.975
    34     35     39     38   2467.915     35.500     -0.975
    35     36     40     39   4361.710     36.500     -0.975
    36     37     41     40  -2142.911     37.500     -0.975
    37     38     42     41   3465.829     38.500     -0.975
    38     39     43     42   7045.565     39.500     -0.975
    39     40     44     43 -14088.397     40.500     -0.975
    40     41     45     44 -24041.523     41.500     -0.975
    41     42     46     45 -87018.641     42.500     -0.975
    42     43     47     46 517511.344     43.500     -0.975
    43     44     48     47 8325566.500     44.500     -0.975
     1      2      7      6 1106531.630      3.000     -1.170
     2      3      8      7 13811764.000      4.000     -1.170
     3      4      9      8 21744746.000      5.000     -1.170
     4      5     10      9 -31656884.000      6.000     -1.170
     5      6     11     10 -44443336.000      7.000     -1.170
     6      7     12     11 28750096.000      8.000     -1.170
     7      8     13     12 3418385.000      9.000     -1.170
     8      9     14     13 45551880.000     10.000     -1.170
     9     10     15     14 223673.016     11.000     -1.170
    10     11     16     15          -     12.000     -1.170
    11     12     17     16 -955122.063     13.000     -1.170
    12     13     18     17 30208816.000     14.000     -1.170
    13     14     19     18 -40723184.000     15.000     -1.170
    14     15     20     19  40886.953     16.000     -1.170
    15     16     21     20  -6050.708     17.000     -1.170
    16     17     22     21 -552955.563     18.000     -1.170
    17     18     23     22 -95283.016     19.000     -1.170
    18     19     24     23 2400211.500     20.000     -1.170
    19     20     25     24 -1016541.190     21.000     -1.170
    20     21     26     25   5865.115     22.000     -1.170
    21     22     27     26   4718.158     23.000     -1.170
    22     23     28     27  14767.347     24.000     -1.170
    23     24     29     28 -50410.199     25.000     -1.170
    24     25     30     29 -43427.609     26.000     -1.170
    25     26     31     30 -196732.922     27.000     -1.170
    26     27     32     31 -549950.375     28.000     -1.170
    27     28     33     32 518568.688     29.000     -1.170
    28     29     34     33 -674459.750     30.000     -1.170
    29     30     35     34 -154375.625     31.000     -1.170
    30     31     36     35 -570350.313     32.000     -1.170
    31     32     37     36 -1161782.750     33.000     -1.170
    32     33     38     37 -15602.910     34.000     -1.170
    33     34     39     38  17656.871     35.000     -1.170
    34     35     40     39    837.825     36.000     -1.170
    35     36     41     40   2275.292     37.000     -1.170
    36     37     42     41   5565.520     38.000     -1.170
    37     38     43     42   2058.786     39.000     -1.170
    38     39     44     43  82111.836     40.000     -1.170
    39     40     45     44 151955.578     41.000     -1.170
    40     41     46     45 794236.875     42.000     -1.170
    41     42     47     46 469190.156     43.000     -1.170
    42     43     48     47 3617402.750     44.000     -1.170
     1      2      8      7 1527302.630      3.500     -1.365
     2      3      9      8 -42066448.000      4.500     -1.365
     3      4     10      9 30380732.000      5.500     -1.365
     4      5     11     10 154499392.000      6.500     -1.365
     5      6     12     11 23294768.000      7.500     -1.365
     6      7     13     12 -24083746.000      8.500     -1.365
     7      8     14     13 -48219840.000      9.500     -1.365
     8      9     15     14 -544560.688     10.500     -1.365
     9     10     16     15 -18859426.000     11.500     -1.365
    10     11     17     16 -24819600.000     12.500     -1.365
    11     12     18     17 40576376.000     13.500     -1.365
    12     13     19     18 -13378213.000     14.500     -1.365
    13     14     20     19 -112105784.000     15.500     -1.365
    14     15     21     20   5515.908     16.500     -1.365
    15     16     22     21 -532054.063     17.500     -1.365
    16     17     23     22 -876272.563     18.500     -1.365
    17     18     24     23 3058777.500     19.500     -1.365
    18     19     25     24 -4116459.250     20.500     -1.365
    19     20     26     25  29162.246     21.500     -1.365
    20     21     27     26   2643.490     22.500     -1.365
    21     22     28     27   7336.709     23.500     -1.365
    22     23     29     28 -11470.737     24.500     -1.365
    23     24     30     29  10237.166     25.500     -1.365
    24     25     31     30  37571.750     26.500     -1.365
    25     26     32     31 1435838.880     27.500     -1.365
    26     27     33     32 -421127.719     28.500     -1.365
    27     28     34     33 -165339.359     29.500     -1.365
    28     29     35     34 416774.063     30.500     -1.365
    29     30     36     35 348496.844     31.500     -1.365
    30     31     37     36 1220555.000     32.500     -1.365
    31     32     38     37    417.612     33.500     -1.365
    32     33     39     38  28884.496     34.500     -1.365
    33     34     40     39  13406.135     35.500     -1.365
    34     35     41     40  -1001.147     36.500     -1.365
    35     36     42     41   1406.818     37.500     -1.365
    36     37     43     42  49110.043     38.500     -1.365
    37     38     44     43 -13121.789     39.500     -1.365
    38     39     45     44 532874.188     40.500     -1.365
    39     40     46     45 -1052722.630     41.500     -1.365
    40     41     47     46 -895935.000     42.500     -1.365
    41     42     48     47 -153848.109     43.500     -1.365
     1      3      9      7 -4475585.000      4.000     -1.560
     2      4     10      8 -2135341.500      5.000     -1.560
     3      5     11      9 14115440.000      6.000     -1.560
     4      6     12     10 -3538017.000      7.000     -1.560
     5      7     13     11 2841079.500      8.000     -1.560
     6      8     14     12 -21803416.000      9.000     -1.560
     7      9     15     13 6565797.500     10.000     -1.560
     8     10     16     14          -     11.000     -1.560
     9     11     17     15 13830062.000     12.000     -1.560
    10     12     18     16 8632063.000     13.000     -1.560
    11     13     19     17 33267718.000     14.000     -1.560
    12     14     20     18 -37775320.000     15.000     -1.560
    13     15     21     19 -25328156.000     16.000     -1.560
    14     16     22     20 -116602.930     17.000     -1.560
    15     17     23     21 -54286.434     18.000     -1.560
    16     18     24     22 -141245.031     19.000     -1.560
    17     19     25     23 -80379.039     20.000     -1.560
    18     20     26     24 -937464.688     21.000     -1.560
    19     21     27     25 -10669.002     22.000     -1.560
    20     22     28     26   3514.704     23.000     -1.560
    21     23     29     27   1823.582     24.000     -1.560
    22     24     30     28 -10253.000     25.000     -1.560
    23     25     31     29 -64735.395     26.000     -1.560
    24     26     32     30 137675.984     27.000     -1.560
    25     27     33     31  79537.422     28.000     -1.560
    26     28     34     32 320536.031     29.000     -1.560
    27     29     35     33 -223445.703     30.000     -1.560
    28     30     36     34  70370.680     31.000     -1.560
    29     31     37     35  24640.598     32.000     -1.560
    30     32     38     36 -239194.141     33.000     -1.560
    31     33     39     37 -30250.529     34.000     -1.560
    32     34     40     38  20764.223     35.000     -1.560
    33     35     41     39    -84.506     36.000     -1.560
    34     36     42     40   2162.964     37.000     -1.560
    35     37     43     41  -1509.458     38.000     -1.560
    36     38     44     42  55444.727     39.000     -1.560
    37     39     45     43  92819.789     40.000     -1.560
    38     40     46     44 347602.781     41.000     -1.560
    39     41     47     45   3532.964     42.000     -1.560
    40     42     48     46 -179748.672     43.000     -1.560
     1      3     11      9 24419020.000      5.000     -1.950
     2      4     12     10 205638.844      6.000     -1.950
     3      5     13     11 -9255863.000      7.000     -1.950
     4      6     14     12 45414092.000      8.000     -1.950
     5      7     15     13 -7401169.000      9.000     -1.950
     6      8     16     14 28937176.000     10.000     -1.950
     7      9     17     15 -16030654.000     11.000     -1.950
     8     10     18     16 1840930.630     12.000     -1.950
     9     11     19     17 -17402114.000     13.000     -1.950
    10     12     20     18 -9534086.000     14.000     -1.950
    11     13     21     19 59192572.000     15.000     -1.950
    12     14     22     20 396027.125     16.000     -1.950
    13     15     23     21 -101263.547     17.000     -1.950
    14     16     24     22 -197898.031     18.000     -1.950
    15     17     25     23  41384.563     19.000     -1.950
    16     18     26     24 -674059.813     20.000     -1.950
    17     19     27     25 -18004.711     21.000     -1.950
    18     20     28     26 1007767.000     22.000     -1.950
    19     21     29     27 488342.063     23.000     -1.950
    20     22     30     28 -10642.567     24.000     -1.950
    21     23     31     29  96720.688     25.000     -1.950
    22     24     32     30 154485.313     26.000     -1.950
    23     25     33     31 256761.609     27.000     -1.950
    24     26     34     32 -254557.813     28.000     -1.950
    25     27     35     33 -11920.040     29.000     -1.950
    26     28     36     34 -36576.418     30.000     -1.950
    27     29     37     35 -114990.922     31.000     -1.950
    28     30     38     36 -218100.578     32.000     -1.950
    29     31     39     37 161763.422     33.000     -1.950
    30     32     40     38 -154240.969     34.000     -1.950
    31     33     41     39 -29951.934     35.000     -1.950
    32     34     42     40  -3233.452     36.000     -1.950
    33     35     43     41  10254.154     37.000     -1.950
    34     36     44     42 -130764.070     38.000     -1.950
    35     37     45     43 -312643.219     39.000     -1.950
    36     38     46     44 2009832.380     40.000     -1.950
    37     39     47     45 317854.000     41.000     -1.950
    38     40     48     46 -862932.313     42.000     -1.950
     1      3     13     11 -55889644.000      6.000     -2.340
     2      4     14     12 9818697.000      7.000     -2.340
     3      5     15     13 19177086.000      8.000     -2.340
     4      6     16     14 -39944140.000      9.000     -2.340
     5      7     17     15 40502276.000     10.000     -2.340
     6      8     18     16 -5163512.500     11.000     -2.340
     7      9     19     17 19512374.000     12.000     -2.340
     8     10     20     18 171160080.000     13.000     -2.340
     9     11     21     19 -32356886.000     14.000     -2.340
    10     12     22     20 726077.375     15.000     -2.340
    11     13     23     21 121689.734     16.000     -2.340
    12     14     24     22 2484956.000     17.000     -2.340
    13     15     25     23 -277013.844     18.000     -2.340
    14     16     26     24 837579.375     19.000     -2.340
    15     17     27     25 160683.438     20.000     -2.340
    16     18     28     26 917950.813     21.000     -2.340
    17     19     29     27 -764907.500     22.000     -2.340
    18     20     30     28 2027699.750     23.000     -2.340
    19     21     31     29 7517714.500     24.000     -2.340
    20     22     32     30 118146.078     25.000     -2.340
    21     23     33     31 -169089.656     26.000     -2.340
    22     24     34     32 -110593.141     27.000     -2.340
    23     25     35     33   5652.681     28.000     -2.340
    24     26     36     34  64358.266     29.000     -2.340
    25     27     37     35  -3156.471     30.000     -2.340
    26     28     38     36 206220.188     31.000     -2.340
    27     29     39     37  14263.838     32.000     -2.340
    28     30     40     38 218157.234     33.000     -2.340
    29     31     41     39 -14664.955     34.000     -2.340
    30     32     42     40 -52752.375     35.000     -2.340
    31     33     43     41 318407.500     36.000     -2.340
    32     34     44     42 864732.563     37.000     -2.340
    33     35     45     43 806644.938     38.000     -2.340
    34     36     46     44 -6848997.000     39.000     -2.340
    35     37     47     45 -621211.500     40.000     -2.340
    36     38     48     46 -4185329.500     41.000     -2.340
     1      3     15     13 96931736.000      7.000     -2.730
     2      4     16     14 -11682597.000      8.000     -2.730
     3      5     17     15 -62812064.000      9.000     -2.730
     4      6     18     16 2919140.500     10.000     -2.730
     5      7     19     17 -27410264.000     11.000     -2.730
     6      8     20     18 -92188312.000     12.000     -2.730
     7      9     21     19 25107936.000     13.000     -2.730
     8     10     22     20 -503260.000     14.000     -2.730
     9     11     23     21 -48969.453     15.000     -2.730
    10     12     24     22 2146695.750     16.000     -2.730
    11     13     25     23  33680.766     17.000     -2.730
    12     14     26     24 -5582917.500     18.000     -2.730
    13     15     27     25 -286699.531     19.000     -2.730
    14     16     28     26 -1755396.500     20.000     -2.730
    15     17     29     27 -5085351.000     21.000     -2.730
    16     18     30     28 -1573374.380     22.000     -2.730
    17     19     31     29 16629359.000     23.000     -2.730
    18     20     32     30 6112835.500     24.000     -2.730
    19     21     33     31 -14507211.000     25.000     -2.730
    20     22     34     32 -137310.813     26.000     -2.730
    21     23     35     33    967.699     27.000     -2.730
    22     24     36     34  -1040.137     28.000     -2.730
    23     25     37     35  -1627.037     29.000     -2.730
    24     26     38     36 -74988.055     30.000     -2.730
    25     27     39     37 -10344.769     31.000     -2.730
    26     28     40     38 -403723.219     32.000     -2.730
    27     29     41     39 -146334.406     33.000     -2.730
    28     30     42     40 -340343.844     34.000     -2.730
    29     31     43     41 203633.656     35.000     -2.730
    30     32     44     42 4259631.500     36.000     -2.730
    31     33     45     43 20024028.000     37.000     -2.730
    32     34     46     44 13257043.000     38.000     -2.730
    33     35     47     45 4383571.500     39.000     -2.730
    34     36     48     46 12345594.000     40.000     -2.730
     1      4     16     13 2271924.500      7.500     -2.925
     2      5     17     14 -62677024.000      8.500     -2.925
     3      6     18     15 6299686.000      9.500     -2.925
     4      7     19     16 20808988.000     10.500     -2.925
     5      8     20     17 -70533552.000     11.500     -2.925
     6      9     21     18 20673360.000     12.500     -2.925
     7     10     22     19 37323324.000     13.500     -2.925
     8     11     23     20   1495.599     14.500     -2.925
     9     12     24     21 621927.875     15.500     -2.925
    10     13     25     22 -354384.313     16.500     -2.925
    11     14     26     23    412.692     17.500     -2.925
    12     15     27     24 -2431287.500     18.500     -2.925
    13     16     28     25 968277.188     19.500     -2.925
    14     17     29     26 -2147323.250     20.500     -2.925
    15     18     30     27 -2914002.750     21.500     -2.925
    16     19     31     28 5217982.000     22.500     -2.925
    17     20     32     29 4201256.500     23.500     -2.925
    18     21     33     30 -3040847.750     24.500     -2.925
    19     22     34     31 -6060103.000     25.500     -2.925
    20     23     35     32 -61921.531     26.500     -2.925
    21     24     36     33   6854.208     27.500     -2.925
    22     25     37     34  -1673.219     28.500     -2.925
    23     26     38     35   7163.812     29.500     -2.925
    24     27     39     36   6666.466     30.500     -2.925
    25     28     40     37   5514.061     31.500     -2.925
    26     29     41     38  90920.086     32.500     -2.925
    27     30     42     39 166195.422     33.500     -2.925
    28     31     43     40 -45787.453     34.500     -2.925
    29     32     44     41 2625300.250     35.500     -2.925
    30     33     45     42 7970787.000     36.500     -2.925
    31     34     46     43 32716656.000     37.500     -2.925
    32     35     47     44 11518861.000     38.500     -2.925
    33     36     48     45 980704.938     39.500     -2.925
     1      4     19     16 9748993.000      9.000     -3.510
     2      5     20     17 126318440.000     10.000     -3.510
     3      6     21     18 -12307995.000     11.000     -3.510
     4      7     22     19 17511832.000     12.000     -3.510
     5      8     23     20 -40834.949     13.000     -3.510
     6      9     24     21 983152.500     14.000     -3.510
     7     10     25     22 1270603.000     15.000     -3.510
     8     11     26     23   -486.432     16.000     -3.510
     9     12     27     24 -287376.000     17.000     -3.510
    10     13     28     25 1026433.630     18.000     -3.510
    11     14     29     26 -28610.592     19.000     -3.510
    12     15     30     27 5897046.000     20.000     -3.510
    13     16     31     28 14925171.000     21.000     -3.510
    14     17     32     29 4056004.750     22.000     -3.510
    15     18     33     30 5796330.500     23.000     -3.510
    16     19     34     31 -11971488.000     24.000     -3.510
    17     20     35     32 -10583013.000     25.000     -3.510
    18     21     36     33  50348.707     26.000     -3.510
    19     22     37     34  -7402.226     27.000     -3.510
    20     23     38     35   1513.469     28.000     -3.510
    21     24     39     36   2994.254     29.000     -3.510
    22     25     40     37   9423.841     30.000     -3.510
    23     26     41     38 -51832.887     31.000     -3.510
    24     27     42     39  -2547.067     32.000     -3.510
    25     28     43     40 651035.125     33.000     -3.510
    26     29     44     41 -1820685.000     34.000     -3.510
    27     30     45     42 -14796447.000     35.000     -3.510
    28     31     46     43 -13201770.000     36.000     -3.510
    29     32     47     44 16840656.000     37.000     -3.510
    30     33     48     45 -15563448.000     38.000     -3.510
     1      4     22     19 9336003.000     10.500     -4.095
     2      5     23     20 320743.375     11.500     -4.095
     3      6     24     21 1613692.250     12.500     -4.095
     4      7     25     22 255871.125     13.500     -4.095
     5      8     26     23 -378747.875     14.500     -4.095
     6      9     27     24 -1945705.250     15.500     -4.095
     7     10     28     25 -811056.875     16.500     -4.095
     8     11     29     26 -72816.594     17.500     -4.095
     9     12     30     27 -3192035.750     18.500     -4.095
    10     13     31     28 24114426.000     19.500     -4.095
    11     14     32     29 310137.250     20.500     -4.095
    12     15     33     30 -9856784.000     21.500     -4.095
    13     16     34     31 -28261268.000     22.500     -4.095
    14     17     35     32 1007753.880     23.500     -4.095
    15     18     36     33 450945.156     24.500     -4.095
    16     19     37     34 -62059.832     25.500     -4.095
    17     20     38     35 273687.906     26.500     -4.095
    18     21     39     36 -23546.557     27.500     -4.095
    19     22     40     37 300761.406     28.500     -4.095
    20     23     41     38  -1618.195     29.500     -4.095
    21     24     42     39  -1985.337     30.500     -4.095
    22     25     43     40   3319.318     31.500     -4.095
    23     26     44     41  77828.914     32.500     -4.095
    24     27     45     42 -234709.109     33.500     -4.095
    25     28     46     43 -71435616.000     34.500     -4.095
    26     29     47     44 -48049720.000     35.500     -4.095
    27     30     48     45 28011336.000     36.500     -4.095
     1      5     25     21 147308.547     12.000     -4.680
     2      6     26     22 172925.844     13.000     -4.680
     3      7     27     23 -161380.859     14.000     -4.680
     4      8     28     24 -157648.188     15.000     -4.680
     5      9     29     25 -642937.313     16.000     -4.680
     6     10     30     26 -2254539.750     17.000     -4.680
     7     11     31     27 6179183.000     18.000     -4.680
     8     12     32     28 1635267.000     19.000     -4.680
     9     13     33     29 3713803.250     20.000     -4.680
    10     14     34     30 -6782624.000     21.000     -4.680
    11     15     35     31 -302443.563     22.000     -4.680
    12     16     36     32 -13499268.000     23.000     -4.680
    13     17     37     33 164745.125     24.000     -4.680
    14     18     38     34 -121484.648     25.000     -4.680
    15     19     39     35 -26633.672     26.000     -4.680
    16     20     40     36 183857.063     27.000     -4.680
    17     21     41     37  41800.781     28.000     -4.680
    18     22     42     38 -63767.305     29.000     -4.680
    19     23     43     39 517940.594     30.000     -4.680
    20     24     44     40  -1878.472     31.000     -4.680
    21     25     45     41 -233382.391     32.000     -4.680
    22     26     46     42 -3358344.250     33.000     -4.680
    23     27     47     43 -2809347.250     34.000     -4.680
    24     28     48     44 384164.531     35.000     -4.680
     1      5     29     25 -7578956.500     14.000     -5.460
     2      6     30     26 -3711584.500     15.000     -5.460
     3      7     31     27 10271454.000     16.000     -5.460
     4      8     32     28 1066436.880     17.000     -5.460
     5      9     33     29 1419854.130     18.000     -5.460
     6     10     34     30 4320681.000     19.000     -5.460
     7     11     35     31 -11005163.000     20.000     -5.460
     8     12     36     32 1399526.500     21.000     -5.460
     9     13     37     33 397724.906     22.000     -5.460
    10     14     38     34 301778.406     23.000     -5.460
    11     15     39     35   3664.957     24.000     -5.460
    12     16     40     36 269382.781     25.000     -5.460
    13     17     41     37 -23003.623     26.000     -5.460
    14     18     42     38  99736.031     27.000     -5.460
    15     19     43     39 -299601.281     28.000     -5.460
    16     20     44     40 7025792.500     29.000     -5.460
    17     21     45     41 13451955.000     30.000     -5.460
    18     22     46     42 32631282.000     31.000     -5.460
    19     23     47     43 33102908.000     32.000     -5.460
    20     24     48     44 -50441.715     33.000     -5.460
     1      6     31     26 -2886574.000     15.000     -5.850
     2      7     32     27 201024.609     16.000     -5.850
     3      8     33     28 -1340269.500     17.000     -5.850
     4      9     34     29 2535578.750     18.000     -5.850
     5     10     35     30 765667.938     19.000     -5.850
     6     11     36     31 -10878129.000     20.000     -5.850
     7     12     37     32 -3390942.250     21.000     -5.850
     8     13     38     33 338973.031     22.000     -5.850
     9     14     39     34  72853.438     23.000     -5.850
    10     15     40     35 402064.281     24.000     -5.850
    11     16     41     36 -120814.188     25.000     -5.850
    12     17     42     37 124075.164     26.000     -5.850
    13     18     43     38 500698.219     27.000     -5.850
    14     19     44     39 -471796.250     28.000     -5.850
    15     20     45     40  75535.156     29.000     -5.850
    16     21     46     41 24329334.000     30.000     -5.850
    17     22     47     42 29277806.000     31.000     -5.850
    18     23     48     43 4311432.500     32.000     -5.850
     1      6     36     31 5551440.500     17.500     -6.825
     2      7     37     32 -329020.219     18.500     -6.825
     3      8     38     33  38719.902     19.500     -6.825
     4      9     39     34  -5426.329     20.500     -6.825
     5     10     40     35 506456.219     21.500     -6.825
     6     11     41     36 -107517.172     22.500     -6.825
     7     12     42     37 141190.094     23.500     -6.825
     8     13     43     38 -551684.375     24.500     -6.825
     9     14     44     39 3228764.250     25.500     -6.825
    10     15     45     40 14029014.000     26.500     -6.825
    11     16     46     41 -18356044.000     27.500     -6.825
    12     17     47     42 29642544.000     28.500     -6.825
    13     18     48     43 3558032.000     29.500     -6.825
     1      7     37     31 2589170.750     18.000     -7.020
     2      8     38     32 -554364.625     19.000     -7.020
     3      9     39     33 190234.359     20.000     -7.020
     4     10     40     34  -6711.201     21.000     -7.020
     5     11     41     35  43768.699     22.000     -7.020
     6     12     42     36  20461.584     23.000     -7.020
     7     13     43     37  25066.912     24.000     -7.020
     8     14     44     38  66693.320     25.000     -7.020
     9     15     45     39 4168198.250     26.000     -7.020
    10     16     46     40 10106577.000     27.000     -7.020
    11     17     47     41 -12055532.000     28.000     -7.020
    12     18     48     42 2917160.250     29.000     -7.020
     1      7     43     37 -155858.141     21.000     -8.190
     2      8     44     38 279528.906     22.000     -8.190
     3      9     45     39 1914980.000     23.000     -8.190
     4     10     46     40 -11567568.000     24.000     -8.190
     5     11     47     41 51690468.000     25.000     -8.190
     6     12     48     42 1418869.500     26.000     -8.190
     1     10     46     37 -13160708.000     22.500     -8.775
     2     11     47     38 728832.063     23.500     -8.775
     3     12     48     39 374503.719     24.500     -8.775
