48# Number of electrodes
# x z
0.000     0.000
1.000     0.000
2.000     0.000
3.000     0.000
4.000     0.000
5.000     0.000
6.000     0.000
7.000     0.000
8.000     0.000
9.000     0.000
10.000     0.000
11.000     0.000
12.000     0.000
13.000     0.000
14.000     0.000
15.000     0.000
16.000     0.000
17.000     0.000
18.000     0.000
19.000     0.000
20.000     0.000
21.000     0.000
22.000     0.000
23.000     0.000
24.000     0.000
25.000     0.000
26.000     0.000
27.000     0.000
28.000     0.000
29.000     0.000
30.000     0.000
31.000     0.000
32.000     0.000
33.000     0.000
34.000     0.000
35.000     0.000
36.000     0.000
37.000     0.000
38.000     0.000
39.000     0.000
40.000     0.000
41.000     0.000
42.000     0.000
43.000     0.000
44.000     0.000
45.000     0.000
46.000     0.000
47.000     0.000
909# Number of data
# a   b   m   n      rhoa      x      z
     1      4      2      3    885.921      1.500     -0.330
     2      5      3      4    978.873      2.500     -0.330
     3      6      4      5   1176.810      3.500     -0.330
     4      7      5      6   1330.570      4.500     -0.330
     5      8      6      7   1256.095      5.500     -0.330
     6      9      7      8   1669.569      6.500     -0.330
     7     10      8      9   1992.938      7.500     -0.330
     8     11      9     10   2716.835      8.500     -0.330
     9     12     10     11   2604.552      9.500     -0.330
    10     13     11     12   3260.988     10.500     -0.330
    11     14     12     13   2862.697     11.500     -0.330
    12     15     13     14   2867.096     12.500     -0.330
    13     16     14     15   3118.143     13.500     -0.330
    14     17     15     16   3132.518     14.500     -0.330
    15     18     16     17   3216.067     15.500     -0.330
    16     19     17     18   2956.633     16.500     -0.330
    17     20     18     19   2883.204     17.500     -0.330
    18     21     19     20   2781.313     18.500     -0.330
    19     22     20     21   2143.099     19.500     -0.330
    20     23     21     22   2249.105     20.500     -0.330
    21     24     22     23   1678.764     21.500     -0.330
    22     25     23     24   1856.155     22.500     -0.330
    23     26     24     25   1785.131     23.500     -0.330
    24     27     25     26   1866.667     24.500     -0.330
    25     28     26     27   2208.309     25.500     -0.330
    26     29     27     28   2272.724     26.500     -0.330
    27     30     28     29   1965.313     27.500     -0.330
    28     31     29     30   2293.861     28.500     -0.330
    29     32     30     31   1845.727     29.500     -0.330
    30     33     31     32   1816.464     30.500     -0.330
    31     34     32     33   1670.619     31.500     -0.330
    32     35     33     34   1350.899     32.500     -0.330
    33     36     34     35   1092.180     33.500     -0.330
    34     37     35     36    993.243     34.500     -0.330
    35     38     36     37    848.278     35.500     -0.330
    36     39     37     38    880.416     36.500     -0.330
    37     40     38     39    725.617     37.500     -0.330
    38     41     39     40    963.530     38.500     -0.330
    39     42     40     41    869.230     39.500     -0.330
    40     43     41     42    962.427     40.500     -0.330
    41     44     42     43   1093.380     41.500     -0.330
    42     45     43     44   1201.351     42.500     -0.330
    43     46     44     45   1338.508     43.500     -0.330
    44     47     45     46   1945.475     44.500     -0.330
    45     48     46     47   2311.257     45.500     -0.330
     1      7      3      5    992.098      3.000     -0.660
     2      8      4      6   1178.828      4.000     -0.660
     3      9      5      7   1197.219      5.000     -0.660
     4     10      6      8   1342.807      6.000     -0.660
     5     11      7      9   1816.647      7.000     -0.660
     6     12      8     10   2229.241      8.000     -0.660
     7     13      9     11   2320.267      9.000     -0.660
     8     14     10     12   2533.867     10.000     -0.660
     9     15     11     13   2788.908     11.000     -0.660
    10     16     12     14   2762.018     12.000     -0.660
    11     17     13     15   2850.065     13.000     -0.660
    12     18     14     16   3185.765     14.000     -0.660
    13     19     15     17   3191.653     15.000     -0.660
    14     20     16     18   2844.630     16.000     -0.660
    15     21     17     19   2849.409     17.000     -0.660
    16     22     18     20   2891.437     18.000     -0.660
    17     23     19     21   2627.217     19.000     -0.660
    18     24     20     22   2313.081     20.000     -0.660
    19     25     21     23   2152.274     21.000     -0.660
    20     26     22     24   2045.368     22.000     -0.660
    21     27     23     25   1949.648     23.000     -0.660
    22     28     24     26   1972.193     24.000     -0.660
    23     29     25     27   2134.729     25.000     -0.660
    24     30     26     28   2083.354     26.000     -0.660
    25     31     27     29   1927.110     27.000     -0.660
    26     32     28     30   1834.716     28.000     -0.660
    27     33     29     31   1876.725     29.000     -0.660
    28     34     30     32   1683.823     30.000     -0.660
    29     35     31     33   1625.919     31.000     -0.660
    30     36     32     34   1405.994     32.000     -0.660
    31     37     33     35   1231.631     33.000     -0.660
    32     38     34     36    955.558     34.000     -0.660
    33     39     35     37   1029.793     35.000     -0.660
    34     40     36     38    724.375     36.000     -0.660
    35     41     37     39    806.528     37.000     -0.660
    36     42     38     40    951.358     38.000     -0.660
    37     43     39     41   1025.777     39.000     -0.660
    38     44     40     42    943.624     40.000     -0.660
    39     45     41     43    986.840     41.000     -0.660
    40     46     42     44   1243.648     42.000     -0.660
    41     47     43     45   1396.386     43.000     -0.660
    42     48     44     46   1710.972     44.000     -0.660
     1     10      4      7    965.509      4.500     -0.990
     2     11      5      8   1061.758      5.500     -0.990
     3     12      6      9   1261.909      6.500     -0.990
     4     13      7     10   1702.992      7.500     -0.990
     5     14      8     11   2065.949      8.500     -0.990
     6     15      9     12   2343.271      9.500     -0.990
     7     16     10     13   2234.907     10.500     -0.990
     8     17     11     14   2086.386     11.500     -0.990
     9     18     12     15   2166.698     12.500     -0.990
    10     19     13     16   2406.373     13.500     -0.990
    11     20     14     17   2488.606     14.500     -0.990
    12     21     15     18   2609.370     15.500     -0.990
    13     22     16     19   2533.258     16.500     -0.990
    14     23     17     20   2488.874     17.500     -0.990
    15     24     18     21   2401.699     18.500     -0.990
    16     25     19     22   2321.187     19.500     -0.990
    17     26     20     23   2011.528     20.500     -0.990
    18     27     21     24   1863.332     21.500     -0.990
    19     28     22     25   1729.959     22.500     -0.990
    20     29     23     26   1873.357     23.500     -0.990
    21     30     24     27   1832.654     24.500     -0.990
    22     31     25     28   1935.219     25.500     -0.990
    23     32     26     29   1729.928     26.500     -0.990
    24     33     27     30   1538.509     27.500     -0.990
    25     34     28     31   1379.914     28.500     -0.990
    26     35     29     32   1383.285     29.500     -0.990
    27     36     30     33   1320.808     30.500     -0.990
    28     37     31     34   1354.081     31.500     -0.990
    29     38     32     35   1217.339     32.500     -0.990
    30     39     33     36   1090.525     33.500     -0.990
    31     40     34     37    966.454     34.500     -0.990
    32     41     35     38    867.958     35.500     -0.990
    33     42     36     39    827.447     36.500     -0.990
    34     43     37     40    875.307     37.500     -0.990
    35     44     38     41    931.305     38.500     -0.990
    36     45     39     42    951.494     39.500     -0.990
    37     46     40     43    974.326     40.500     -0.990
    38     47     41     44   1065.269     41.500     -0.990
    39     48     42     45   1133.899     42.500     -0.990
     1     13      5      9    935.567      6.000     -1.320
     2     14      6     10   1317.254      7.000     -1.320
     3     15      7     11   1598.926      8.000     -1.320
     4     16      8     12   1767.395      9.000     -1.320
     5     17      9     13   1786.978     10.000     -1.320
     6     18     10     14   1736.693     11.000     -1.320
     7     19     11     15   1639.064     12.000     -1.320
     8     20     12     16   1552.796     13.000     -1.320
     9     21     13     17   1649.248     14.000     -1.320
    10     22     14     18   1862.640     15.000     -1.320
    11     23     15     19   2084.900     16.000     -1.320
    12     24     16     20   2156.620     17.000     -1.320
    13     25     17     21   2026.017     18.000     -1.320
    14     26     18     22   1923.483     19.000     -1.320
    15     27     19     23   1712.750     20.000     -1.320
    16     28     20     24   1567.655     21.000     -1.320
    17     29     21     25   1507.052     22.000     -1.320
    18     30     22     26   1414.281     23.000     -1.320
    19     31     23     27   1564.695     24.000     -1.320
    20     32     24     28   1577.647     25.000     -1.320
    21     33     25     29   1448.158     26.000     -1.320
    22     34     26     30   1402.167     27.000     -1.320
    23     35     27     31   1222.053     28.000     -1.320
    24     36     28     32   1122.171     29.000     -1.320
    25     37     29     33   1066.949     30.000     -1.320
    26     38     30     34   1300.191     31.000     -1.320
    27     39     31     35   1043.447     32.000     -1.320
    28     40     32     36    974.728     33.000     -1.320
    29     41     33     37    850.505     34.000     -1.320
    30     42     34     38    805.839     35.000     -1.320
    31     43     35     39    767.164     36.000     -1.320
    32     44     36     40    798.723     37.000     -1.320
    33     45     37     41    817.113     38.000     -1.320
    34     46     38     42   1137.473     39.000     -1.320
    35     47     39     43    913.301     40.000     -1.320
    36     48     40     44    920.961     41.000     -1.320
     1     16      6     11   1133.880      7.500     -1.650
     2     17      7     12   1246.714      8.500     -1.650
     3     18      8     13   1287.161      9.500     -1.650
     4     19      9     14   1258.755     10.500     -1.650
     5     20     10     15   1240.661     11.500     -1.650
     6     21     11     16   1274.987     12.500     -1.650
     7     22     12     17   1198.806     13.500     -1.650
     8     23     13     18   1226.251     14.500     -1.650
     9     24     14     19   1365.126     15.500     -1.650
    10     25     15     20   1589.408     16.500     -1.650
    11     26     16     21   1598.732     17.500     -1.650
    12     27     17     22   1532.521     18.500     -1.650
    13     28     18     23   1394.637     19.500     -1.650
    14     29     19     24   1271.339     20.500     -1.650
    15     30     20     25   1137.593     21.500     -1.650
    16     31     21     26   1173.683     22.500     -1.650
    17     32     22     27   1164.058     23.500     -1.650
    18     33     23     28   1173.286     24.500     -1.650
    19     34     24     29   1153.554     25.500     -1.650
    20     35     25     30   1188.448     26.500     -1.650
    21     36     26     31   1114.543     27.500     -1.650
    22     37     27     32   1029.951     28.500     -1.650
    23     38     28     33   1002.110     29.500     -1.650
    24     39     29     34    883.417     30.500     -1.650
    25     40     30     35    765.274     31.500     -1.650
    26     41     31     36    759.041     32.500     -1.650
    27     42     32     37    747.843     33.500     -1.650
    28     43     33     38    694.580     34.500     -1.650
    29     44     34     39    653.283     35.500     -1.650
    30     45     35     40    698.052     36.500     -1.650
    31     46     36     41    715.131     37.500     -1.650
    32     47     37     42    741.777     38.500     -1.650
    33     48     38     43    837.142     39.500     -1.650
     1     19      7     13    865.487      9.000     -1.980
     2     20      8     14    863.646     10.000     -1.980
     3     21      9     15    913.800     11.000     -1.980
     4     22     10     16    949.043     12.000     -1.980
     5     23     11     17    998.243     13.000     -1.980
     6     24     12     18    981.927     14.000     -1.980
     7     25     13     19    991.823     15.000     -1.980
     8     26     14     20   1024.348     16.000     -1.980
     9     27     15     21   1024.384     17.000     -1.980
    10     28     16     22   1074.281     18.000     -1.980
    11     29     17     23   1046.484     19.000     -1.980
    12     30     18     24   1011.659     20.000     -1.980
    13     31     19     25    937.513     21.000     -1.980
    14     32     20     26    853.106     22.000     -1.980
    15     33     21     27    857.537     23.000     -1.980
    16     34     22     28    873.764     24.000     -1.980
    17     35     23     29    894.295     25.000     -1.980
    18     36     24     30    904.129     26.000     -1.980
    19     37     25     31    922.370     27.000     -1.980
    20     38     26     32    977.145     28.000     -1.980
    21     39     27     33    859.774     29.000     -1.980
    22     40     28     34    768.070     30.000     -1.980
    23     41     29     35    695.086     31.000     -1.980
    24     42     30     36    633.915     32.000     -1.980
    25     43     31     37    599.973     33.000     -1.980
    26     44     32     38    560.437     34.000     -1.980
    27     45     33     39    549.616     35.000     -1.980
    28     46     34     40    586.025     36.000     -1.980
    29     47     35     41    591.955     37.000     -1.980
    30     48     36     42    599.098     38.000     -1.980
     1     22      8     15    643.020     10.500     -2.310
     2     23      9     16    730.016     11.500     -2.310
     3     24     10     17    761.286     12.500     -2.310
     4     25     11     18    774.478     13.500     -2.310
     5     26     12     19    778.346     14.500     -2.310
     6     27     13     20    759.003     15.500     -2.310
     7     28     14     21    705.191     16.500     -2.310
     8     29     15     22    682.881     17.500     -2.310
     9     30     16     23    654.329     18.500     -2.310
    10     31     17     24    699.723     19.500     -2.310
    11     32     18     25    698.290     20.500     -2.310
    12     33     19     26    675.757     21.500     -2.310
    13     34     20     27    651.111     22.500     -2.310
    14     35     21     28    648.504     23.500     -2.310
    15     36     22     29    644.401     24.500     -2.310
    16     37     23     30    705.397     25.500     -2.310
    17     38     24     31    749.729     26.500     -2.310
    18     39     25     32    747.405     27.500     -2.310
    19     40     26     33    742.031     28.500     -2.310
    20     41     27     34    701.398     29.500     -2.310
    21     42     28     35    634.989     30.500     -2.310
    22     43     29     36    598.667     31.500     -2.310
    23     44     30     37    522.565     32.500     -2.310
    24     45     31     38    496.194     33.500     -2.310
    25     46     32     39    459.807     34.500     -2.310
    26     47     33     40    461.437     35.500     -2.310
    27     48     34     41    470.089     36.500     -2.310
     1     25      9     17    574.270     12.000     -2.640
     2     26     10     18    594.148     13.000     -2.640
     3     27     11     19    580.864     14.000     -2.640
     4     28     12     20    549.452     15.000     -2.640
     5     29     13     21    528.378     16.000     -2.640
     6     30     14     22    505.884     17.000     -2.640
     7     31     15     23    471.045     18.000     -2.640
     8     32     16     24    434.242     19.000     -2.640
     9     33     17     25    427.879     20.000     -2.640
    10     34     18     26    476.490     21.000     -2.640
    11     35     19     27    500.030     22.000     -2.640
    12     36     20     28    504.321     23.000     -2.640
    13     37     21     29    503.195     24.000     -2.640
    14     38     22     30    533.690     25.000     -2.640
    15     39     23     31    551.306     26.000     -2.640
    16     40     24     32    577.873     27.000     -2.640
    17     41     25     33    599.655     28.000     -2.640
    18     42     26     34    598.038     29.000     -2.640
    19     43     27     35    566.913     30.000     -2.640
    20     44     28     36    536.889     31.000     -2.640
    21     45     29     37    501.439     32.000     -2.640
    22     46     30     38    454.036     33.000     -2.640
    23     47     31     39    419.428     34.000     -2.640
    24     48     32     40    393.458     35.000     -2.640
     1     28     10     19    420.748     13.500     -2.970
     2     29     11     20    421.457     14.500     -2.970
     3     30     12     21    381.312     15.500     -2.970
     4     31     13     22    367.627     16.500     -2.970
     5     32     14     23    352.224     17.500     -2.970
     6     33     15     24    338.952     18.500     -2.970
     7     34     16     25    314.603     19.500     -2.970
     8     35     17     26    304.812     20.500     -2.970
     9     36     18     27    333.770     21.500     -2.970
    10     37     19     28    372.376     22.500     -2.970
    11     38     20     29    397.062     23.500     -2.970
    12     39     21     30    416.904     24.500     -2.970
    13     40     22     31    415.689     25.500     -2.970
    14     41     23     32    438.523     26.500     -2.970
    15     42     24     33    464.986     27.500     -2.970
    16     43     25     34    485.400     28.500     -2.970
    17     44     26     35    487.185     29.500     -2.970
    18     45     27     36    466.101     30.500     -2.970
    19     46     28     37    441.263     31.500     -2.970
    20     47     29     38    422.769     32.500     -2.970
    21     48     30     39    372.111     33.500     -2.970
     1     31     11     21    291.472     15.000     -3.300
     2     32     12     22    272.765     16.000     -3.300
     3     33     13     23    254.012     17.000     -3.300
     4     34     14     24    254.372     18.000     -3.300
     5     35     15     25    256.711     19.000     -3.300
     6     36     16     26    257.074     20.000     -3.300
     7     37     17     27    256.387     21.000     -3.300
     8     38     18     28    269.325     22.000     -3.300
     9     39     19     29    278.293     23.000     -3.300
    10     40     20     30    306.661     24.000     -3.300
    11     41     21     31    326.895     25.000     -3.300
    12     42     22     32    351.217     26.000     -3.300
    13     43     23     33    371.111     27.000     -3.300
    14     44     24     34    377.174     28.000     -3.300
    15     45     25     35    390.584     29.000     -3.300
    16     46     26     36    400.014     30.000     -3.300
    17     47     27     37    380.973     31.000     -3.300
    18     48     28     38    348.248     32.000     -3.300
     1     34     12     23    195.978     16.500     -3.630
     2     35     13     24    197.330     17.500     -3.630
     3     36     14     25    203.117     18.500     -3.630
     4     37     15     26    211.162     19.500     -3.630
     5     38     16     27    227.353     20.500     -3.630
     6     39     17     28    228.781     21.500     -3.630
     7     40     18     29    224.468     22.500     -3.630
     8     41     19     30    229.454     23.500     -3.630
     9     42     20     31    243.481     24.500     -3.630
    10     43     21     32    270.236     25.500     -3.630
    11     44     22     33    292.523     26.500     -3.630
    12     45     23     34    312.485     27.500     -3.630
    13     46     24     35    319.964     28.500     -3.630
    14     47     25     36    319.686     29.500     -3.630
    15     48     26     37    309.514     30.500     -3.630
     1     37     13     25    163.937     18.000     -3.960
     2     38     14     26    180.123     19.000     -3.960
     3     39     15     27    191.478     20.000     -3.960
     4     40     16     28    196.440     21.000     -3.960
     5     41     17     29    198.932     22.000     -3.960
     6     42     18     30    208.529     23.000     -3.960
     7     43     19     31    206.448     24.000     -3.960
     8     44     20     32    210.603     25.000     -3.960
     9     45     21     33    227.026     26.000     -3.960
    10     46     22     34    246.024     27.000     -3.960
    11     47     23     35    262.029     28.000     -3.960
    12     48     24     36    262.400     29.000     -3.960
     1     40     14     27    162.168     19.500     -4.290
     2     41     15     28    172.685     20.500     -4.290
     3     42     16     29    178.327     21.500     -4.290
     4     43     17     30    184.186     22.500     -4.290
     5     44     18     31    188.666     23.500     -4.290
     6     45     19     32    193.126     24.500     -4.290
     7     46     20     33    195.660     25.500     -4.290
     8     47     21     34    196.649     26.500     -4.290
     9     48     22     35    197.521     27.500     -4.290
     1     43     15     29    158.981     21.000     -4.620
     2     44     16     30    169.487     22.000     -4.620
     3     45     17     31    172.877     23.000     -4.620
     4     46     18     32    176.962     24.000     -4.620
     5     47     19     33    179.480     25.000     -4.620
     6     48     20     34    173.843     26.000     -4.620
     1     46     16     31    158.224     22.500     -4.950
     2     47     17     32    161.523     23.500     -4.950
     3     48     18     33    162.317     24.500     -4.950
     1      2      4      3   1069.082      1.500     -0.585
     2      3      5      4   1132.021      2.500     -0.585
     3      4      6      5   1025.178      3.500     -0.585
     4      5      7      6   1242.683      4.500     -0.585
     5      6      8      7   1687.482      5.500     -0.585
     6      7      9      8   1291.665      6.500     -0.585
     7      8     10      9   1733.702      7.500     -0.585
     8      9     11     10   2605.582      8.500     -0.585
     9     10     12     11   3992.519      9.500     -0.585
    10     11     13     12   2774.405     10.500     -0.585
    11     12     14     13   2893.810     11.500     -0.585
    12     13     15     14   2819.341     12.500     -0.585
    13     14     16     15   2912.340     13.500     -0.585
    14     15     17     16   3413.217     14.500     -0.585
    15     16     18     17   3043.534     15.500     -0.585
    16     17     19     18   3084.271     16.500     -0.585
    17     18     20     19   2938.093     17.500     -0.585
    18     19     21     20   2510.094     18.500     -0.585
    19     20     22     21   2541.090     19.500     -0.585
    20     21     23     22   1585.777     20.500     -0.585
    21     22     24     23   1852.956     21.500     -0.585
    22     23     25     24   1479.813     22.500     -0.585
    23     24     26     25   1654.577     23.500     -0.585
    24     25     27     26   1965.740     24.500     -0.585
    25     26     28     27   1965.443     25.500     -0.585
    26     27     29     28   2363.477     26.500     -0.585
    27     28     30     29   2797.828     27.500     -0.585
    28     29     31     30   1579.503     28.500     -0.585
    29     30     32     31   1948.979     29.500     -0.585
    30     31     33     32   2162.133     30.500     -0.585
    31     32     34     33   1706.205     31.500     -0.585
    32     33     35     34   1288.448     32.500     -0.585
    33     34     36     35   1031.046     33.500     -0.585
    34     35     37     36    833.034     34.500     -0.585
    35     36     38     37    938.606     35.500     -0.585
    36     37     39     38    755.363     36.500     -0.585
    37     38     40     39    894.696     37.500     -0.585
    38     39     41     40    633.378     38.500     -0.585
    39     40     42     41    919.536     39.500     -0.585
    40     41     43     42   1015.746     40.500     -0.585
    41     42     44     43   1044.101     41.500     -0.585
    42     43     45     44   1121.908     42.500     -0.585
    43     44     46     45   1228.099     43.500     -0.585
    44     45     47     46   1431.429     44.500     -0.585
    45     46     48     47   2692.346     45.500     -0.585
     1      2      5      4    933.379      2.000     -0.780
     2      3      6      5   1038.226      3.000     -0.780
     3      4      7      6   1136.843      4.000     -0.780
     4      5      8      7   1637.422      5.000     -0.780
     5      6      9      8   1742.462      6.000     -0.780
     6      7     10      9   1549.396      7.000     -0.780
     7      8     11     10   1970.340      8.000     -0.780
     8      9     12     11   3068.396      9.000     -0.780
     9     10     13     12   3484.190     10.000     -0.780
    10     11     14     13   2976.483     11.000     -0.780
    11     12     15     14   3264.917     12.000     -0.780
    12     13     16     15   3531.807     13.000     -0.780
    13     14     17     16   3238.233     14.000     -0.780
    14     15     18     17   3528.188     15.000     -0.780
    15     16     19     18   3894.905     16.000     -0.780
    16     17     20     19   3501.630     17.000     -0.780
    17     18     21     20   2747.392     18.000     -0.780
    18     19     22     21   2817.099     19.000     -0.780
    19     20     23     22   2313.100     20.000     -0.780
    20     21     24     23   2077.473     21.000     -0.780
    21     22     25     24   2073.941     22.000     -0.780
    22     23     26     25   1801.022     23.000     -0.780
    23     24     27     26   2132.601     24.000     -0.780
    24     25     28     27   1932.936     25.000     -0.780
    25     26     29     28   2145.909     26.000     -0.780
    26     27     30     29   2946.065     27.000     -0.780
    27     28     31     30   2284.781     28.000     -0.780
    28     29     32     31   2347.465     29.000     -0.780
    29     30     33     32   2112.775     30.000     -0.780
    30     31     34     33   1843.239     31.000     -0.780
    31     32     35     34   1510.414     32.000     -0.780
    32     33     36     35   1195.191     33.000     -0.780
    33     34     37     36    970.502     34.000     -0.780
    34     35     38     37   1647.290     35.000     -0.780
    35     36     39     38    723.182     36.000     -0.780
    36     37     40     39   1049.876     37.000     -0.780
    37     38     41     40    807.550     38.000     -0.780
    38     39     42     41    701.738     39.000     -0.780
    39     40     43     42   1174.751     40.000     -0.780
    40     41     44     43   1164.767     41.000     -0.780
    41     42     45     44   1168.432     42.000     -0.780
    42     43     46     45   1264.604     43.000     -0.780
    43     44     47     46   1591.808     44.000     -0.780
    44     45     48     47   1955.132     45.000     -0.780
     1      2      6      5    916.565      2.500     -0.975
     2      3      7      6   1038.847      3.500     -0.975
     3      4      8      7   1353.333      4.500     -0.975
     4      5      9      8   1717.589      5.500     -0.975
     5      6     10      9   1914.076      6.500     -0.975
     6      7     11     10   1721.499      7.500     -0.975
     7      8     12     11   2120.797      8.500     -0.975
     8      9     13     12   2556.754      9.500     -0.975
     9     10     14     13   3274.595     10.500     -0.975
    10     11     15     14   3344.577     11.500     -0.975
    11     12     16     15   4025.106     12.500     -0.975
    12     13     17     16   3762.427     13.500     -0.975
    13     14     18     17   3236.028     14.500     -0.975
    14     15     19     18   3882.125     15.500     -0.975
    15     16     20     19   3986.906     16.500     -0.975
    16     17     21     20   3014.424     17.500     -0.975
    17     18     22     21   2814.277     18.500     -0.975
    18     19     23     22   2440.477     19.500     -0.975
    19     20     24     23   2771.607     20.500     -0.975
    20     21     25     24   2149.403     21.500     -0.975
    21     22     26     25   2314.992     22.500     -0.975
    22     23     27     26   2101.738     23.500     -0.975
    23     24     28     27   2072.004     24.500     -0.975
    24     25     29     28   1839.239     25.500     -0.975
    25     26     30     29   2438.737     26.500     -0.975
    26     27     31     30   2292.830     27.500     -0.975
    27     28     32     31   2759.321     28.500     -0.975
    28     29     33     32   2227.540     29.500     -0.975
    29     30     34     33   1863.789     30.500     -0.975
    30     31     35     34   1582.915     31.500     -0.975
    31     32     36     35   1370.056     32.500     -0.975
    32     33     37     36   1127.722     33.500     -0.975
    33     34     38     37   -833.427     34.500     -0.975
    34     35     39     38   -985.423     35.500     -0.975
    35     36     40     39   1121.429     36.500     -0.975
    36     37     41     40    864.082     37.500     -0.975
    37     38     42     41    746.395     38.500     -0.975
    38     39     43     42    812.107     39.500     -0.975
    39     40     44     43   1203.616     40.500     -0.975
    40     41     45     44   1146.646     41.500     -0.975
    41     42     46     45   1153.051     42.500     -0.975
    42     43     47     46   1449.050     43.500     -0.975
    43     44     48     47   1931.943     44.500     -0.975
     1      2      7      6    934.462      3.000     -1.170
     2      3      8      7   1176.778      4.000     -1.170
     3      4      9      8   1416.669      5.000     -1.170
     4      5     10      9   1848.695      6.000     -1.170
     5      6     11     10   2005.360      7.000     -1.170
     6      7     12     11   1799.313      8.000     -1.170
     7      8     13     12   1714.933      9.000     -1.170
     8      9     14     13   2249.700     10.000     -1.170
     9     10     15     14   3511.100     11.000     -1.170
    10     11     16     15   3927.464     12.000     -1.170
    11     12     17     16   4166.314     13.000     -1.170
    12     13     18     17   3530.568     14.000     -1.170
    13     14     19     18   3417.757     15.000     -1.170
    14     15     20     19   3646.594     16.000     -1.170
    15     16     21     20   3186.194     17.000     -1.170
    16     17     22     21   2941.409     18.000     -1.170
    17     18     23     22   2310.250     19.000     -1.170
    18     19     24     23   2717.507     20.000     -1.170
    19     20     25     24   2636.735     21.000     -1.170
    20     21     26     25   2250.849     22.000     -1.170
    21     22     27     26   2520.723     23.000     -1.170
    22     23     28     27   1927.093     24.000     -1.170
    23     24     29     28   1849.039     25.000     -1.170
    24     25     30     29   1977.929     26.000     -1.170
    25     26     31     30   1871.886     27.000     -1.170
    26     27     32     31   2551.774     28.000     -1.170
    27     28     33     32   2451.891     29.000     -1.170
    28     29     34     33   1718.802     30.000     -1.170
    29     30     35     34   1633.124     31.000     -1.170
    30     31     36     35   1398.786     32.000     -1.170
    31     32     37     36   1259.187     33.000     -1.170
    32     33     38     37    538.484     34.000     -1.170
    33     34     39     38   4438.018     35.000     -1.170
    34     35     40     39    995.492     36.000     -1.170
    35     36     41     40    899.952     37.000     -1.170
    36     37     42     41    769.606     38.000     -1.170
    37     38     43     42    803.883     39.000     -1.170
    38     39     44     43    801.819     40.000     -1.170
    39     40     45     44   1113.712     41.000     -1.170
    40     41     46     45   1084.170     42.000     -1.170
    41     42     47     46   1245.542     43.000     -1.170
    42     43     48     47   1693.494     44.000     -1.170
     1      2      8      7   1052.027      3.500     -1.365
     2      3      9      8   1224.434      4.500     -1.365
     3      4     10      9   1534.341      5.500     -1.365
     4      5     11     10   1890.128      6.500     -1.365
     5      6     12     11   2020.040      7.500     -1.365
     6      7     13     12   1449.369      8.500     -1.365
     7      8     14     13   1475.511      9.500     -1.365
     8      9     15     14   2384.798     10.500     -1.365
     9     10     16     15   3908.726     11.500     -1.365
    10     11     17     16   3874.106     12.500     -1.365
    11     12     18     17   3709.146     13.500     -1.365
    12     13     19     18   3417.120     14.500     -1.365
    13     14     20     19   3127.490     15.500     -1.365
    14     15     21     20   2787.365     16.500     -1.365
    15     16     22     21   3004.394     17.500     -1.365
    16     17     23     22   2333.651     18.500     -1.365
    17     18     24     23   2435.484     19.500     -1.365
    18     19     25     24   2470.620     20.500     -1.365
    19     20     26     25   2628.833     21.500     -1.365
    20     21     27     26   2354.648     22.500     -1.365
    21     22     28     27   2232.469     23.500     -1.365
    22     23     29     28   1625.701     24.500     -1.365
    23     24     30     29   1911.981     25.500     -1.365
    24     25     31     30   1454.391     26.500     -1.365
    25     26     32     31   1965.638     27.500     -1.365
    26     27     33     32   2206.464     28.500     -1.365
    27     28     34     33   1844.767     29.500     -1.365
    28     29     35     34   1425.075     30.500     -1.365
    29     30     36     35   1481.192     31.500     -1.365
    30     31     37     36   1202.836     32.500     -1.365
    31     32     38     37    810.658     33.500     -1.365
    32     33     39     38   1878.366     34.500     -1.365
    33     34     40     39   1133.098     35.500     -1.365
    34     35     41     40    799.892     36.500     -1.365
    35     36     42     41    782.888     37.500     -1.365
    36     37     43     42    802.033     38.500     -1.365
    37     38     44     43    759.397     39.500     -1.365
    38     39     45     44    749.222     40.500     -1.365
    39     40     46     45   1082.515     41.500     -1.365
    40     41     47     46   1169.347     42.500     -1.365
    41     42     48     47   1428.273     43.500     -1.365
     1      3      9      7   1149.402      4.000     -1.560
     2      4     10      8   1390.510      5.000     -1.560
     3      5     11      9   1744.593      6.000     -1.560
     4      6     12     10   1961.784      7.000     -1.560
     5      7     13     11   1736.921      8.000     -1.560
     6      8     14     12   1528.113      9.000     -1.560
     7      9     15     13   2000.325     10.000     -1.560
     8     10     16     14   3208.718     11.000     -1.560
     9     11     17     15   3879.519     12.000     -1.560
    10     12     18     16   3880.420     13.000     -1.560
    11     13     19     17   3552.079     14.000     -1.560
    12     14     20     18   3303.693     15.000     -1.560
    13     15     21     19   3140.537     16.000     -1.560
    14     16     22     20   2963.098     17.000     -1.560
    15     17     23     21   2729.574     18.000     -1.560
    16     18     24     22   2354.934     19.000     -1.560
    17     19     25     23   2515.619     20.000     -1.560
    18     20     26     24   2568.147     21.000     -1.560
    19     21     27     25   2423.036     22.000     -1.560
    20     22     28     26   2347.924     23.000     -1.560
    21     23     29     27   1911.563     24.000     -1.560
    22     24     30     28   1782.766     25.000     -1.560
    23     25     31     29   1764.352     26.000     -1.560
    24     26     32     30   1744.028     27.000     -1.560
    25     27     33     31   2208.282     28.000     -1.560
    26     28     34     32   2139.941     29.000     -1.560
    27     29     35     33   1646.655     30.000     -1.560
    28     30     36     34   1488.312     31.000     -1.560
    29     31     37     35   1349.756     32.000     -1.560
    30     32     38     36   1074.102     33.000     -1.560
    31     33     39     37   1048.830     34.000     -1.560
    32     34     40     38   2717.736     35.000     -1.560
    33     35     41     39    962.807     36.000     -1.560
    34     36     42     40    820.738     37.000     -1.560
    35     37     43     41    785.737     38.000     -1.560
    36     38     44     42    784.668     39.000     -1.560
    37     39     45     43    763.042     40.000     -1.560
    38     40     46     44    967.092     41.000     -1.560
    39     41     47     45   1107.128     42.000     -1.560
    40     42     48     46   1268.644     43.000     -1.560
     1      3     11      9   1301.721      5.000     -1.950
     2      4     12     10   1449.201      6.000     -1.950
     3      5     13     11   1549.100      7.000     -1.950
     4      6     14     12   1397.855      8.000     -1.950
     5      7     15     13   1255.951      9.000     -1.950
     6      8     16     14   1436.693     10.000     -1.950
     7      9     17     15   2101.332     11.000     -1.950
     8     10     18     16   2950.888     12.000     -1.950
     9     11     19     17   3135.357     13.000     -1.950
    10     12     20     18   3142.363     14.000     -1.950
    11     13     21     19   2664.557     15.000     -1.950
    12     14     22     20   2153.441     16.000     -1.950
    13     15     23     21   2095.891     17.000     -1.950
    14     16     24     22   2127.285     18.000     -1.950
    15     17     25     23   2229.875     19.000     -1.950
    16     18     26     24   2102.427     20.000     -1.950
    17     19     27     25   2300.406     21.000     -1.950
    18     20     28     26   2443.281     22.000     -1.950
    19     21     29     27   1961.699     23.000     -1.950
    20     22     30     28   1713.499     24.000     -1.950
    21     23     31     29   1493.466     25.000     -1.950
    22     24     32     30   1296.764     26.000     -1.950
    23     25     33     31   1348.457     27.000     -1.950
    24     26     34     32   1307.941     28.000     -1.950
    25     27     35     33   1331.236     29.000     -1.950
    26     28     36     34   1308.555     30.000     -1.950
    27     29     37     35   1117.317     31.000     -1.950
    28     30     38     36    978.486     32.000     -1.950
    29     31     39     37    988.928     33.000     -1.950
    30     32     40     38   1275.725     34.000     -1.950
    31     33     41     39   1011.666     35.000     -1.950
    32     34     42     40    800.586     36.000     -1.950
    33     35     43     41    705.249     37.000     -1.950
    34     36     44     42    741.893     38.000     -1.950
    35     37     45     43    709.174     39.000     -1.950
    36     38     46     44    656.078     40.000     -1.950
    37     39     47     45    691.297     41.000     -1.950
    38     40     48     46    985.306     42.000     -1.950
     1      3     13     11   1113.774      6.000     -2.340
     2      4     14     12    979.952      7.000     -2.340
     3      5     15     13   1038.856      8.000     -2.340
     4      6     16     14   1240.388      9.000     -2.340
     5      7     17     15   1237.557     10.000     -2.340
     6      8     18     16   1209.202     11.000     -2.340
     7      9     19     17   1525.240     12.000     -2.340
     8     10     20     18   2111.126     13.000     -2.340
     9     11     21     19   2123.900     14.000     -2.340
    10     12     22     20   1852.007     15.000     -2.340
    11     13     23     21   1648.545     16.000     -2.340
    12     14     24     22   1465.816     17.000     -2.340
    13     15     25     23   1569.726     18.000     -2.340
    14     16     26     24   1747.336     19.000     -2.340
    15     17     27     25   1915.970     20.000     -2.340
    16     18     28     26   1910.207     21.000     -2.340
    17     19     29     27   1745.175     22.000     -2.340
    18     20     30     28   1664.185     23.000     -2.340
    19     21     31     29   1408.695     24.000     -2.340
    20     22     32     30   1155.475     25.000     -2.340
    21     23     33     31   1028.198     26.000     -2.340
    22     24     34     32    873.680     27.000     -2.340
    23     25     35     33    746.485     28.000     -2.340
    24     26     36     34    747.827     29.000     -2.340
    25     27     37     35    822.311     30.000     -2.340
    26     28     38     36    777.951     31.000     -2.340
    27     29     39     37    734.843     32.000     -2.340
    28     30     40     38    995.771     33.000     -2.340
    29     31     41     39    866.042     34.000     -2.340
    30     32     42     40    743.491     35.000     -2.340
    31     33     43     41    721.477     36.000     -2.340
    32     34     44     42    698.281     37.000     -2.340
    33     35     45     43    618.436     38.000     -2.340
    34     36     46     44    618.203     39.000     -2.340
    35     37     47     45    648.471     40.000     -2.340
    36     38     48     46    695.638     41.000     -2.340
     1      3     15     13    733.688      7.000     -2.730
     2      4     16     14    845.761      8.000     -2.730
     3      5     17     15    984.907      9.000     -2.730
     4      6     18     16    973.851     10.000     -2.730
     5      7     19     17    849.442     11.000     -2.730
     6      8     20     18    819.166     12.000     -2.730
     7      9     21     19    968.076     13.000     -2.730
     8     10     22     20   1188.583     14.000     -2.730
     9     11     23     21   1213.281     15.000     -2.730
    10     12     24     22   1189.652     16.000     -2.730
    11     13     25     23   1151.567     17.000     -2.730
    12     14     26     24   1122.810     18.000     -2.730
    13     15     27     25   1323.968     19.000     -2.730
    14     16     28     26   1528.987     20.000     -2.730
    15     17     29     27   1417.041     21.000     -2.730
    16     18     30     28   1248.838     22.000     -2.730
    17     19     31     29   1189.100     23.000     -2.730
    18     20     32     30   1075.520     24.000     -2.730
    19     21     33     31    912.030     25.000     -2.730
    20     22     34     32    719.287     26.000     -2.730
    21     23     35     33    541.389     27.000     -2.730
    22     24     36     34    478.128     28.000     -2.730
    23     25     37     35    433.630     29.000     -2.730
    24     26     38     36    425.392     30.000     -2.730
    25     27     39     37    536.288     31.000     -2.730
    26     28     40     38    714.078     32.000     -2.730
    27     29     41     39    619.763     33.000     -2.730
    28     30     42     40    577.642     34.000     -2.730
    29     31     43     41    605.824     35.000     -2.730
    30     32     44     42    629.756     36.000     -2.730
    31     33     45     43    623.687     37.000     -2.730
    32     34     46     44    539.724     38.000     -2.730
    33     35     47     45    518.620     39.000     -2.730
    34     36     48     46    619.282     40.000     -2.730
     1      4     16     13    800.800      7.500     -2.925
     2      5     17     14    934.458      8.500     -2.925
     3      6     18     15   1014.494      9.500     -2.925
     4      7     19     16    936.945     10.500     -2.925
     5      8     20     17    889.078     11.500     -2.925
     6      9     21     18   1022.112     12.500     -2.925
     7     10     22     19   1251.740     13.500     -2.925
     8     11     23     20   1269.854     14.500     -2.925
     9     12     24     21   1302.722     15.500     -2.925
    10     13     25     22   1177.411     16.500     -2.925
    11     14     26     23   1187.302     17.500     -2.925
    12     15     27     24   1277.152     18.500     -2.925
    13     16     28     25   1462.202     19.500     -2.925
    14     17     29     26   1523.956     20.500     -2.925
    15     18     30     27   1400.767     21.500     -2.925
    16     19     31     28   1259.554     22.500     -2.925
    17     20     32     29   1218.843     23.500     -2.925
    18     21     33     30    982.565     24.500     -2.925
    19     22     34     31    870.479     25.500     -2.925
    20     23     35     32    661.381     26.500     -2.925
    21     24     36     33    551.620     27.500     -2.925
    22     25     37     34    484.353     28.500     -2.925
    23     26     38     35    477.772     29.500     -2.925
    24     27     39     36    541.167     30.500     -2.925
    25     28     40     37    602.313     31.500     -2.925
    26     29     41     38    684.843     32.500     -2.925
    27     30     42     39    654.449     33.500     -2.925
    28     31     43     40    607.173     34.500     -2.925
    29     32     44     41    637.576     35.500     -2.925
    30     33     45     42    631.374     36.500     -2.925
    31     34     46     43    587.742     37.500     -2.925
    32     35     47     44    548.039     38.500     -2.925
    33     36     48     45    590.944     39.500     -2.925
     1      4     19     16    559.714      9.000     -3.510
     2      5     20     17    552.811     10.000     -3.510
     3      6     21     18    515.536     11.000     -3.510
     4      7     22     19    457.119     12.000     -3.510
     5      8     23     20    389.021     13.000     -3.510
     6      9     24     21    445.004     14.000     -3.510
     7     10     25     22    582.701     15.000     -3.510
     8     11     26     23    754.229     16.000     -3.510
     9     12     27     24    818.052     17.000     -3.510
    10     13     28     25    839.300     18.000     -3.510
    11     14     29     26    829.570     19.000     -3.510
    12     15     30     27    811.610     20.000     -3.510
    13     16     31     28    810.881     21.000     -3.510
    14     17     32     29    823.709     22.000     -3.510
    15     18     33     30    700.989     23.000     -3.510
    16     19     34     31    640.097     24.000     -3.510
    17     20     35     32    536.751     25.000     -3.510
    18     21     36     33    416.137     26.000     -3.510
    19     22     37     34    345.442     27.000     -3.510
    20     23     38     35    267.939     28.000     -3.510
    21     24     39     36    253.293     29.000     -3.510
    22     25     40     37    250.434     30.000     -3.510
    23     26     41     38    308.876     31.000     -3.510
    24     27     42     39    360.856     32.000     -3.510
    25     28     43     40    383.409     33.000     -3.510
    26     29     44     41    395.814     34.000     -3.510
    27     30     45     42    474.240     35.000     -3.510
    28     31     46     43    512.589     36.000     -3.510
    29     32     47     44    562.420     37.000     -3.510
    30     33     48     45    595.867     38.000     -3.510
     1      4     22     19    268.039     10.500     -4.095
     2      5     23     20    238.169     11.500     -4.095
     3      6     24     21    281.708     12.500     -4.095
     4      7     25     22    210.204     13.500     -4.095
     5      8     26     23    222.530     14.500     -4.095
     6      9     27     24    340.846     15.500     -4.095
     7     10     28     25    478.060     16.500     -4.095
     8     11     29     26    528.225     17.500     -4.095
     9     12     30     27    524.389     18.500     -4.095
    10     13     31     28    481.278     19.500     -4.095
    11     14     32     29    481.500     20.500     -4.095
    12     15     33     30    414.207     21.500     -4.095
    13     16     34     31    403.737     22.500     -4.095
    14     17     35     32    340.205     23.500     -4.095
    15     18     36     33    300.720     24.500     -4.095
    16     19     37     34    256.259     25.500     -4.095
    17     20     38     35    224.354     26.500     -4.095
    18     21     39     36    194.714     27.500     -4.095
    19     22     40     37    190.922     28.500     -4.095
    20     23     41     38    181.679     29.500     -4.095
    21     24     42     39    180.440     30.500     -4.095
    22     25     43     40    172.951     31.500     -4.095
    23     26     44     41    189.235     32.500     -4.095
    24     27     45     42    227.220     33.500     -4.095
    25     28     46     43    257.672     34.500     -4.095
    26     29     47     44    329.569     35.500     -4.095
    27     30     48     45    634.298     36.500     -4.095
     1      5     25     21    177.913     12.000     -4.680
     2      6     26     22    161.985     13.000     -4.680
     3      7     27     23    160.215     14.000     -4.680
     4      8     28     24    195.122     15.000     -4.680
     5      9     29     25    260.015     16.000     -4.680
     6     10     30     26    324.659     17.000     -4.680
     7     11     31     27    348.976     18.000     -4.680
     8     12     32     28    369.150     19.000     -4.680
     9     13     33     29    355.406     20.000     -4.680
    10     14     34     30    315.433     21.000     -4.680
    11     15     35     31    267.543     22.000     -4.680
    12     16     36     32    247.146     23.000     -4.680
    13     17     37     33    230.764     24.000     -4.680
    14     18     38     34    201.343     25.000     -4.680
    15     19     39     35    187.093     26.000     -4.680
    16     20     40     36    180.181     27.000     -4.680
    17     21     41     37    163.711     28.000     -4.680
    18     22     42     38    170.032     29.000     -4.680
    19     23     43     39    152.552     30.000     -4.680
    20     24     44     40    142.382     31.000     -4.680
    21     25     45     41    145.226     32.000     -4.680
    22     26     46     42     99.146     33.000     -4.680
    23     27     47     43    101.284     34.000     -4.680
    24     28     48     44    178.703     35.000     -4.680
     1      5     29     25    144.033     14.000     -5.460
     2      6     30     26    131.326     15.000     -5.460
     3      7     31     27    138.148     16.000     -5.460
     4      8     32     28    136.011     17.000     -5.460
     5      9     33     29    137.505     18.000     -5.460
     6     10     34     30    162.548     19.000     -5.460
     7     11     35     31    174.064     20.000     -5.460
     8     12     36     32    151.327     21.000     -5.460
     9     13     37     33    145.622     22.000     -5.460
    10     14     38     34    124.616     23.000     -5.460
    11     15     39     35    119.861     24.000     -5.460
    12     16     40     36    126.764     25.000     -5.460
    13     17     41     37    126.785     26.000     -5.460
    14     18     42     38    137.964     27.000     -5.460
    15     19     43     39    136.565     28.000     -5.460
    16     20     44     40    128.353     29.000     -5.460
    17     21     45     41    126.263     30.000     -5.460
    18     22     46     42    114.942     31.000     -5.460
    19     23     47     43    111.997     32.000     -5.460
    20     24     48     44    113.527     33.000     -5.460
     1      6     31     26    133.837     15.000     -5.850
     2      7     32     27    133.051     16.000     -5.850
     3      8     33     28    116.313     17.000     -5.850
     4      9     34     29    126.529     18.000     -5.850
     5     10     35     30    141.010     19.000     -5.850
     6     11     36     31    151.022     20.000     -5.850
     7     12     37     32    135.950     21.000     -5.850
     8     13     38     33    129.014     22.000     -5.850
     9     14     39     34    119.962     23.000     -5.850
    10     15     40     35    122.786     24.000     -5.850
    11     16     41     36    120.750     25.000     -5.850
    12     17     42     37    121.285     26.000     -5.850
    13     18     43     38    128.049     27.000     -5.850
    14     19     44     39    134.529     28.000     -5.850
    15     20     45     40    123.566     29.000     -5.850
    16     21     46     41    120.094     30.000     -5.850
    17     22     47     42    119.344     31.000     -5.850
    18     23     48     43    148.640     32.000     -5.850
     1      6     36     31     72.296     17.500     -6.825
     2      7     37     32     51.125     18.500     -6.825
     3      8     38     33     61.435     19.500     -6.825
     4      9     39     34     62.180     20.500     -6.825
     5     10     40     35     75.375     21.500     -6.825
     6     11     41     36     79.775     22.500     -6.825
     7     12     42     37     91.881     23.500     -6.825
     8     13     43     38    102.958     24.500     -6.825
     9     14     44     39    107.972     25.500     -6.825
    10     15     45     40     94.111     26.500     -6.825
    11     16     46     41    105.954     27.500     -6.825
    12     17     47     42    117.631     28.500     -6.825
    13     18     48     43    181.658     29.500     -6.825
     1      7     37     31     70.807     18.000     -7.020
     2      8     38     32     54.879     19.000     -7.020
     3      9     39     33     66.727     20.000     -7.020
     4     10     40     34     75.486     21.000     -7.020
     5     11     41     35     79.014     22.000     -7.020
     6     12     42     36     86.642     23.000     -7.020
     7     13     43     37     92.319     24.000     -7.020
     8     14     44     38    102.005     25.000     -7.020
     9     15     45     39    106.610     26.000     -7.020
    10     16     46     40    100.761     27.000     -7.020
    11     17     47     41    118.142     28.000     -7.020
    12     18     48     42    160.033     29.000     -7.020
     1      7     43     37     61.141     21.000     -8.190
     2      8     44     38     64.174     22.000     -8.190
     3      9     45     39     67.546     23.000     -8.190
     4     10     46     40     67.443     24.000     -8.190
     5     11     47     41     83.293     25.000     -8.190
     6     12     48     42    119.995     26.000     -8.190
     1     10     46     37     69.344     22.500     -8.775
     2     11     47     38     80.039     23.500     -8.775
     3     12     48     39    111.902     24.500     -8.775
