48# Number of electrodes
# x z
0.000     0.000
1.000     0.000
2.000     0.000
3.000     0.000
4.000     0.000
5.000     0.000
6.000     0.000
7.000     0.000
8.000     0.000
9.000     0.000
10.000     0.000
11.000     0.000
12.000     0.000
13.000     0.000
14.000     0.000
15.000     0.000
16.000     0.000
17.000     0.000
18.000     0.000
19.000     0.000
20.000     0.000
21.000     0.000
22.000     0.000
23.000     0.000
24.000     0.000
25.000     0.000
26.000     0.000
27.000     0.000
28.000     0.000
29.000     0.000
30.000     0.000
31.000     0.000
32.000     0.000
33.000     0.000
34.000     0.000
35.000     0.000
36.000     0.000
37.000     0.000
38.000     0.000
39.000     0.000
40.000     0.000
41.000     0.000
42.000     0.000
43.000     0.000
44.000     0.000
45.000     0.000
46.000     0.000
47.000     0.000
909# Number of data
# a   b   m   n      rhoa      x      z
     1      4      2      3          -      1.500     -0.330
     2      5      3      4          -      2.500     -0.330
     3      6      4      5          -      3.500     -0.330
     4      7      5      6          -      4.500     -0.330
     5      8      6      7          -      5.500     -0.330
     6      9      7      8          -      6.500     -0.330
     7     10      8      9          -      7.500     -0.330
     8     11      9     10          -      8.500     -0.330
     9     12     10     11          -      9.500     -0.330
    10     13     11     12          -     10.500     -0.330
    11     14     12     13 -117609.602     11.500     -0.330
    12     15     13     14          -     12.500     -0.330
    13     16     14     15          -     13.500     -0.330
    14     17     15     16          -     14.500     -0.330
    15     18     16     17          -     15.500     -0.330
    16     19     17     18          -     16.500     -0.330
    17     20     18     19          -     17.500     -0.330
    18     21     19     20          -     18.500     -0.330
    19     22     20     21          -     19.500     -0.330
    20     23     21     22          -     20.500     -0.330
    21     24     22     23 693211.125     21.500     -0.330
    22     25     23     24 -107913.578     22.500     -0.330
    23     26     24     25 103986.078     23.500     -0.330
    24     27     25     26 167063.484     24.500     -0.330
    25     28     26     27          -     25.500     -0.330
    26     29     27     28 -522422.438     26.500     -0.330
    27     30     28     29 -710738.750     27.500     -0.330
    28     31     29     30          -     28.500     -0.330
    29     32     30     31 -319496.875     29.500     -0.330
    30     33     31     32          -     30.500     -0.330
    31     34     32     33          -     31.500     -0.330
    32     35     33     34 118489.867     32.500     -0.330
    33     36     34     35 387677.094     33.500     -0.330
    34     37     35     36 531485.188     34.500     -0.330
    35     38     36     37 420639.938     35.500     -0.330
    36     39     37     38 225879.875     36.500     -0.330
    37     40     38     39 347330.281     37.500     -0.330
    38     41     39     40 -15593.188     38.500     -0.330
    39     42     40     41  -5259.365     39.500     -0.330
    40     43     41     42  59286.293     40.500     -0.330
    41     44     42     43 596993.438     41.500     -0.330
    42     45     43     44          -     42.500     -0.330
    43     46     44     45 241120.750     43.500     -0.330
    44     47     45     46          -     44.500     -0.330
    45     48     46     47          -     45.500     -0.330
     1      7      3      5          -      3.000     -0.660
     2      8      4      6          -      4.000     -0.660
     3      9      5      7          -      5.000     -0.660
     4     10      6      8          -      6.000     -0.660
     5     11      7      9          -      7.000     -0.660
     6     12      8     10          -      8.000     -0.660
     7     13      9     11          -      9.000     -0.660
     8     14     10     12          -     10.000     -0.660
     9     15     11     13          -     11.000     -0.660
    10     16     12     14          -     12.000     -0.660
    11     17     13     15          -     13.000     -0.660
    12     18     14     16          -     14.000     -0.660
    13     19     15     17          -     15.000     -0.660
    14     20     16     18          -     16.000     -0.660
    15     21     17     19          -     17.000     -0.660
    16     22     18     20          -     18.000     -0.660
    17     23     19     21          -     19.000     -0.660
    18     24     20     22          -     20.000     -0.660
    19     25     21     23          -     21.000     -0.660
    20     26     22     24 143125.813     22.000     -0.660
    21     27     23     25 155131.344     23.000     -0.660
    22     28     24     26          -     24.000     -0.660
    23     29     25     27 -201989.703     25.000     -0.660
    24     30     26     28 2446508.750     26.000     -0.660
    25     31     27     29 1840019.250     27.000     -0.660
    26     32     28     30          -     28.000     -0.660
    27     33     29     31 1064499.130     29.000     -0.660
    28     34     30     32          -     30.000     -0.660
    29     35     31     33 1611046.880     31.000     -0.660
    30     36     32     34          -     32.000     -0.660
    31     37     33     35  31978.521     33.000     -0.660
    32     38     34     36 -271223.500     34.000     -0.660
    33     39     35     37 -63531.957     35.000     -0.660
    34     40     36     38  12172.176     36.000     -0.660
    35     41     37     39 117991.352     37.000     -0.660
    36     42     38     40 572236.563     38.000     -0.660
    37     43     39     41  22162.029     39.000     -0.660
    38     44     40     42 -179599.500     40.000     -0.660
    39     45     41     43 1245972.630     41.000     -0.660
    40     46     42     44          -     42.000     -0.660
    41     47     43     45          -     43.000     -0.660
    42     48     44     46 2428311.250     44.000     -0.660
     1     10      4      7 2395246.250      4.500     -0.990
     2     11      5      8          -      5.500     -0.990
     3     12      6      9          -      6.500     -0.990
     4     13      7     10          -      7.500     -0.990
     5     14      8     11          -      8.500     -0.990
     6     15      9     12          -      9.500     -0.990
     7     16     10     13          -     10.500     -0.990
     8     17     11     14          -     11.500     -0.990
     9     18     12     15 904839.875     12.500     -0.990
    10     19     13     16          -     13.500     -0.990
    11     20     14     17 1558008.130     14.500     -0.990
    12     21     15     18          -     15.500     -0.990
    13     22     16     19          -     16.500     -0.990
    14     23     17     20          -     17.500     -0.990
    15     24     18     21          -     18.500     -0.990
    16     25     19     22          -     19.500     -0.990
    17     26     20     23          -     20.500     -0.990
    18     27     21     24          -     21.500     -0.990
    19     28     22     25 1367646.500     22.500     -0.990
    20     29     23     26 1130415.500     23.500     -0.990
    21     30     24     27 2383435.750     24.500     -0.990
    22     31     25     28          -     25.500     -0.990
    23     32     26     29 1561937.130     26.500     -0.990
    24     33     27     30          -     27.500     -0.990
    25     34     28     31 2741089.000     28.500     -0.990
    26     35     29     32 580678.438     29.500     -0.990
    27     36     30     33          -     30.500     -0.990
    28     37     31     34          -     31.500     -0.990
    29     38     32     35 2522070.500     32.500     -0.990
    30     39     33     36          -     33.500     -0.990
    31     40     34     37 -314646.188     34.500     -0.990
    32     41     35     38 384216.313     35.500     -0.990
    33     42     36     39 648393.188     36.500     -0.990
    34     43     37     40 -401025.781     37.500     -0.990
    35     44     38     41 -1052476.630     38.500     -0.990
    36     45     39     42 287579.563     39.500     -0.990
    37     46     40     43 2110360.750     40.500     -0.990
    38     47     41     44          -     41.500     -0.990
    39     48     42     45          -     42.500     -0.990
     1     13      5      9 1928349.130      6.000     -1.320
     2     14      6     10          -      7.000     -1.320
     3     15      7     11          -      8.000     -1.320
     4     16      8     12          -      9.000     -1.320
     5     17      9     13          -     10.000     -1.320
     6     18     10     14 -878681.625     11.000     -1.320
     7     19     11     15          -     12.000     -1.320
     8     20     12     16          -     13.000     -1.320
     9     21     13     17          -     14.000     -1.320
    10     22     14     18 1947459.000     15.000     -1.320
    11     23     15     19          -     16.000     -1.320
    12     24     16     20          -     17.000     -1.320
    13     25     17     21          -     18.000     -1.320
    14     26     18     22          -     19.000     -1.320
    15     27     19     23          -     20.000     -1.320
    16     28     20     24          -     21.000     -1.320
    17     29     21     25          -     22.000     -1.320
    18     30     22     26 4792712.500     23.000     -1.320
    19     31     23     27 489957.000     24.000     -1.320
    20     32     24     28 2662768.000     25.000     -1.320
    21     33     25     29 -1566937.380     26.000     -1.320
    22     34     26     30 1089966.750     27.000     -1.320
    23     35     27     31 2675896.000     28.000     -1.320
    24     36     28     32 -1708042.500     29.000     -1.320
    25     37     29     33 446926.969     30.000     -1.320
    26     38     30     34 4886792.500     31.000     -1.320
    27     39     31     35 338036.625     32.000     -1.320
    28     40     32     36 902424.500     33.000     -1.320
    29     41     33     37 -581959.438     34.000     -1.320
    30     42     34     38 -2378072.500     35.000     -1.320
    31     43     35     39 1474354.000     36.000     -1.320
    32     44     36     40 502939.094     37.000     -1.320
    33     45     37     41 -2032712.630     38.000     -1.320
    34     46     38     42 -1578774.000     39.000     -1.320
    35     47     39     43 3966237.750     40.000     -1.320
    36     48     40     44          -     41.000     -1.320
     1     16      6     11          -      7.500     -1.650
     2     17      7     12          -      8.500     -1.650
     3     18      8     13          -      9.500     -1.650
     4     19      9     14          -     10.500     -1.650
     5     20     10     15          -     11.500     -1.650
     6     21     11     16          -     12.500     -1.650
     7     22     12     17          -     13.500     -1.650
     8     23     13     18          -     14.500     -1.650
     9     24     14     19          -     15.500     -1.650
    10     25     15     20          -     16.500     -1.650
    11     26     16     21          -     17.500     -1.650
    12     27     17     22          -     18.500     -1.650
    13     28     18     23          -     19.500     -1.650
    14     29     19     24          -     20.500     -1.650
    15     30     20     25          -     21.500     -1.650
    16     31     21     26          -     22.500     -1.650
    17     32     22     27 2862938.250     23.500     -1.650
    18     33     23     28 -919101.500     24.500     -1.650
    19     34     24     29 3437340.500     25.500     -1.650
    20     35     25     30 -5897006.000     26.500     -1.650
    21     36     26     31 -4412289.000     27.500     -1.650
    22     37     27     32 1416106.130     28.500     -1.650
    23     38     28     33 -2239690.000     29.500     -1.650
    24     39     29     34   5234.835     30.500     -1.650
    25     40     30     35 2125014.500     31.500     -1.650
    26     41     31     36 4236261.500     32.500     -1.650
    27     42     32     37 386550.313     33.500     -1.650
    28     43     33     38 -758383.250     34.500     -1.650
    29     44     34     39  45739.387     35.500     -1.650
    30     45     35     40 1763493.130     36.500     -1.650
    31     46     36     41 -160287.813     37.500     -1.650
    32     47     37     42 -1783015.880     38.500     -1.650
    33     48     38     43 2116777.000     39.500     -1.650
     1     19      7     13          -      9.000     -1.980
     2     20      8     14          -     10.000     -1.980
     3     21      9     15          -     11.000     -1.980
     4     22     10     16 6415934.000     12.000     -1.980
     5     23     11     17          -     13.000     -1.980
     6     24     12     18          -     14.000     -1.980
     7     25     13     19          -     15.000     -1.980
     8     26     14     20          -     16.000     -1.980
     9     27     15     21          -     17.000     -1.980
    10     28     16     22          -     18.000     -1.980
    11     29     17     23          -     19.000     -1.980
    12     30     18     24          -     20.000     -1.980
    13     31     19     25          -     21.000     -1.980
    14     32     20     26          -     22.000     -1.980
    15     33     21     27          -     23.000     -1.980
    16     34     22     28 2182600.250     24.000     -1.980
    17     35     23     29 210588.734     25.000     -1.980
    18     36     24     30 3661488.500     26.000     -1.980
    19     37     25     31 -2321215.500     27.000     -1.980
    20     38     26     32 -3329935.750     28.000     -1.980
    21     39     27     33 -1109681.630     29.000     -1.980
    22     40     28     34 -631814.438     30.000     -1.980
    23     41     29     35 -10624.176     31.000     -1.980
    24     42     30     36 -497619.219     32.000     -1.980
    25     43     31     37 1818173.380     33.000     -1.980
    26     44     32     38 2910276.500     34.000     -1.980
    27     45     33     39  54814.059     35.000     -1.980
    28     46     34     40 1148737.130     36.000     -1.980
    29     47     35     41 -376150.438     37.000     -1.980
    30     48     36     42          -     38.000     -1.980
     1     22      8     15 1413616.880     10.500     -2.310
     2     23      9     16 4306922.500     11.500     -2.310
     3     24     10     17          -     12.500     -2.310
     4     25     11     18          -     13.500     -2.310
     5     26     12     19          -     14.500     -2.310
     6     27     13     20          -     15.500     -2.310
     7     28     14     21          -     16.500     -2.310
     8     29     15     22          -     17.500     -2.310
     9     30     16     23          -     18.500     -2.310
    10     31     17     24          -     19.500     -2.310
    11     32     18     25          -     20.500     -2.310
    12     33     19     26          -     21.500     -2.310
    13     34     20     27          -     22.500     -2.310
    14     35     21     28          -     23.500     -2.310
    15     36     22     29 608973.563     24.500     -2.310
    16     37     23     30 -4129584.000     25.500     -2.310
    17     38     24     31 4603630.500     26.500     -2.310
    18     39     25     32 -5873732.000     27.500     -2.310
    19     40     26     33 -98680.438     28.500     -2.310
    20     41     27     34 -214728.156     29.500     -2.310
    21     42     28     35 6149773.000     30.500     -2.310
    22     43     29     36 1294250.250     31.500     -2.310
    23     44     30     37 -2666029.000     32.500     -2.310
    24     45     31     38 -282365.000     33.500     -2.310
    25     46     32     39 -351881.656     34.500     -2.310
    26     47     33     40 1595990.750     35.500     -2.310
    27     48     34     41 -167951.031     36.500     -2.310
     1     25      9     17   -440.074     12.000     -2.640
     2     26     10     18 3251108.750     13.000     -2.640
     3     27     11     19          -     14.000     -2.640
     4     28     12     20          -     15.000     -2.640
     5     29     13     21          -     16.000     -2.640
     6     30     14     22          -     17.000     -2.640
     7     31     15     23          -     18.000     -2.640
     8     32     16     24          -     19.000     -2.640
     9     33     17     25          -     20.000     -2.640
    10     34     18     26          -     21.000     -2.640
    11     35     19     27          -     22.000     -2.640
    12     36     20     28          -     23.000     -2.640
    13     37     21     29          -     24.000     -2.640
    14     38     22     30 3603266.000     25.000     -2.640
    15     39     23     31 -7498028.500     26.000     -2.640
    16     40     24     32 893557.938     27.000     -2.640
    17     41     25     33 -318425.781     28.000     -2.640
    18     42     26     34 1408803.130     29.000     -2.640
    19     43     27     35 -1815864.130     30.000     -2.640
    20     44     28     36 2408220.000     31.000     -2.640
    21     45     29     37 466107.313     32.000     -2.640
    22     46     30     38 -3517166.250     33.000     -2.640
    23     47     31     39          -     34.000     -2.640
    24     48     32     40 -124006.461     35.000     -2.640
     1     28     10     19 -1843616.000     13.500     -2.970
     2     29     11     20 5365910.500     14.500     -2.970
     3     30     12     21          -     15.500     -2.970
     4     31     13     22          -     16.500     -2.970
     5     32     14     23          -     17.500     -2.970
     6     33     15     24          -     18.500     -2.970
     7     34     16     25          -     19.500     -2.970
     8     35     17     26          -     20.500     -2.970
     9     36     18     27          -     21.500     -2.970
    10     37     19     28          -     22.500     -2.970
    11     38     20     29          -     23.500     -2.970
    12     39     21     30          -     24.500     -2.970
    13     40     22     31 -4930842.500     25.500     -2.970
    14     41     23     32 -6541861.000     26.500     -2.970
    15     42     24     33 5543666.000     27.500     -2.970
    16     43     25     34 -1116050.000     28.500     -2.970
    17     44     26     35 -75102.844     29.500     -2.970
    18     45     27     36          -     30.500     -2.970
    19     46     28     37 4927866.000     31.500     -2.970
    20     47     29     38 5796993.500     32.500     -2.970
    21     48     30     39          -     33.500     -2.970
     1     31     11     21          -     15.000     -3.300
     2     32     12     22          -     16.000     -3.300
     3     33     13     23          -     17.000     -3.300
     4     34     14     24          -     18.000     -3.300
     5     35     15     25          -     19.000     -3.300
     6     36     16     26          -     20.000     -3.300
     7     37     17     27          -     21.000     -3.300
     8     38     18     28          -     22.000     -3.300
     9     39     19     29          -     23.000     -3.300
    10     40     20     30          -     24.000     -3.300
    11     41     21     31          -     25.000     -3.300
    12     42     22     32 -3871346.000     26.000     -3.300
    13     43     23     33 -1917166.250     27.000     -3.300
    14     44     24     34 4507940.500     28.000     -3.300
    15     45     25     35 -3674466.750     29.000     -3.300
    16     46     26     36 -3787485.750     30.000     -3.300
    17     47     27     37 -4356691.000     31.000     -3.300
    18     48     28     38 9465218.000     32.000     -3.300
     1     34     12     23 848432.625     16.500     -3.630
     2     35     13     24 6788114.000     17.500     -3.630
     3     36     14     25          -     18.500     -3.630
     4     37     15     26          -     19.500     -3.630
     5     38     16     27          -     20.500     -3.630
     6     39     17     28          -     21.500     -3.630
     7     40     18     29          -     22.500     -3.630
     8     41     19     30          -     23.500     -3.630
     9     42     20     31          -     24.500     -3.630
    10     43     21     32          -     25.500     -3.630
    11     44     22     33 1623558.380     26.500     -3.630
    12     45     23     34 -1771300.130     27.500     -3.630
    13     46     24     35 1927703.250     28.500     -3.630
    14     47     25     36          -     29.500     -3.630
    15     48     26     37 -1384443.880     30.500     -3.630
     1     37     13     25 492064.594     18.000     -3.960
     2     38     14     26          -     19.000     -3.960
     3     39     15     27          -     20.000     -3.960
     4     40     16     28          -     21.000     -3.960
     5     41     17     29          -     22.000     -3.960
     6     42     18     30          -     23.000     -3.960
     7     43     19     31          -     24.000     -3.960
     8     44     20     32          -     25.000     -3.960
     9     45     21     33          -     26.000     -3.960
    10     46     22     34 952153.688     27.000     -3.960
    11     47     23     35 -4998758.000     28.000     -3.960
    12     48     24     36 -5199248.500     29.000     -3.960
     1     40     14     27 -1281785.000     19.500     -4.290
     2     41     15     28          -     20.500     -4.290
     3     42     16     29          -     21.500     -4.290
     4     43     17     30          -     22.500     -4.290
     5     44     18     31          -     23.500     -4.290
     6     45     19     32          -     24.500     -4.290
     7     46     20     33          -     25.500     -4.290
     8     47     21     34          -     26.500     -4.290
     9     48     22     35 -3648762.000     27.500     -4.290
     1     43     15     29 2258264.750     21.000     -4.620
     2     44     16     30          -     22.000     -4.620
     3     45     17     31          -     23.000     -4.620
     4     46     18     32          -     24.000     -4.620
     5     47     19     33 7349160.500     25.000     -4.620
     6     48     20     34          -     26.000     -4.620
     1     46     16     31 10377203.000     22.500     -4.950
     2     47     17     32 7726755.000     23.500     -4.950
     3     48     18     33          -     24.500     -4.950
     1      2      4      3 699059.000      1.500     -0.585
     2      3      5      4          -      2.500     -0.585
     3      4      6      5 -3437797.250      3.500     -0.585
     4      5      7      6 -1974819.880      4.500     -0.585
     5      6      8      7 -1993850.130      5.500     -0.585
     6      7      9      8 -2806367.750      6.500     -0.585
     7      8     10      9          -      7.500     -0.585
     8      9     11     10          -      8.500     -0.585
     9     10     12     11          -      9.500     -0.585
    10     11     13     12          -     10.500     -0.585
    11     12     14     13          -     11.500     -0.585
    12     13     15     14          -     12.500     -0.585
    13     14     16     15          -     13.500     -0.585
    14     15     17     16          -     14.500     -0.585
    15     16     18     17          -     15.500     -0.585
    16     17     19     18          -     16.500     -0.585
    17     18     20     19          -     17.500     -0.585
    18     19     21     20          -     18.500     -0.585
    19     20     22     21          -     19.500     -0.585
    20     21     23     22 -955104.938     20.500     -0.585
    21     22     24     23 3148826.000     21.500     -0.585
    22     23     25     24 -389248.000     22.500     -0.585
    23     24     26     25  23356.805     23.500     -0.585
    24     25     27     26 656667.938     24.500     -0.585
    25     26     28     27          -     25.500     -0.585
    26     27     29     28          -     26.500     -0.585
    27     28     30     29          -     27.500     -0.585
    28     29     31     30          -     28.500     -0.585
    29     30     32     31 -477669.406     29.500     -0.585
    30     31     33     32          -     30.500     -0.585
    31     32     34     33 -59243.211     31.500     -0.585
    32     33     35     34 534662.563     32.500     -0.585
    33     34     36     35 533255.250     33.500     -0.585
    34     35     37     36 1290957.880     34.500     -0.585
    35     36     38     37 525589.313     35.500     -0.585
    36     37     39     38 -84250.086     36.500     -0.585
    37     38     40     39  89937.438     37.500     -0.585
    38     39     41     40 -155007.688     38.500     -0.585
    39     40     42     41 -19131.303     39.500     -0.585
    40     41     43     42 485071.813     40.500     -0.585
    41     42     44     43 -135087.484     41.500     -0.585
    42     43     45     44 573188.938     42.500     -0.585
    43     44     46     45 -1506094.500     43.500     -0.585
    44     45     47     46 -1920974.000     44.500     -0.585
    45     46     48     47          -     45.500     -0.585
     1      2      5      4 -3271142.500      2.000     -0.780
     2      3      6      5          -      3.000     -0.780
     3      4      7      6 -14510993.000      4.000     -0.780
     4      5      8      7          -      5.000     -0.780
     5      6      9      8          -      6.000     -0.780
     6      7     10      9          -      7.000     -0.780
     7      8     11     10          -      8.000     -0.780
     8      9     12     11 -4015602.500      9.000     -0.780
     9     10     13     12          -     10.000     -0.780
    10     11     14     13          -     11.000     -0.780
    11     12     15     14          -     12.000     -0.780
    12     13     16     15          -     13.000     -0.780
    13     14     17     16 5309854.500     14.000     -0.780
    14     15     18     17          -     15.000     -0.780
    15     16     19     18          -     16.000     -0.780
    16     17     20     19          -     17.000     -0.780
    17     18     21     20          -     18.000     -0.780
    18     19     22     21          -     19.000     -0.780
    19     20     23     22 8416760.000     20.000     -0.780
    20     21     24     23 5582465.500     21.000     -0.780
    21     22     25     24          -     22.000     -0.780
    22     23     26     25 153116.641     23.000     -0.780
    23     24     27     26  22361.611     24.000     -0.780
    24     25     28     27 -5095592.500     25.000     -0.780
    25     26     29     28          -     26.000     -0.780
    26     27     30     29          -     27.000     -0.780
    27     28     31     30          -     28.000     -0.780
    28     29     32     31 -10401634.000     29.000     -0.780
    29     30     33     32          -     30.000     -0.780
    30     31     34     33 -6343189.500     31.000     -0.780
    31     32     35     34 -436018.188     32.000     -0.780
    32     33     36     35 1604300.380     33.000     -0.780
    33     34     37     36 -954618.563     34.000     -0.780
    34     35     38     37 591806.063     35.000     -0.780
    35     36     39     38 3974023.750     36.000     -0.780
    36     37     40     39 255802.844     37.000     -0.780
    37     38     41     40 -411185.656     38.000     -0.780
    38     39     42     41 336643.719     39.000     -0.780
    39     40     43     42 -1752400.630     40.000     -0.780
    40     41     44     43 2353468.500     41.000     -0.780
    41     42     45     44 -1783718.000     42.000     -0.780
    42     43     46     45 -7640347.500     43.000     -0.780
    43     44     47     46 -12122613.000     44.000     -0.780
    44     45     48     47 5010037.000     45.000     -0.780
     1      2      6      5 14037823.000      2.500     -0.975
     2      3      7      6 -8517827.000      3.500     -0.975
     3      4      8      7          -      4.500     -0.975
     4      5      9      8          -      5.500     -0.975
     5      6     10      9 4582340.000      6.500     -0.975
     6      7     11     10          -      7.500     -0.975
     7      8     12     11 -29471480.000      8.500     -0.975
     8      9     13     12 18200484.000      9.500     -0.975
     9     10     14     13 24694950.000     10.500     -0.975
    10     11     15     14          -     11.500     -0.975
    11     12     16     15          -     12.500     -0.975
    12     13     17     16          -     13.500     -0.975
    13     14     18     17          -     14.500     -0.975
    14     15     19     18 -32663810.000     15.500     -0.975
    15     16     20     19          -     16.500     -0.975
    16     17     21     20          -     17.500     -0.975
    17     18     22     21          -     18.500     -0.975
    18     19     23     22 -13403540.000     19.500     -0.975
    19     20     24     23 -18745.875     20.500     -0.975
    20     21     25     24 -16391479.000     21.500     -0.975
    21     22     26     25 2538383.750     22.500     -0.975
    22     23     27     26 -319526.781     23.500     -0.975
    23     24     28     27 -170556.563     24.500     -0.975
    24     25     29     28 -641715.750     25.500     -0.975
    25     26     30     29 -30654096.000     26.500     -0.975
    26     27     31     30 -32734682.000     27.500     -0.975
    27     28     32     31          -     28.500     -0.975
    28     29     33     32 -4401597.500     29.500     -0.975
    29     30     34     33 19036642.000     30.500     -0.975
    30     31     35     34 9638584.000     31.500     -0.975
    31     32     36     35 5756143.000     32.500     -0.975
    32     33     37     36 -4616578.500     33.500     -0.975
    33     34     38     37 -2429271.250     34.500     -0.975
    34     35     39     38 762580.875     35.500     -0.975
    35     36     40     39 -1058548.630     36.500     -0.975
    36     37     41     40 -1776482.000     37.500     -0.975
    37     38     42     41 853580.000     38.500     -0.975
    38     39     43     42 5304211.500     39.500     -0.975
    39     40     44     43 -5440688.000     40.500     -0.975
    40     41     45     44 -4118541.250     41.500     -0.975
    41     42     46     45 143043.375     42.500     -0.975
    42     43     47     46 7205631.500     43.500     -0.975
    43     44     48     47 25262744.000     44.500     -0.975
     1      2      7      6 6743885.000      3.000     -1.170
     2      3      8      7  17470.146      4.000     -1.170
     3      4      9      8          -      5.000     -1.170
     4      5     10      9 -76358504.000      6.000     -1.170
     5      6     11     10 67928872.000      7.000     -1.170
     6      7     12     11          -      8.000     -1.170
     7      8     13     12 -13752425.000      9.000     -1.170
     8      9     14     13          -     10.000     -1.170
     9     10     15     14 -1217345.880     11.000     -1.170
    10     11     16     15          -     12.000     -1.170
    11     12     17     16 68033880.000     13.000     -1.170
    12     13     18     17          -     14.000     -1.170
    13     14     19     18 5994366.000     15.000     -1.170
    14     15     20     19          -     16.000     -1.170
    15     16     21     20          -     17.000     -1.170
    16     17     22     21          -     18.000     -1.170
    17     18     23     22 38294300.000     19.000     -1.170
    18     19     24     23 40394956.000     20.000     -1.170
    19     20     25     24 1337187.500     21.000     -1.170
    20     21     26     25 5636907.000     22.000     -1.170
    21     22     27     26 -5691344.500     23.000     -1.170
    22     23     28     27 496215.750     24.000     -1.170
    23     24     29     28 -179499.063     25.000     -1.170
    24     25     30     29 -24739416.000     26.000     -1.170
    25     26     31     30 59302008.000     27.000     -1.170
    26     27     32     31 -24685640.000     28.000     -1.170
    27     28     33     32 32515692.000     29.000     -1.170
    28     29     34     33 -1886444.750     30.000     -1.170
    29     30     35     34 -21527646.000     31.000     -1.170
    30     31     36     35          -     32.000     -1.170
    31     32     37     36 -17602968.000     33.000     -1.170
    32     33     38     37 -12168512.000     34.000     -1.170
    33     34     39     38 516227.156     35.000     -1.170
    34     35     40     39 -1176945.250     36.000     -1.170
    35     36     41     40 3509976.750     37.000     -1.170
    36     37     42     41 1883706.750     38.000     -1.170
    37     38     43     42 2567726.000     39.000     -1.170
    38     39     44     43 13306380.000     40.000     -1.170
    39     40     45     44 10971117.000     41.000     -1.170
    40     41     46     45 21160112.000     42.000     -1.170
    41     42     47     46 -5359264.500     43.000     -1.170
    42     43     48     47 7827010.500     44.000     -1.170
     1      2      8      7 1427110.130      3.500     -1.365
     2      3      9      8 -269694.875      4.500     -1.365
     3      4     10      9 70809896.000      5.500     -1.365
     4      5     11     10 -22853690.000      6.500     -1.365
     5      6     12     11          -      7.500     -1.365
     6      7     13     12 -66393632.000      8.500     -1.365
     7      8     14     13 26639326.000      9.500     -1.365
     8      9     15     14 -29574900.000     10.500     -1.365
     9     10     16     15 20597650.000     11.500     -1.365
    10     11     17     16 -73245576.000     12.500     -1.365
    11     12     18     17          -     13.500     -1.365
    12     13     19     18          -     14.500     -1.365
    13     14     20     19          -     15.500     -1.365
    14     15     21     20          -     16.500     -1.365
    15     16     22     21          -     17.500     -1.365
    16     17     23     22 -39354696.000     18.500     -1.365
    17     18     24     23 60039172.000     19.500     -1.365
    18     19     25     24 -82248456.000     20.500     -1.365
    19     20     26     25 6939601.500     21.500     -1.365
    20     21     27     26 -8373290.500     22.500     -1.365
    21     22     28     27 8161674.000     23.500     -1.365
    22     23     29     28 -719992.688     24.500     -1.365
    23     24     30     29 -3694468.500     25.500     -1.365
    24     25     31     30 26603468.000     26.500     -1.365
    25     26     32     31 68826728.000     27.500     -1.365
    26     27     33     32 -50422592.000     28.500     -1.365
    27     28     34     33 3237164.250     29.500     -1.365
    28     29     35     34 2333876.750     30.500     -1.365
    29     30     36     35          -     31.500     -1.365
    30     31     37     36          -     32.500     -1.365
    31     32     38     37 11369797.000     33.500     -1.365
    32     33     39     38 -7769547.500     34.500     -1.365
    33     34     40     39 1444890.500     35.500     -1.365
    34     35     41     40 2197516.250     36.500     -1.365
    35     36     42     41 -4668087.500     37.500     -1.365
    36     37     43     42 3826001.750     38.500     -1.365
    37     38     44     43 8179275.000     39.500     -1.365
    38     39     45     44 6395749.500     40.500     -1.365
    39     40     46     45 -39342652.000     41.500     -1.365
    40     41     47     46 2945226.250     42.500     -1.365
    41     42     48     47 6385098.500     43.500     -1.365
     1      3      9      7          -      4.000     -1.560
     2      4     10      8          -      5.000     -1.560
     3      5     11      9          -      6.000     -1.560
     4      6     12     10 -32065214.000      7.000     -1.560
     5      7     13     11          -      8.000     -1.560
     6      8     14     12          -      9.000     -1.560
     7      9     15     13 21416264.000     10.000     -1.560
     8     10     16     14 -6756727.000     11.000     -1.560
     9     11     17     15          -     12.000     -1.560
    10     12     18     16          -     13.000     -1.560
    11     13     19     17          -     14.000     -1.560
    12     14     20     18          -     15.000     -1.560
    13     15     21     19 -4256740.000     16.000     -1.560
    14     16     22     20          -     17.000     -1.560
    15     17     23     21          -     18.000     -1.560
    16     18     24     22 13914634.000     19.000     -1.560
    17     19     25     23 -604268.625     20.000     -1.560
    18     20     26     24 -7510100.000     21.000     -1.560
    19     21     27     25 342330.625     22.000     -1.560
    20     22     28     26 -257403.531     23.000     -1.560
    21     23     29     27 621592.063     24.000     -1.560
    22     24     30     28 -762265.813     25.000     -1.560
    23     25     31     29  -3404.984     26.000     -1.560
    24     26     32     30          -     27.000     -1.560
    25     27     33     31 -655218.000     28.000     -1.560
    26     28     34     32 3048846.750     29.000     -1.560
    27     29     35     33 -910361.625     30.000     -1.560
    28     30     36     34          -     31.000     -1.560
    29     31     37     35 1161310.750     32.000     -1.560
    30     32     38     36          -     33.000     -1.560
    31     33     39     37 -10416352.000     34.000     -1.560
    32     34     40     38 -830419.625     35.000     -1.560
    33     35     41     39   3683.807     36.000     -1.560
    34     36     42     40 862699.563     37.000     -1.560
    35     37     43     41 -5700830.000     38.000     -1.560
    36     38     44     42 5961661.500     39.000     -1.560
    37     39     45     43 8030360.000     40.000     -1.560
    38     40     46     44 1943611.250     41.000     -1.560
    39     41     47     45 834692.000     42.000     -1.560
    40     42     48     46 -6484679.500     43.000     -1.560
     1      3     11      9          -      5.000     -1.950
     2      4     12     10 -5857500.500      6.000     -1.950
     3      5     13     11          -      7.000     -1.950
     4      6     14     12 36745532.000      8.000     -1.950
     5      7     15     13 15372605.000      9.000     -1.950
     6      8     16     14 -78195592.000     10.000     -1.950
     7      9     17     15 47817472.000     11.000     -1.950
     8     10     18     16          -     12.000     -1.950
     9     11     19     17          -     13.000     -1.950
    10     12     20     18          -     14.000     -1.950
    11     13     21     19          -     15.000     -1.950
    12     14     22     20          -     16.000     -1.950
    13     15     23     21 8528040.000     17.000     -1.950
    14     16     24     22 8789709.000     18.000     -1.950
    15     17     25     23 -4492273.500     19.000     -1.950
    16     18     26     24 -11534838.000     20.000     -1.950
    17     19     27     25 467193.563     21.000     -1.950
    18     20     28     26 -2158390.000     22.000     -1.950
    19     21     29     27 -2173141.750     23.000     -1.950
    20     22     30     28 321053.031     24.000     -1.950
    21     23     31     29 12754685.000     25.000     -1.950
    22     24     32     30 4468862.000     26.000     -1.950
    23     25     33     31 3237639.250     27.000     -1.950
    24     26     34     32 7000446.000     28.000     -1.950
    25     27     35     33 -258906.859     29.000     -1.950
    26     28     36     34 -28177316.000     30.000     -1.950
    27     29     37     35 -6266894.500     31.000     -1.950
    28     30     38     36          -     32.000     -1.950
    29     31     39     37 15309195.000     33.000     -1.950
    30     32     40     38 -35730884.000     34.000     -1.950
    31     33     41     39 -1315996.250     35.000     -1.950
    32     34     42     40 -156628.438     36.000     -1.950
    33     35     43     41 -658394.750     37.000     -1.950
    34     36     44     42 -29528758.000     38.000     -1.950
    35     37     45     43 -17928536.000     39.000     -1.950
    36     38     46     44 10685390.000     40.000     -1.950
    37     39     47     45 13137166.000     41.000     -1.950
    38     40     48     46 14897796.000     42.000     -1.950
     1      3     13     11 -23425634.000      6.000     -2.340
     2      4     14     12 67043800.000      7.000     -2.340
     3      5     15     13          -      8.000     -2.340
     4      6     16     14          -      9.000     -2.340
     5      7     17     15 125879168.000     10.000     -2.340
     6      8     18     16 94976832.000     11.000     -2.340
     7      9     19     17 -88156008.000     12.000     -2.340
     8     10     20     18 141157376.000     13.000     -2.340
     9     11     21     19          -     14.000     -2.340
    10     12     22     20          -     15.000     -2.340
    11     13     23     21          -     16.000     -2.340
    12     14     24     22 70213808.000     17.000     -2.340
    13     15     25     23 -4758540.500     18.000     -2.340
    14     16     26     24 -16381320.000     19.000     -2.340
    15     17     27     25 670116.813     20.000     -2.340
    16     18     28     26 -4194886.000     21.000     -2.340
    17     19     29     27 -2264314.250     22.000     -2.340
    18     20     30     28 -13108886.000     23.000     -2.340
    19     21     31     29 14552748.000     24.000     -2.340
    20     22     32     30 25193468.000     25.000     -2.340
    21     23     33     31 -28014294.000     26.000     -2.340
    22     24     34     32 -4997655.500     27.000     -2.340
    23     25     35     33 644426.500     28.000     -2.340
    24     26     36     34 -14781263.000     29.000     -2.340
    25     27     37     35 262343.625     30.000     -2.340
    26     28     38     36 35380612.000     31.000     -2.340
    27     29     39     37 24314864.000     32.000     -2.340
    28     30     40     38 54241580.000     33.000     -2.340
    29     31     41     39 1264164.500     34.000     -2.340
    30     32     42     40 -4798856.000     35.000     -2.340
    31     33     43     41 23080286.000     36.000     -2.340
    32     34     44     42 24911302.000     37.000     -2.340
    33     35     45     43 360952.469     38.000     -2.340
    34     36     46     44 -49856696.000     39.000     -2.340
    35     37     47     45 -19078458.000     40.000     -2.340
    36     38     48     46 -11413399.000     41.000     -2.340
     1      3     15     13 158912720.000      7.000     -2.730
     2      4     16     14 68543376.000      8.000     -2.730
     3      5     17     15 226171392.000      9.000     -2.730
     4      6     18     16 -66739684.000     10.000     -2.730
     5      7     19     17 -70798688.000     11.000     -2.730
     6      8     20     18 -38878944.000     12.000     -2.730
     7      9     21     19 1694686.250     13.000     -2.730
     8     10     22     20          -     14.000     -2.730
     9     11     23     21          -     15.000     -2.730
    10     12     24     22 41738704.000     16.000     -2.730
    11     13     25     23 11455536.000     17.000     -2.730
    12     14     26     24 -75693008.000     18.000     -2.730
    13     15     27     25 1925791.250     19.000     -2.730
    14     16     28     26 -6575204.000     20.000     -2.730
    15     17     29     27 -2992608.250     21.000     -2.730
    16     18     30     28 -22776306.000     22.000     -2.730
    17     19     31     29 25424662.000     23.000     -2.730
    18     20     32     30 96475128.000     24.000     -2.730
    19     21     33     31 -17508362.000     25.000     -2.730
    20     22     34     32 -55977760.000     26.000     -2.730
    21     23     35     33 -389256.531     27.000     -2.730
    22     24     36     34  -8321.892     28.000     -2.730
    23     25     37     35 -462464.656     29.000     -2.730
    24     26     38     36 26185164.000     30.000     -2.730
    25     27     39     37 -3286124.250     31.000     -2.730
    26     28     40     38 36429216.000     32.000     -2.730
    27     29     41     39 -1989661.630     33.000     -2.730
    28     30     42     40 -9934241.000     34.000     -2.730
    29     31     43     41 -9396413.000     35.000     -2.730
    30     32     44     42 100405728.000     36.000     -2.730
    31     33     45     43 60136516.000     37.000     -2.730
    32     34     46     44 -7727232.000     38.000     -2.730
    33     35     47     45 20048794.000     39.000     -2.730
    34     36     48     46 51560952.000     40.000     -2.730
     1      4     16     13          -      7.500     -2.925
     2      5     17     14          -      8.500     -2.925
     3      6     18     15          -      9.500     -2.925
     4      7     19     16          -     10.500     -2.925
     5      8     20     17 1500507.630     11.500     -2.925
     6      9     21     18          -     12.500     -2.925
     7     10     22     19          -     13.500     -2.925
     8     11     23     20 71105176.000     14.500     -2.925
     9     12     24     21 33713120.000     15.500     -2.925
    10     13     25     22 -4318542.500     16.500     -2.925
    11     14     26     23 6353690.000     17.500     -2.925
    12     15     27     24 -29203188.000     18.500     -2.925
    13     16     28     25 4507686.500     19.500     -2.925
    14     17     29     26 -7129854.000     20.500     -2.925
    15     18     30     27 -8398116.000     21.500     -2.925
    16     19     31     28 7315859.500     22.500     -2.925
    17     20     32     29 27874160.000     23.500     -2.925
    18     21     33     30 9332894.000     24.500     -2.925
    19     22     34     31 -9840995.000     25.500     -2.925
    20     23     35     32 -26963870.000     26.500     -2.925
    21     24     36     33 2489040.500     27.500     -2.925
    22     25     37     34 -749208.875     28.500     -2.925
    23     26     38     35 -3950122.500     29.500     -2.925
    24     27     39     36 -4472497.000     30.500     -2.925
    25     28     40     37 24584770.000     31.500     -2.925
    26     29     41     38 1257647.880     32.500     -2.925
    27     30     42     39 7125352.500     33.500     -2.925
    28     31     43     40 9941273.000     34.500     -2.925
    29     32     44     41 -9376505.000     35.500     -2.925
    30     33     45     42 91209384.000     36.500     -2.925
    31     34     46     43 47598496.000     37.500     -2.925
    32     35     47     44 47441952.000     38.500     -2.925
    33     36     48     45 -3525681.250     39.500     -2.925
     1      4     19     16          -      9.000     -3.510
     2      5     20     17 -7652364.500     10.000     -3.510
     3      6     21     18          -     11.000     -3.510
     4      7     22     19 217559296.000     12.000     -3.510
     5      8     23     20          -     13.000     -3.510
     6      9     24     21          -     14.000     -3.510
     7     10     25     22 68891376.000     15.000     -3.510
     8     11     26     23 12402364.000     16.000     -3.510
     9     12     27     24 -65518660.000     17.000     -3.510
    10     13     28     25 6768269.000     18.000     -3.510
    11     14     29     26 -13186196.000     19.000     -3.510
    12     15     30     27 -12084752.000     20.000     -3.510
    13     16     31     28 17443060.000     21.000     -3.510
    14     17     32     29 53826932.000     22.000     -3.510
    15     18     33     30 17394562.000     23.000     -3.510
    16     19     34     31 -19282994.000     24.000     -3.510
    17     20     35     32 -48931536.000     25.000     -3.510
    18     21     36     33 4626057.000     26.000     -3.510
    19     22     37     34 668507.438     27.000     -3.510
    20     23     38     35 1443337.750     28.000     -3.510
    21     24     39     36 -6401143.500     29.000     -3.510
    22     25     40     37 3355347.000     30.000     -3.510
    23     26     41     38 10683753.000     31.000     -3.510
    24     27     42     39 756172.750     32.000     -3.510
    25     28     43     40 -36493200.000     33.000     -3.510
    26     29     44     41 -19463804.000     34.000     -3.510
    27     30     45     42 -158721776.000     35.000     -3.510
    28     31     46     43 -88924352.000     36.000     -3.510
    29     32     47     44 -109262976.000     37.000     -3.510
    30     33     48     45 49175240.000     38.000     -3.510
     1      4     22     19          -     10.500     -4.095
     2      5     23     20          -     11.500     -4.095
     3      6     24     21 67169160.000     12.500     -4.095
     4      7     25     22 70824464.000     13.500     -4.095
     5      8     26     23 -17212498.000     14.500     -4.095
     6      9     27     24 19939796.000     15.500     -4.095
     7     10     28     25 7211199.500     16.500     -4.095
     8     11     29     26 -17796264.000     17.500     -4.095
     9     12     30     27 -19565848.000     18.500     -4.095
    10     13     31     28 31184094.000     19.500     -4.095
    11     14     32     29 94699384.000     20.500     -4.095
    12     15     33     30 23506732.000     21.500     -4.095
    13     16     34     31 -36933672.000     22.500     -4.095
    14     17     35     32 -86696208.000     23.500     -4.095
    15     18     36     33 7190319.000     24.500     -4.095
    16     19     37     34 -679637.875     25.500     -4.095
    17     20     38     35 -1435059.250     26.500     -4.095
    18     21     39     36 -6684910.000     27.500     -4.095
    19     22     40     37 3944666.500     28.500     -4.095
    20     23     41     38 -3590488.500     29.500     -4.095
    21     24     42     39 2334111.500     30.500     -4.095
    22     25     43     40 -5023022.500     31.500     -4.095
    23     26     44     41 -5375441.500     32.500     -4.095
    24     27     45     42 9288423.000     33.500     -4.095
    25     28     46     43 -42966676.000     34.500     -4.095
    26     29     47     44 935073.500     35.500     -4.095
    27     30     48     45 -69559472.000     36.500     -4.095
     1      5     25     21          -     12.000     -4.680
     2      6     26     22 113140384.000     13.000     -4.680
     3      7     27     23 -6472606.000     14.000     -4.680
     4      8     28     24 -6112367.500     15.000     -4.680
     5      9     29     25 -3724084.250     16.000     -4.680
     6     10     30     26 -23047202.000     17.000     -4.680
     7     11     31     27 16024053.000     18.000     -4.680
     8     12     32     28 48266072.000     19.000     -4.680
     9     13     33     29 6838136.500     20.000     -4.680
    10     14     34     30 19723106.000     21.000     -4.680
    11     15     35     31 -21968194.000     22.000     -4.680
    12     16     36     32 -72579768.000     23.000     -4.680
    13     17     37     33 1856786.880     24.000     -4.680
    14     18     38     34 -1958710.130     25.000     -4.680
    15     19     39     35 -799251.313     26.000     -4.680
    16     20     40     36 5631282.500     27.000     -4.680
    17     21     41     37 637507.063     28.000     -4.680
    18     22     42     38 -1605484.500     29.000     -4.680
    19     23     43     39 1066606.000     30.000     -4.680
    20     24     44     40 1410263.500     31.000     -4.680
    21     25     45     41 12982051.000     32.000     -4.680
    22     26     46     42 -43732044.000     33.000     -4.680
    23     27     47     43 -3665731.000     34.000     -4.680
    24     28     48     44 5277001.000     35.000     -4.680
     1      5     29     25 -8499333.000     14.000     -5.460
     2      6     30     26 -24379084.000     15.000     -5.460
     3      7     31     27 27932840.000     16.000     -5.460
     4      8     32     28 57065816.000     17.000     -5.460
     5      9     33     29 9369285.000     18.000     -5.460
     6     10     34     30 31468276.000     19.000     -5.460
     7     11     35     31 -28066266.000     20.000     -5.460
     8     12     36     32 -84269312.000     21.000     -5.460
     9     13     37     33 2411830.750     22.000     -5.460
    10     14     38     34 -2657067.500     23.000     -5.460
    11     15     39     35 -383516.813     24.000     -5.460
    12     16     40     36 8804368.000     25.000     -5.460
    13     17     41     37 -3867785.500     26.000     -5.460
    14     18     42     38 3265633.000     27.000     -5.460
    15     19     43     39 4604471.500     28.000     -5.460
    16     20     44     40 -4585128.500     29.000     -5.460
    17     21     45     41 -1323585.630     30.000     -5.460
    18     22     46     42 9204246.000     31.000     -5.460
    19     23     47     43 -1566236.130     32.000     -5.460
    20     24     48     44 26585372.000     33.000     -5.460
     1      6     31     26 -16389329.000     15.000     -5.850
     2      7     32     27 4540013.500     16.000     -5.850
     3      8     33     28 -5780133.000     17.000     -5.850
     4      9     34     29 9402542.000     18.000     -5.850
     5     10     35     30 26048978.000     19.000     -5.850
     6     11     36     31 -16603402.000     20.000     -5.850
     7     12     37     32 -66236420.000     21.000     -5.850
     8     13     38     33 294373.094     22.000     -5.850
     9     14     39     34 -1866084.630     23.000     -5.850
    10     15     40     35 11107972.000     24.000     -5.850
    11     16     41     36 -3368279.250     25.000     -5.850
    12     17     42     37 351336.375     26.000     -5.850
    13     18     43     38 2467969.000     27.000     -5.850
    14     19     44     39 7919744.000     28.000     -5.850
    15     20     45     40 -11735944.000     29.000     -5.850
    16     21     46     41 -8896866.000     30.000     -5.850
    17     22     47     42 -9684331.000     31.000     -5.850
    18     23     48     43 16648889.000     32.000     -5.850
     1      6     36     31 32918052.000     17.500     -6.825
     2      7     37     32 -10707492.000     18.500     -6.825
     3      8     38     33 960575.563     19.500     -6.825
     4      9     39     34 119841.023     20.500     -6.825
     5     10     40     35 18770080.000     21.500     -6.825
     6     11     41     36 -4301412.500     22.500     -6.825
     7     12     42     37 3369238.000     23.500     -6.825
     8     13     43     38 1924119.880     24.500     -6.825
     9     14     44     39 15465101.000     25.500     -6.825
    10     15     45     40 -18396868.000     26.500     -6.825
    11     16     46     41 -9627196.000     27.500     -6.825
    12     17     47     42 4274725.500     28.500     -6.825
    13     18     48     43 70507104.000     29.500     -6.825
     1      7     37     31 25150986.000     18.000     -7.020
     2      8     38     32 -7301956.000     19.000     -7.020
     3      9     39     33 2006551.630     20.000     -7.020
     4     10     40     34 7226359.000     21.000     -7.020
     5     11     41     35 -1231336.750     22.000     -7.020
     6     12     42     36 -372000.000     23.000     -7.020
     7     13     43     37 1256240.750     24.000     -7.020
     8     14     44     38 6708078.500     25.000     -7.020
     9     15     45     39 1176099.880     26.000     -7.020
    10     16     46     40 -20250314.000     27.000     -7.020
    11     17     47     41 3001741.000     28.000     -7.020
    12     18     48     42 43994008.000     29.000     -7.020
     1      7     43     37 -1338335.750     21.000     -8.190
     2      8     44     38 108139.594     22.000     -8.190
     3      9     45     39 -1242305.000     23.000     -8.190
     4     10     46     40 -27082674.000     24.000     -8.190
     5     11     47     41 5757377.500     25.000     -8.190
     6     12     48     42 52500996.000     26.000     -8.190
     1     10     46     37 -9696863.000     22.500     -8.775
     2     11     47     38 -5438425.500     23.500     -8.775
     3     12     48     39 22834468.000     24.500     -8.775
