48# Number of electrodes
# x z
0.000     0.000
1.000     0.000
2.000     0.000
3.000     0.000
4.000     0.000
5.000     0.000
6.000     0.000
7.000     0.000
8.000     0.000
9.000     0.000
10.000     0.000
11.000     0.000
12.000     0.000
13.000     0.000
14.000     0.000
15.000     0.000
16.000     0.000
17.000     0.000
18.000     0.000
19.000     0.000
20.000     0.000
21.000     0.000
22.000     0.000
23.000     0.000
24.000     0.000
25.000     0.000
26.000     0.000
27.000     0.000
28.000     0.000
29.000     0.000
30.000     0.000
31.000     0.000
32.000     0.000
33.000     0.000
34.000     0.000
35.000     0.000
36.000     0.000
37.000     0.000
38.000     0.000
39.000     0.000
40.000     0.000
41.000     0.000
42.000     0.000
43.000     0.000
44.000     0.000
45.000     0.000
46.000     0.000
47.000     0.000
909# Number of data
# a   b   m   n      rhoa      x      z
     1      4      2      3   4219.028      1.500     -0.330
     2      5      3      4    601.156      2.500     -0.330
     3      6      4      5  61791.988      3.500     -0.330
     4      7      5      6  -3778.473      4.500     -0.330
     5      8      6      7  67334.688      5.500     -0.330
     6      9      7      8  20875.111      6.500     -0.330
     7     10      8      9   8151.120      7.500     -0.330
     8     11      9     10  21820.254      8.500     -0.330
     9     12     10     11 -574909.438      9.500     -0.330
    10     13     11     12          -     10.500     -0.330
    11     14     12     13          -     11.500     -0.330
    12     15     13     14          -     12.500     -0.330
    13     16     14     15  14544.827     13.500     -0.330
    14     17     15     16   -784.776     14.500     -0.330
    15     18     16     17 423444.344     15.500     -0.330
    16     19     17     18 -382680.219     16.500     -0.330
    17     20     18     19 -80758.469     17.500     -0.330
    18     21     19     20 -25198.848     18.500     -0.330
    19     22     20     21 128124.586     19.500     -0.330
    20     23     21     22 179022.844     20.500     -0.330
    21     24     22     23   8410.384     21.500     -0.330
    22     25     23     24   7580.990     22.500     -0.330
    23     26     24     25   8417.974     23.500     -0.330
    24     27     25     26   8464.218     24.500     -0.330
    25     28     26     27  18403.408     25.500     -0.330
    26     29     27     28 237887.094     26.500     -0.330
    27     30     28     29  -6652.649     27.500     -0.330
    28     31     29     30 136323.250     28.500     -0.330
    29     32     30     31  -6953.652     29.500     -0.330
    30     33     31     32  60982.230     30.500     -0.330
    31     34     32     33  16728.492     31.500     -0.330
    32     35     33     34   8395.059     32.500     -0.330
    33     36     34     35   6871.349     33.500     -0.330
    34     37     35     36   5827.303     34.500     -0.330
    35     38     36     37   4010.763     35.500     -0.330
    36     39     37     38   3201.333     36.500     -0.330
    37     40     38     39   2256.855     37.500     -0.330
    38     41     39     40   2908.203     38.500     -0.330
    39     42     40     41   3007.414     39.500     -0.330
    40     43     41     42   4574.126     40.500     -0.330
    41     44     42     43   4843.932     41.500     -0.330
    42     45     43     44   6817.849     42.500     -0.330
    43     46     44     45  27153.283     43.500     -0.330
    44     47     45     46 525830.688     44.500     -0.330
    45     48     46     47  52817.680     45.500     -0.330
     1      7      3      5  34699.305      3.000     -0.660
     2      8      4      6   5096.003      4.000     -0.660
     3      9      5      7  43958.902      5.000     -0.660
     4     10      6      8 -119960.992      6.000     -0.660
     5     11      7      9  -4225.832      7.000     -0.660
     6     12      8     10 817396.750      8.000     -0.660
     7     13      9     11   1613.258      9.000     -0.660
     8     14     10     12   5597.945     10.000     -0.660
     9     15     11     13  60578.328     11.000     -0.660
    10     16     12     14 818352.375     12.000     -0.660
    11     17     13     15 -1834917.500     13.000     -0.660
    12     18     14     16 -76363.766     14.000     -0.660
    13     19     15     17 -146170.766     15.000     -0.660
    14     20     16     18 511548.000     16.000     -0.660
    15     21     17     19 -73364.398     17.000     -0.660
    16     22     18     20  41272.762     18.000     -0.660
    17     23     19     21 1652465.380     19.000     -0.660
    18     24     20     22 552824.875     20.000     -0.660
    19     25     21     23 425443.281     21.000     -0.660
    20     26     22     24  -5519.151     22.000     -0.660
    21     27     23     25   7212.858     23.000     -0.660
    22     28     24     26   2049.311     24.000     -0.660
    23     29     25     27   6387.549     25.000     -0.660
    24     30     26     28 139597.703     26.000     -0.660
    25     31     27     29 155321.672     27.000     -0.660
    26     32     28     30  26786.852     28.000     -0.660
    27     33     29     31  26124.908     29.000     -0.660
    28     34     30     32  71022.852     30.000     -0.660
    29     35     31     33 147728.906     31.000     -0.660
    30     36     32     34  21205.021     32.000     -0.660
    31     37     33     35   6330.448     33.000     -0.660
    32     38     34     36   3930.423     34.000     -0.660
    33     39     35     37   3485.756     35.000     -0.660
    34     40     36     38   2892.237     36.000     -0.660
    35     41     37     39   1928.300     37.000     -0.660
    36     42     38     40   1742.280     38.000     -0.660
    37     43     39     41   2356.873     39.000     -0.660
    38     44     40     42   3403.603     40.000     -0.660
    39     45     41     43   2100.096     41.000     -0.660
    40     46     42     44   2496.900     42.000     -0.660
    41     47     43     45  31961.635     43.000     -0.660
    42     48     44     46 550298.438     44.000     -0.660
     1     10      4      7   5457.380      4.500     -0.990
     2     11      5      8   9673.962      5.500     -0.990
     3     12      6      9 -386962.125      6.500     -0.990
     4     13      7     10 1877900.130      7.500     -0.990
     5     14      8     11   6603.113      8.500     -0.990
     6     15      9     12 -342521.563      9.500     -0.990
     7     16     10     13   8662.097     10.500     -0.990
     8     17     11     14   2991.425     11.500     -0.990
     9     18     12     15 -916783.688     12.500     -0.990
    10     19     13     16  17552.217     13.500     -0.990
    11     20     14     17 831059.563     14.500     -0.990
    12     21     15     18 -633595.938     15.500     -0.990
    13     22     16     19 -1651049.000     16.500     -0.990
    14     23     17     20  10848.864     17.500     -0.990
    15     24     18     21   6786.679     18.500     -0.990
    16     25     19     22  75881.680     19.500     -0.990
    17     26     20     23 1291075.000     20.500     -0.990
    18     27     21     24 380271.875     21.500     -0.990
    19     28     22     25   2751.564     22.500     -0.990
    20     29     23     26   6043.544     23.500     -0.990
    21     30     24     27  12156.588     24.500     -0.990
    22     31     25     28 162547.625     25.500     -0.990
    23     32     26     29  69951.266     26.500     -0.990
    24     33     27     30  15775.319     27.500     -0.990
    25     34     28     31  16898.090     28.500     -0.990
    26     35     29     32  12986.552     29.500     -0.990
    27     36     30     33   4594.958     30.500     -0.990
    28     37     31     34 131728.219     31.500     -0.990
    29     38     32     35  27913.666     32.500     -0.990
    30     39     33     36   2530.289     33.500     -0.990
    31     40     34     37   1639.930     34.500     -0.990
    32     41     35     38   2309.974     35.500     -0.990
    33     42     36     39   1714.885     36.500     -0.990
    34     43     37     40   1469.310     37.500     -0.990
    35     44     38     41   1394.756     38.500     -0.990
    36     45     39     42   1426.693     39.500     -0.990
    37     46     40     43   6213.851     40.500     -0.990
    38     47     41     44  13722.571     41.500     -0.990
    39     48     42     45  45583.844     42.500     -0.990
     1     13      5      9 -1435250.630      6.000     -1.320
     2     14      6     10  -1359.852      7.000     -1.320
     3     15      7     11    845.420      8.000     -1.320
     4     16      8     12 135775.000      9.000     -1.320
     5     17      9     13 2593106.500     10.000     -1.320
     6     18     10     14 -803905.875     11.000     -1.320
     7     19     11     15   3845.310     12.000     -1.320
     8     20     12     16 -654704.625     13.000     -1.320
     9     21     13     17 297871.750     14.000     -1.320
    10     22     14     18 -1257614.000     15.000     -1.320
    11     23     15     19   9840.073     16.000     -1.320
    12     24     16     20 -664493.813     17.000     -1.320
    13     25     17     21 3055711.500     18.000     -1.320
    14     26     18     22   8533.378     19.000     -1.320
    15     27     19     23  13719.348     20.000     -1.320
    16     28     20     24 -75949.664     21.000     -1.320
    17     29     21     25 1470542.380     22.000     -1.320
    18     30     22     26   3302.443     23.000     -1.320
    19     31     23     27    244.542     24.000     -1.320
    20     32     24     28 -23771.703     25.000     -1.320
    21     33     25     29 -32958.551     26.000     -1.320
    22     34     26     30   3600.315     27.000     -1.320
    23     35     27     31   6542.015     28.000     -1.320
    24     36     28     32  -7699.106     29.000     -1.320
    25     37     29     33   3817.859     30.000     -1.320
    26     38     30     34   7636.810     31.000     -1.320
    27     39     31     35  11627.364     32.000     -1.320
    28     40     32     36  14769.709     33.000     -1.320
    29     41     33     37  -6480.604     34.000     -1.320
    30     42     34     38   1802.922     35.000     -1.320
    31     43     35     39  -1526.890     36.000     -1.320
    32     44     36     40    564.248     37.000     -1.320
    33     45     37     41    263.414     38.000     -1.320
    34     46     38     42   -401.873     39.000     -1.320
    35     47     39     43   2920.978     40.000     -1.320
    36     48     40     44  10477.187     41.000     -1.320
     1     16      6     11 -19244.934      7.500     -1.650
     2     17      7     12 4048918.250      8.500     -1.650
     3     18      8     13 1438419.880      9.500     -1.650
     4     19      9     14   2362.415     10.500     -1.650
     5     20     10     15 -81015.672     11.500     -1.650
     6     21     11     16 -16626.627     12.500     -1.650
     7     22     12     17 -10287.249     13.500     -1.650
     8     23     13     18  14190.498     14.500     -1.650
     9     24     14     19   5726.111     15.500     -1.650
    10     25     15     20 -950823.375     16.500     -1.650
    11     26     16     21   1918.882     17.500     -1.650
    12     27     17     22 3559943.000     18.500     -1.650
    13     28     18     23 1644069.750     19.500     -1.650
    14     29     19     24 -78992.141     20.500     -1.650
    15     30     20     25  -1826.082     21.500     -1.650
    16     31     21     26   1094.751     22.500     -1.650
    17     32     22     27  33241.066     23.500     -1.650
    18     33     23     28 -28135.193     24.500     -1.650
    19     34     24     29 -125202.648     25.500     -1.650
    20     35     25     30 -66452.602     26.500     -1.650
    21     36     26     31 -99563.633     27.500     -1.650
    22     37     27     32   -729.079     28.500     -1.650
    23     38     28     33  -9708.178     29.500     -1.650
    24     39     29     34  -1944.193     30.500     -1.650
    25     40     30     35  10657.624     31.500     -1.650
    26     41     31     36  12005.995     32.500     -1.650
    27     42     32     37   2554.542     33.500     -1.650
    28     43     33     38  -1829.569     34.500     -1.650
    29     44     34     39   1784.299     35.500     -1.650
    30     45     35     40  -1600.956     36.500     -1.650
    31     46     36     41 -13120.171     37.500     -1.650
    32     47     37     42  -5365.306     38.500     -1.650
    33     48     38     43  17065.697     39.500     -1.650
     1     19      7     13 2449162.000      9.000     -1.980
     2     20      8     14     71.364     10.000     -1.980
     3     21      9     15  -1740.266     11.000     -1.980
     4     22     10     16  16688.025     12.000     -1.980
     5     23     11     17 -2051222.500     13.000     -1.980
     6     24     12     18 412269.531     14.000     -1.980
     7     25     13     19 103951.234     15.000     -1.980
     8     26     14     20  -4018.443     16.000     -1.980
     9     27     15     21  -2523.409     17.000     -1.980
    10     28     16     22  80119.891     18.000     -1.980
    11     29     17     23 -120469.508     19.000     -1.980
    12     30     18     24 1766017.380     20.000     -1.980
    13     31     19     25 2326490.500     21.000     -1.980
    14     32     20     26  -2481.729     22.000     -1.980
    15     33     21     27   3351.639     23.000     -1.980
    16     34     22     28  11922.465     24.000     -1.980
    17     35     23     29 -53128.227     25.000     -1.980
    18     36     24     30 -27176.648     26.000     -1.980
    19     37     25     31 -155931.141     27.000     -1.980
    20     38     26     32 -42984.039     28.000     -1.980
    21     39     27     33    538.381     29.000     -1.980
    22     40     28     34  -5018.596     30.000     -1.980
    23     41     29     35  -2600.733     31.000     -1.980
    24     42     30     36   -384.931     32.000     -1.980
    25     43     31     37   6247.282     33.000     -1.980
    26     44     32     38   3099.112     34.000     -1.980
    27     45     33     39   2925.579     35.000     -1.980
    28     46     34     40  -3563.961     36.000     -1.980
    29     47     35     41   -169.571     37.000     -1.980
    30     48     36     42  -6157.321     38.000     -1.980
     1     22      8     15    632.980     10.500     -2.310
     2     23      9     16   1668.422     11.500     -2.310
     3     24     10     17   3295.431     12.500     -2.310
     4     25     11     18 -28844.281     13.500     -2.310
     5     26     12     19 301863.625     14.500     -2.310
     6     27     13     20 465734.063     15.500     -2.310
     7     28     14     21 215217.609     16.500     -2.310
     8     29     15     22   2141.146     17.500     -2.310
     9     30     16     23   -545.380     18.500     -2.310
    10     31     17     24 2627602.250     19.500     -2.310
    11     32     18     25  -3911.478     20.500     -2.310
    12     33     19     26 3152852.250     21.500     -2.310
    13     34     20     27 2249584.750     22.500     -2.310
    14     35     21     28  18933.855     23.500     -2.310
    15     36     22     29  16106.633     24.500     -2.310
    16     37     23     30   7965.057     25.500     -2.310
    17     38     24     31 -239461.188     26.500     -2.310
    18     39     25     32 -36900.355     27.500     -2.310
    19     40     26     33   2853.879     28.500     -2.310
    20     41     27     34   1738.048     29.500     -2.310
    21     42     28     35 142724.266     30.500     -2.310
    22     43     29     36 -17818.406     31.500     -2.310
    23     44     30     37 -15509.762     32.500     -2.310
    24     45     31     38 -12718.470     33.500     -2.310
    25     46     32     39 -43684.668     34.500     -2.310
    26     47     33     40  -5495.676     35.500     -2.310
    27     48     34     41 328253.844     36.500     -2.310
     1     25      9     17 -18073.004     12.000     -2.640
     2     26     10     18  32334.043     13.000     -2.640
     3     27     11     19 -111894.289     14.000     -2.640
     4     28     12     20  11504.110     15.000     -2.640
     5     29     13     21 140358.875     16.000     -2.640
     6     30     14     22   5297.982     17.000     -2.640
     7     31     15     23  -1195.514     18.000     -2.640
     8     32     16     24   -258.686     19.000     -2.640
     9     33     17     25  49133.086     20.000     -2.640
    10     34     18     26 2358367.250     21.000     -2.640
    11     35     19     27  10309.079     22.000     -2.640
    12     36     20     28 1289998.750     23.000     -2.640
    13     37     21     29 1653196.000     24.000     -2.640
    14     38     22     30   8197.225     25.000     -2.640
    15     39     23     31   2846.726     26.000     -2.640
    16     40     24     32  -2410.672     27.000     -2.640
    17     41     25     33   9038.739     28.000     -2.640
    18     42     26     34   2950.584     29.000     -2.640
    19     43     27     35   3222.822     30.000     -2.640
    20     44     28     36 126893.297     31.000     -2.640
    21     45     29     37 100619.586     32.000     -2.640
    22     46     30     38 -276249.500     33.000     -2.640
    23     47     31     39 -497508.406     34.000     -2.640
    24     48     32     40 -50047.684     35.000     -2.640
     1     28     10     19 122760.367     13.500     -2.970
     2     29     11     20  75809.656     14.500     -2.970
     3     30     12     21 123150.047     15.500     -2.970
     4     31     13     22  85382.383     16.500     -2.970
     5     32     14     23  24549.078     17.500     -2.970
     6     33     15     24  -3384.868     18.500     -2.970
     7     34     16     25  -4462.566     19.500     -2.970
     8     35     17     26  35951.684     20.500     -2.970
     9     36     18     27  22127.885     21.500     -2.970
    10     37     19     28 2806982.500     22.500     -2.970
    11     38     20     29  31655.668     23.500     -2.970
    12     39     21     30 507429.656     24.500     -2.970
    13     40     22     31 -533510.188     25.500     -2.970
    14     41     23     32   -343.361     26.500     -2.970
    15     42     24     33    169.428     27.500     -2.970
    16     43     25     34    213.115     28.500     -2.970
    17     44     26     35   7053.146     29.500     -2.970
    18     45     27     36   -485.244     30.500     -2.970
    19     46     28     37 106730.641     31.500     -2.970
    20     47     29     38 -235663.125     32.500     -2.970
    21     48     30     39 -74628.406     33.500     -2.970
     1     31     11     21  47078.465     15.000     -3.300
     2     32     12     22  67595.453     16.000     -3.300
     3     33     13     23 221333.766     17.000     -3.300
     4     34     14     24   -179.121     18.000     -3.300
     5     35     15     25  18588.740     19.000     -3.300
     6     36     16     26  -9289.739     20.000     -3.300
     7     37     17     27 288911.906     21.000     -3.300
     8     38     18     28  38273.289     22.000     -3.300
     9     39     19     29  47550.066     23.000     -3.300
    10     40     20     30 1848075.130     24.000     -3.300
    11     41     21     31   9096.537     25.000     -3.300
    12     42     22     32 -105351.602     26.000     -3.300
    13     43     23     33  11777.141     27.000     -3.300
    14     44     24     34     78.584     28.000     -3.300
    15     45     25     35   -620.018     29.000     -3.300
    16     46     26     36  21030.891     30.000     -3.300
    17     47     27     37  -4744.433     31.000     -3.300
    18     48     28     38  13688.485     32.000     -3.300
     1     34     12     23  34771.234     16.500     -3.630
     2     35     13     24  76683.031     17.500     -3.630
     3     36     14     25    582.467     18.500     -3.630
     4     37     15     26   -191.075     19.500     -3.630
     5     38     16     27  26607.770     20.500     -3.630
     6     39     17     28 1917897.880     21.500     -3.630
     7     40     18     29 209093.719     22.500     -3.630
     8     41     19     30  32314.879     23.500     -3.630
     9     42     20     31  24837.496     24.500     -3.630
    10     43     21     32 1855364.000     25.500     -3.630
    11     44     22     33   -409.659     26.500     -3.630
    12     45     23     34  -4414.654     27.500     -3.630
    13     46     24     35  19617.129     28.500     -3.630
    14     47     25     36   2442.111     29.500     -3.630
    15     48     26     37   5015.125     30.500     -3.630
     1     37     13     25  42389.637     18.000     -3.960
     2     38     14     26   -244.592     19.000     -3.960
     3     39     15     27    820.408     20.000     -3.960
     4     40     16     28  10114.883     21.000     -3.960
     5     41     17     29 3966323.250     22.000     -3.960
     6     42     18     30 511273.844     23.000     -3.960
     7     43     19     31 185572.906     24.000     -3.960
     8     44     20     32  14988.768     25.000     -3.960
     9     45     21     33  -6357.202     26.000     -3.960
    10     46     22     34   -746.292     27.000     -3.960
    11     47     23     35  -2515.586     28.000     -3.960
    12     48     24     36  -4984.878     29.000     -3.960
     1     40     14     27     21.160     19.500     -4.290
     2     41     15     28  -4334.423     20.500     -4.290
     3     42     16     29  -1912.309     21.500     -4.290
     4     43     17     30 163727.516     22.500     -4.290
     5     44     18     31 1660374.630     23.500     -4.290
     6     45     19     32 1251272.500     24.500     -4.290
     7     46     20     33 -87120.578     25.500     -4.290
     8     47     21     34 -224073.016     26.500     -4.290
     9     48     22     35   3163.848     27.500     -4.290
     1     43     15     29  38224.582     21.000     -4.620
     2     44     16     30  30654.850     22.000     -4.620
     3     45     17     31 362641.156     23.000     -4.620
     4     46     18     32   8679.290     24.000     -4.620
     5     47     19     33 2234584.750     25.000     -4.620
     6     48     20     34 345209.938     26.000     -4.620
     1     46     16     31 514536.563     22.500     -4.950
     2     47     17     32 -73148.992     23.500     -4.950
     3     48     18     33 -81779.641     24.500     -4.950
     1      2      4      3   5014.436      1.500     -0.585
     2      3      5      4 -56002.164      2.500     -0.585
     3      4      6      5 -46825.730      3.500     -0.585
     4      5      7      6 202883.594      4.500     -0.585
     5      6      8      7  -8952.804      5.500     -0.585
     6      7      9      8   7033.504      6.500     -0.585
     7      8     10      9 110752.359      7.500     -0.585
     8      9     11     10   -399.458      8.500     -0.585
     9     10     12     11 -1600557.500      9.500     -0.585
    10     11     13     12  15437.222     10.500     -0.585
    11     12     14     13 2180834.750     11.500     -0.585
    12     13     15     14  -3071.912     12.500     -0.585
    13     14     16     15 -35671.488     13.500     -0.585
    14     15     17     16  36430.273     14.500     -0.585
    15     16     18     17  55113.387     15.500     -0.585
    16     17     19     18 -1324014.880     16.500     -0.585
    17     18     20     19 -515979.438     17.500     -0.585
    18     19     21     20 -61697.352     18.500     -0.585
    19     20     22     21 -162424.188     19.500     -0.585
    20     21     23     22  13748.961     20.500     -0.585
    21     22     24     23  17903.930     21.500     -0.585
    22     23     25     24   8041.351     22.500     -0.585
    23     24     26     25   7377.460     23.500     -0.585
    24     25     27     26   9636.678     24.500     -0.585
    25     26     28     27   1580.141     25.500     -0.585
    26     27     29     28  24454.523     26.500     -0.585
    27     28     30     29 404161.813     27.500     -0.585
    28     29     31     30 -86740.063     28.500     -0.585
    29     30     32     31 -40478.781     29.500     -0.585
    30     31     33     32   2311.314     30.500     -0.585
    31     32     34     33   7952.402     31.500     -0.585
    32     33     35     34  10806.418     32.500     -0.585
    33     34     36     35   9630.021     33.500     -0.585
    34     35     37     36   5152.828     34.500     -0.585
    35     36     38     37   4258.190     35.500     -0.585
    36     37     39     38   3513.402     36.500     -0.585
    37     38     40     39   2859.657     37.500     -0.585
    38     39     41     40   3810.006     38.500     -0.585
    39     40     42     41  -3800.064     39.500     -0.585
    40     41     43     42  -3004.532     40.500     -0.585
    41     42     44     43  -1974.591     41.500     -0.585
    42     43     45     44  -2210.810     42.500     -0.585
    43     44     46     45  -7606.562     43.500     -0.585
    44     45     47     46  -7962.815     44.500     -0.585
    45     46     48     47  -7410.892     45.500     -0.585
     1      2      5      4 -48281.434      2.000     -0.780
     2      3      6      5 210358.453      3.000     -0.780
     3      4      7      6 -31373.658      4.000     -0.780
     4      5      8      7 -21166.172      5.000     -0.780
     5      6      9      8  25490.186      6.000     -0.780
     6      7     10      9 740432.625      7.000     -0.780
     7      8     11     10 -226805.375      8.000     -0.780
     8      9     12     11  15118.765      9.000     -0.780
     9     10     13     12  91985.023     10.000     -0.780
    10     11     14     13 -6723571.000     11.000     -0.780
    11     12     15     14 -11907.794     12.000     -0.780
    12     13     16     15  15268.143     13.000     -0.780
    13     14     17     16 14505568.000     14.000     -0.780
    14     15     18     17  14105.525     15.000     -0.780
    15     16     19     18  -1570.666     16.000     -0.780
    16     17     20     19 3160741.500     17.000     -0.780
    17     18     21     20 2021206.500     18.000     -0.780
    18     19     22     21 1455510.130     19.000     -0.780
    19     20     23     22 -63800.176     20.000     -0.780
    20     21     24     23  47946.266     21.000     -0.780
    21     22     25     24 -26711.260     22.000     -0.780
    22     23     26     25   9478.523     23.000     -0.780
    23     24     27     26   7261.649     24.000     -0.780
    24     25     28     27 -43030.914     25.000     -0.780
    25     26     29     28  47476.219     26.000     -0.780
    26     27     30     29  66547.352     27.000     -0.780
    27     28     31     30 290739.063     28.000     -0.780
    28     29     32     31 214516.078     29.000     -0.780
    29     30     33     32 -138941.844     30.000     -0.780
    30     31     34     33   7811.258     31.000     -0.780
    31     32     35     34   1331.835     32.000     -0.780
    32     33     36     35   5558.079     33.000     -0.780
    33     34     37     36   5487.688     34.000     -0.780
    34     35     38     37   3395.130     35.000     -0.780
    35     36     39     38   2958.649     36.000     -0.780
    36     37     40     39   2835.871     37.000     -0.780
    37     38     41     40   6822.116     38.000     -0.780
    38     39     42     41 -24051.594     39.000     -0.780
    39     40     43     42 -15290.333     40.000     -0.780
    40     41     44     43 -11985.500     41.000     -0.780
    41     42     45     44  -7909.418     42.000     -0.780
    42     43     46     45  -8837.412     43.000     -0.780
    43     44     47     46 -30470.441     44.000     -0.780
    44     45     48     47 -31856.668     45.000     -0.780
     1      2      6      5  99879.758      2.500     -0.975
     2      3      7      6 110831.516      3.500     -0.975
     3      4      8      7   7311.042      4.500     -0.975
     4      5      9      8   5842.041      5.500     -0.975
     5      6     10      9 3549075.000      6.500     -0.975
     6      7     11     10 -1820341.000      7.500     -0.975
     7      8     12     11 649292.875      8.500     -0.975
     8      9     13     12 -22409.191      9.500     -0.975
     9     10     14     13 15648157.000     10.500     -0.975
    10     11     15     14  65763.063     11.500     -0.975
    11     12     16     15 357837.375     12.500     -0.975
    12     13     17     16 -1067664.880     13.500     -0.975
    13     14     18     17 -24608248.000     14.500     -0.975
    14     15     19     18   5241.354     15.500     -0.975
    15     16     20     19 241615.000     16.500     -0.975
    16     17     21     20 -3721700.500     17.500     -0.975
    17     18     22     21 -4530234.000     18.500     -0.975
    18     19     23     22  15819.107     19.500     -0.975
    19     20     24     23  34327.855     20.500     -0.975
    20     21     25     24 -108870.844     21.500     -0.975
    21     22     26     25  -1585.624     22.500     -0.975
    22     23     27     26   7392.020     23.500     -0.975
    23     24     28     27  -3357.406     24.500     -0.975
    24     25     29     28 -25774.137     25.500     -0.975
    25     26     30     29 107276.492     26.500     -0.975
    26     27     31     30  23719.518     27.500     -0.975
    27     28     32     31 959382.250     28.500     -0.975
    28     29     33     32 -189869.438     29.500     -0.975
    29     30     34     33  35630.547     30.500     -0.975
    30     31     35     34  15551.256     31.500     -0.975
    31     32     36     35  46718.418     32.500     -0.975
    32     33     37     36   3723.182     33.500     -0.975
    33     34     38     37   7485.231     34.500     -0.975
    34     35     39     38   1805.636     35.500     -0.975
    35     36     40     39    -21.300     36.500     -0.975
    36     37     41     40   6592.705     37.500     -0.975
    37     38     42     41 -66773.375     38.500     -0.975
    38     39     43     42 -60255.594     39.500     -0.975
    39     40     44     43 -38157.402     40.500     -0.975
    40     41     45     44 -29969.217     41.500     -0.975
    41     42     46     45 -19796.605     42.500     -0.975
    42     43     47     46 -22158.738     43.500     -0.975
    43     44     48     47 -76193.555     44.500     -0.975
     1      2      7      6  59510.766      3.000     -1.170
     2      3      8      7 -25143.047      4.000     -1.170
     3      4      9      8  -1699.325      5.000     -1.170
     4      5     10      9 -12030646.000      6.000     -1.170
     5      6     11     10 -7129120.500      7.000     -1.170
     6      7     12     11 6048189.500      8.000     -1.170
     7      8     13     12 469688.781      9.000     -1.170
     8      9     14     13 116886.250     10.000     -1.170
     9     10     15     14 -78249.039     11.000     -1.170
    10     11     16     15 -150096.391     12.000     -1.170
    11     12     17     16 -56102584.000     13.000     -1.170
    12     13     18     17 272941.563     14.000     -1.170
    13     14     19     18 14417510.000     15.000     -1.170
    14     15     20     19  59761.500     16.000     -1.170
    15     16     21     20 211903.281     17.000     -1.170
    16     17     22     21 13366161.000     18.000     -1.170
    17     18     23     22 -270477.969     19.000     -1.170
    18     19     24     23 227975.594     20.000     -1.170
    19     20     25     24 -76422.891     21.000     -1.170
    20     21     26     25  24258.627     22.000     -1.170
    21     22     27     26 -12956.432     23.000     -1.170
    22     23     28     27   6932.452     24.000     -1.170
    23     24     29     28   3277.523     25.000     -1.170
    24     25     30     29 -23360.520     26.000     -1.170
    25     26     31     30  86780.422     27.000     -1.170
    26     27     32     31  49966.297     28.000     -1.170
    27     28     33     32 -87240.656     29.000     -1.170
    28     29     34     33 -43752.086     30.000     -1.170
    29     30     35     34  -1310.044     31.000     -1.170
    30     31     36     35 -37533.617     32.000     -1.170
    31     32     37     36 -33678.129     33.000     -1.170
    32     33     38     37   2726.928     34.000     -1.170
    33     34     39     38   4185.431     35.000     -1.170
    34     35     40     39   2538.357     36.000     -1.170
    35     36     41     40 -51426.648     37.000     -1.170
    36     37     42     41 -166688.938     38.000     -1.170
    37     38     43     42 -133431.078     39.000     -1.170
    38     39     44     43 -120750.258     40.000     -1.170
    39     40     45     44 -76304.328     41.000     -1.170
    40     41     46     45 -60091.789     42.000     -1.170
    41     42     47     46 -39469.313     43.000     -1.170
    42     43     48     47 -44341.473     44.000     -1.170
     1      2      8      7  -7394.832      3.500     -1.365
     2      3      9      8  18644.426      4.500     -1.365
     3      4     10      9 1592617.000      5.500     -1.365
     4      5     11     10 20979746.000      6.500     -1.365
     5      6     12     11 7819892.500      7.500     -1.365
     6      7     13     12 -1949592.130      8.500     -1.365
     7      8     14     13 -2960729.500      9.500     -1.365
     8      9     15     14  11093.125     10.500     -1.365
     9     10     16     15 279305.219     11.500     -1.365
    10     11     17     16 56471236.000     12.500     -1.365
    11     12     18     17 68424360.000     13.500     -1.365
    12     13     19     18 6451194.000     14.500     -1.365
    13     14     20     19 -28868950.000     15.500     -1.365
    14     15     21     20 -48494.324     16.500     -1.365
    15     16     22     21 362754.188     17.500     -1.365
    16     17     23     22  31628.992     18.500     -1.365
    17     18     24     23 1070814.380     19.500     -1.365
    18     19     25     24 -385377.313     20.500     -1.365
    19     20     26     25  24886.504     21.500     -1.365
    20     21     27     26 -15563.137     22.500     -1.365
    21     22     28     27 463476.688     23.500     -1.365
    22     23     29     28   1727.713     24.500     -1.365
    23     24     30     29  12249.687     25.500     -1.365
    24     25     31     30 -32703.828     26.500     -1.365
    25     26     32     31 103086.875     27.500     -1.365
    26     27     33     32 -37048.840     28.500     -1.365
    27     28     34     33 -68842.641     29.500     -1.365
    28     29     35     34  45555.988     30.500     -1.365
    29     30     36     35 -23578.250     31.500     -1.365
    30     31     37     36  13084.515     32.500     -1.365
    31     32     38     37 -96579.852     33.500     -1.365
    32     33     39     38  -8112.425     34.500     -1.365
    33     34     40     39   2776.757     35.500     -1.365
    34     35     41     40  18339.299     36.500     -1.365
    35     36     42     41 -176202.547     37.500     -1.365
    36     37     43     42 -291716.875     38.500     -1.365
    37     38     44     43 -233700.438     39.500     -1.365
    38     39     45     44 -211249.469     40.500     -1.365
    39     40     46     45 -133244.719     41.500     -1.365
    40     41     47     46 -105034.609     42.500     -1.365
    41     42     48     47 -69099.398     43.500     -1.365
     1      3      9      7  -9026.210      4.000     -1.560
     2      4     10      8  -5498.221      5.000     -1.560
     3      5     11      9  43982.207      6.000     -1.560
     4      6     12     10 -990603.625      7.000     -1.560
     5      7     13     11 4084735.500      8.000     -1.560
     6      8     14     12 -2781091.250      9.000     -1.560
     7      9     15     13 -631864.000     10.000     -1.560
     8     10     16     14  85161.406     11.000     -1.560
     9     11     17     15  87707.047     12.000     -1.560
    10     12     18     16 -127720.086     13.000     -1.560
    11     13     19     17 15224543.000     14.000     -1.560
    12     14     20     18 -2301110.500     15.000     -1.560
    13     15     21     19 -9091784.000     16.000     -1.560
    14     16     22     20 213363.891     17.000     -1.560
    15     17     23     21 4495537.000     18.000     -1.560
    16     18     24     22  -8832.000     19.000     -1.560
    17     19     25     23 -23437.242     20.000     -1.560
    18     20     26     24 -20952.869     21.000     -1.560
    19     21     27     25   2235.407     22.000     -1.560
    20     22     28     26 101329.805     23.000     -1.560
    21     23     29     27 195966.203     24.000     -1.560
    22     24     30     28   7938.108     25.000     -1.560
    23     25     31     29   8368.797     26.000     -1.560
    24     26     32     30  52008.195     27.000     -1.560
    25     27     33     31  37710.703     28.000     -1.560
    26     28     34     32 -52870.301     29.000     -1.560
    27     29     35     33 -35235.258     30.000     -1.560
    28     30     36     34  27265.965     31.000     -1.560
    29     31     37     35 -13623.708     32.000     -1.560
    30     32     38     36 -20449.510     33.000     -1.560
    31     33     39     37  -2885.340     34.000     -1.560
    32     34     40     38   3336.417     35.000     -1.560
    33     35     41     39  43084.438     36.000     -1.560
    34     36     42     40 -14642.550     37.000     -1.560
    35     37     43     41 -41837.336     38.000     -1.560
    36     38     44     42 -66434.281     39.000     -1.560
    37     39     45     43 -53677.766     40.000     -1.560
    38     40     46     44 -48466.711     41.000     -1.560
    39     41     47     45 -30683.025     42.000     -1.560
    40     42     48     46 -23990.814     43.000     -1.560
     1      3     11      9 -10374.489      5.000     -1.950
     2      4     12     10 -77232.250      6.000     -1.950
     3      5     13     11 -10789929.000      7.000     -1.950
     4      6     14     12 6737688.000      8.000     -1.950
     5      7     15     13 -10155733.000      9.000     -1.950
     6      8     16     14 -66632.742     10.000     -1.950
     7      9     17     15 1363239.750     11.000     -1.950
     8     10     18     16 -13429361.000     12.000     -1.950
     9     11     19     17 -38985.352     13.000     -1.950
    10     12     20     18 1726939.500     14.000     -1.950
    11     13     21     19 -5444678.000     15.000     -1.950
    12     14     22     20 -10300260.000     16.000     -1.950
    13     15     23     21 -13846177.000     17.000     -1.950
    14     16     24     22    743.916     18.000     -1.950
    15     17     25     23  27282.457     19.000     -1.950
    16     18     26     24  67595.234     20.000     -1.950
    17     19     27     25  -9258.897     21.000     -1.950
    18     20     28     26  49600.703     22.000     -1.950
    19     21     29     27 -141513.359     23.000     -1.950
    20     22     30     28  72766.047     24.000     -1.950
    21     23     31     29 543039.313     25.000     -1.950
    22     24     32     30  26225.979     26.000     -1.950
    23     25     33     31  41059.254     27.000     -1.950
    24     26     34     32  -9155.604     28.000     -1.950
    25     27     35     33    809.136     29.000     -1.950
    26     28     36     34 -12967.736     30.000     -1.950
    27     29     37     35 -12392.824     31.000     -1.950
    28     30     38     36 -49777.512     32.000     -1.950
    29     31     39     37 -50440.641     33.000     -1.950
    30     32     40     38  19654.049     34.000     -1.950
    31     33     41     39 2029984.130     35.000     -1.950
    32     34     42     40 450886.844     36.000     -1.950
    33     35     43     41 -230851.328     37.000     -1.950
    34     36     44     42 -118599.953     38.000     -1.950
    35     37     45     43 -104675.313     39.000     -1.950
    36     38     46     44 -166117.594     40.000     -1.950
    37     39     47     45 -134191.359     41.000     -1.950
    38     40     48     46 -121064.852     42.000     -1.950
     1      3     13     11 -2172333.000      6.000     -2.340
     2      4     14     12 210664.766      7.000     -2.340
     3      5     15     13 21409144.000      8.000     -2.340
     4      6     16     14  84773.625      9.000     -2.340
     5      7     17     15 30647554.000     10.000     -2.340
     6      8     18     16 4451343.500     11.000     -2.340
     7      9     19     17 -1290817.750     12.000     -2.340
     8     10     20     18 3428089.750     13.000     -2.340
     9     11     21     19 -224266.297     14.000     -2.340
    10     12     22     20 -3909963.750     15.000     -2.340
    11     13     23     21 27324142.000     16.000     -2.340
    12     14     24     22 508653.844     17.000     -2.340
    13     15     25     23 -118121.133     18.000     -2.340
    14     16     26     24  -6222.691     19.000     -2.340
    15     17     27     25 139672.203     20.000     -2.340
    16     18     28     26 -148478.719     21.000     -2.340
    17     19     29     27 -291942.719     22.000     -2.340
    18     20     30     28 -259061.531     23.000     -2.340
    19     21     31     29 1544155.750     24.000     -2.340
    20     22     32     30 136535.656     25.000     -2.340
    21     23     33     31 -1977540.250     26.000     -2.340
    22     24     34     32 -18191.256     27.000     -2.340
    23     25     35     33    489.184     28.000     -2.340
    24     26     36     34  -2049.625     29.000     -2.340
    25     27     37     35  -1446.892     30.000     -2.340
    26     28     38     36  69274.391     31.000     -2.340
    27     29     39     37  47274.688     32.000     -2.340
    28     30     40     38   9804.033     33.000     -2.340
    29     31     41     39 5732034.500     34.000     -2.340
    30     32     42     40 5135084.000     35.000     -2.340
    31     33     43     41 -5619815.500     36.000     -2.340
    32     34     44     42 -1393162.500     37.000     -2.340
    33     35     45     43 -461469.719     38.000     -2.340
    34     36     46     44 -237747.734     39.000     -2.340
    35     37     47     45 -209502.797     40.000     -2.340
    36     38     48     46 -332301.438     41.000     -2.340
     1      3     15     13 3807632.500      7.000     -2.730
     2      4     16     14  26693.520      8.000     -2.730
     3      5     17     15 -54628700.000      9.000     -2.730
     4      6     18     16 -7217292.500     10.000     -2.730
     5      7     19     17 -26095756.000     11.000     -2.730
     6      8     20     18 -995699.938     12.000     -2.730
     7      9     21     19 -1526792.880     13.000     -2.730
     8     10     22     20 34773400.000     14.000     -2.730
     9     11     23     21 -51413.754     15.000     -2.730
    10     12     24     22  60355.152     16.000     -2.730
    11     13     25     23  75716.414     17.000     -2.730
    12     14     26     24 -681001.750     18.000     -2.730
    13     15     27     25 -233743.938     19.000     -2.730
    14     16     28     26 -15420.107     20.000     -2.730
    15     17     29     27 -3998955.500     21.000     -2.730
    16     18     30     28 -388041.344     22.000     -2.730
    17     19     31     29 3379761.750     23.000     -2.730
    18     20     32     30 1304102.500     24.000     -2.730
    19     21     33     31 -2099322.750     25.000     -2.730
    20     22     34     32 -1361917.630     26.000     -2.730
    21     23     35     33 -22635.492     27.000     -2.730
    22     24     36     34    -72.175     28.000     -2.730
    23     25     37     35   -567.240     29.000     -2.730
    24     26     38     36   4956.717     30.000     -2.730
    25     27     39     37   4027.020     31.000     -2.730
    26     28     40     38 -250745.297     32.000     -2.730
    27     29     41     39 -16646903.000     33.000     -2.730
    28     30     42     40 13449382.000     34.000     -2.730
    29     31     43     41 -18953922.000     35.000     -2.730
    30     32     44     42 -13158859.000     36.000     -2.730
    31     33     45     43 -9826422.000     37.000     -2.730
    32     34     46     44 -2436802.000     38.000     -2.730
    33     35     47     45 -807795.500     39.000     -2.730
    34     36     48     46 -415800.688     40.000     -2.730
     1      4     16     13 802167.563      7.500     -2.925
     2      5     17     14 -26797556.000      8.500     -2.925
     3      6     18     15 -2930723.500      9.500     -2.925
     4      7     19     16 -709184.813     10.500     -2.925
     5      8     20     17 -18852602.000     11.500     -2.925
     6      9     21     18 -1388836.630     12.500     -2.925
     7     10     22     19 24704454.000     13.500     -2.925
     8     11     23     20 -61201.605     14.500     -2.925
     9     12     24     21 4452705.000     15.500     -2.925
    10     13     25     22 -142112.453     16.500     -2.925
    11     14     26     23   1311.516     17.500     -2.925
    12     15     27     24 -326538.031     18.500     -2.925
    13     16     28     25 420454.625     19.500     -2.925
    14     17     29     26 -2102830.250     20.500     -2.925
    15     18     30     27 -338519.000     21.500     -2.925
    16     19     31     28 -60075.609     22.500     -2.925
    17     20     32     29 952634.125     23.500     -2.925
    18     21     33     30 223073.750     24.500     -2.925
    19     22     34     31 -1363482.250     25.500     -2.925
    20     23     35     32 -603289.438     26.500     -2.925
    21     24     36     33  -5355.159     27.500     -2.925
    22     25     37     34   -404.323     28.500     -2.925
    23     26     38     35   3425.888     29.500     -2.925
    24     27     39     36   -351.224     30.500     -2.925
    25     28     40     37 -98066.703     31.500     -2.925
    26     29     41     38 -7151233.500     32.500     -2.925
    27     30     42     39 -4274986.500     33.500     -2.925
    28     31     43     40 6944363.500     34.500     -2.925
    29     32     44     41 -8219963.500     35.500     -2.925
    30     33     45     42 -5536986.500     36.500     -2.925
    31     34     46     43 -4145984.750     37.500     -2.925
    32     35     47     44 -1043270.880     38.500     -2.925
    33     36     48     45 -343290.625     39.500     -2.925
     1      4     19     16 -763773.813      9.000     -3.510
     2      5     20     17 34199084.000     10.000     -3.510
     3      6     21     18 2529310.750     11.000     -3.510
     4      7     22     19 1355049.630     12.000     -3.510
     5      8     23     20 -21472334.000     13.000     -3.510
     6      9     24     21 -3590502.500     14.000     -3.510
     7     10     25     22 390818.313     15.000     -3.510
     8     11     26     23    206.222     16.000     -3.510
     9     12     27     24  66969.508     17.000     -3.510
    10     13     28     25 367823.344     18.000     -3.510
    11     14     29     26  -3114.454     19.000     -3.510
    12     15     30     27 1191845.380     20.000     -3.510
    13     16     31     28 1728592.250     21.000     -3.510
    14     17     32     29 4087773.750     22.000     -3.510
    15     18     33     30 695345.500     23.000     -3.510
    16     19     34     31 626433.000     24.000     -3.510
    17     20     35     32 -1527433.750     25.000     -3.510
    18     21     36     33  18502.738     26.000     -3.510
    19     22     37     34  -7509.668     27.000     -3.510
    20     23     38     35   2913.390     28.000     -3.510
    21     24     39     36   8926.779     29.000     -3.510
    22     25     40     37   2005.783     30.000     -3.510
    23     26     41     38 -871332.063     31.000     -3.510
    24     27     42     39 -391654.625     32.000     -3.510
    25     28     43     40 -17372456.000     33.000     -3.510
    26     29     44     41 -132527.563     34.000     -3.510
    27     30     45     42 -459840.500     35.000     -3.510
    28     31     46     43 -24559904.000     36.000     -3.510
    29     32     47     44 -17541780.000     37.000     -3.510
    30     33     48     45 -11072899.000     38.000     -3.510
     1      4     22     19 1273184.380     10.500     -4.095
     2      5     23     20 28672254.000     11.500     -4.095
     3      6     24     21 5653657.000     12.500     -4.095
     4      7     25     22 -35028.496     13.500     -4.095
     5      8     26     23 -179173.125     14.500     -4.095
     6      9     27     24 -201694.047     15.500     -4.095
     7     10     28     25 -344721.406     16.500     -4.095
     8     11     29     26  -1956.341     17.500     -4.095
     9     12     30     27 -2100086.750     18.500     -4.095
    10     13     31     28 3312668.250     19.500     -4.095
    11     14     32     29  15612.077     20.500     -4.095
    12     15     33     30 -2072985.630     21.500     -4.095
    13     16     34     31 -4876589.500     22.500     -4.095
    14     17     35     32 299807.438     23.500     -4.095
    15     18     36     33  29498.016     24.500     -4.095
    16     19     37     34  -5759.476     25.500     -4.095
    17     20     38     35  -3000.469     26.500     -4.095
    18     21     39     36   1141.999     27.500     -4.095
    19     22     40     37 102069.383     28.500     -4.095
    20     23     41     38 27013342.000     29.500     -4.095
    21     24     42     39 29870484.000     30.500     -4.095
    22     25     43     40  21855.129     31.500     -4.095
    23     26     44     41 -87329.688     32.500     -4.095
    24     27     45     42 -1060062.750     33.500     -4.095
    25     28     46     43 997893.500     34.500     -4.095
    26     29     47     44 -212407.875     35.500     -4.095
    27     30     48     45 -797624.000     36.500     -4.095
     1      5     25     21 38099672.000     12.000     -4.680
     2      6     26     22 -46964.352     13.000     -4.680
     3      7     27     23  -3664.505     14.000     -4.680
     4      8     28     24   5948.317     15.000     -4.680
     5      9     29     25 328727.250     16.000     -4.680
     6     10     30     26 -670989.938     17.000     -4.680
     7     11     31     27 185965.813     18.000     -4.680
     8     12     32     28 636709.438     19.000     -4.680
     9     13     33     29 2081226.630     20.000     -4.680
    10     14     34     30 -1354233.750     21.000     -4.680
    11     15     35     31  -8345.755     22.000     -4.680
    12     16     36     32 -1447044.380     23.000     -4.680
    13     17     37     33  18728.920     24.000     -4.680
    14     18     38     34  -5164.779     25.000     -4.680
    15     19     39     35  -9248.348     26.000     -4.680
    16     20     40     36   1040.496     27.000     -4.680
    17     21     41     37 11571323.000     28.000     -4.680
    18     22     42     38 14460155.000     29.000     -4.680
    19     23     43     39 23422074.000     30.000     -4.680
    20     24     44     40 21175750.000     31.000     -4.680
    21     25     45     41 -23577898.000     32.000     -4.680
    22     26     46     42 -776345.438     33.000     -4.680
    23     27     47     43 -58689.523     34.000     -4.680
    24     28     48     44 820070.438     35.000     -4.680
     1      5     29     25 -1121511.630     14.000     -5.460
     2      6     30     26 -485064.500     15.000     -5.460
     3      7     31     27 253992.250     16.000     -5.460
     4      8     32     28  26582.813     17.000     -5.460
     5      9     33     29 -665442.563     18.000     -5.460
     6     10     34     30 1283363.130     19.000     -5.460
     7     11     35     31 -327800.688     20.000     -5.460
     8     12     36     32 148564.297     21.000     -5.460
     9     13     37     33  99292.688     22.000     -5.460
    10     14     38     34  -9742.959     23.000     -5.460
    11     15     39     35    133.926     24.000     -5.460
    12     16     40     36  98060.297     25.000     -5.460
    13     17     41     37 -8447187.000     26.000     -5.460
    14     18     42     38 -26099064.000     27.000     -5.460
    15     19     43     39 -43436584.000     28.000     -5.460
    16     20     44     40 -39338628.000     29.000     -5.460
    17     21     45     41 -72848248.000     30.000     -5.460
    18     22     46     42 -32721538.000     31.000     -5.460
    19     23     47     43 -60379588.000     32.000     -5.460
    20     24     48     44 -51092948.000     33.000     -5.460
     1      6     31     26 -235596.516     15.000     -5.850
     2      7     32     27  33763.281     16.000     -5.850
     3      8     33     28 -72593.875     17.000     -5.850
     4      9     34     29  -3000.657     18.000     -5.850
     5     10     35     30 597336.000     19.000     -5.850
     6     11     36     31 -1079079.000     20.000     -5.850
     7     12     37     32  50846.609     21.000     -5.850
     8     13     38     33  84445.906     22.000     -5.850
     9     14     39     34    185.574     23.000     -5.850
    10     15     40     35  90798.195     24.000     -5.850
    11     16     41     36 -1481109.500     25.000     -5.850
    12     17     42     37 -18779410.000     26.000     -5.850
    13     18     43     38 23463366.000     27.000     -5.850
    14     19     44     39 -35154412.000     28.000     -5.850
    15     20     45     40 -29275092.000     29.000     -5.850
    16     21     46     41 -879464.500     30.000     -5.850
    17     22     47     42 -57360176.000     31.000     -5.850
    18     23     48     43 -22502118.000     32.000     -5.850
     1      6     36     31 453562.875     17.500     -6.825
     2      7     37     32 -56179.480     18.500     -6.825
     3      8     38     33  -1674.410     19.500     -6.825
     4      9     39     34    487.215     20.500     -6.825
     5     10     40     35 113451.492     21.500     -6.825
     6     11     41     36 11113520.000     22.500     -6.825
     7     12     42     37 -55519104.000     23.500     -6.825
     8     13     43     38 -106939536.000     24.500     -6.825
     9     14     44     39 196794.813     25.500     -6.825
    10     15     45     40 47340748.000     26.500     -6.825
    11     16     46     41 -188653.141     27.500     -6.825
    12     17     47     42 -77790616.000     28.500     -6.825
    13     18     48     43 -79189280.000     29.500     -6.825
     1      7     37     31  43480.074     18.000     -7.020
     2      8     38     32 -45138.082     19.000     -7.020
     3      9     39     33    360.781     20.000     -7.020
     4     10     40     34   2768.625     21.000     -7.020
     5     11     41     35 24699154.000     22.000     -7.020
     6     12     42     36 -33876680.000     23.000     -7.020
     7     13     43     37 -58208296.000     24.000     -7.020
     8     14     44     38 -22912.496     25.000     -7.020
     9     15     45     39 125069.523     26.000     -7.020
    10     16     46     40 31971382.000     27.000     -7.020
    11     17     47     41 710174.875     28.000     -7.020
    12     18     48     42 -42591480.000     29.000     -7.020
     1      7     43     37 -3040597.250     21.000     -8.190
     2      8     44     38 768560.188     22.000     -8.190
     3      9     45     39 2804071.500     23.000     -8.190
     4     10     46     40 -59577520.000     24.000     -8.190
     5     11     47     41 -50910796.000     25.000     -8.190
     6     12     48     42 -8678382.000     26.000     -8.190
     1     10     46     37 -25826488.000     22.500     -8.775
     2     11     47     38 359685.813     23.500     -8.775
     3     12     48     39 -28686394.000     24.500     -8.775
