48# Number of electrodes
# x z
0.000     0.000
1.000     0.000
2.000     0.000
3.000     0.000
4.000     0.000
5.000     0.000
6.000     0.000
7.000     0.000
8.000     0.000
9.000     0.000
10.000     0.000
11.000     0.000
12.000     0.000
13.000     0.000
14.000     0.000
15.000     0.000
16.000     0.000
17.000     0.000
18.000     0.000
19.000     0.000
20.000     0.000
21.000     0.000
22.000     0.000
23.000     0.000
24.000     0.000
25.000     0.000
26.000     0.000
27.000     0.000
28.000     0.000
29.000     0.000
30.000     0.000
31.000     0.000
32.000     0.000
33.000     0.000
34.000     0.000
35.000     0.000
36.000     0.000
37.000     0.000
38.000     0.000
39.000     0.000
40.000     0.000
41.000     0.000
42.000     0.000
43.000     0.000
44.000     0.000
45.000     0.000
46.000     0.000
47.000     0.000
909# Number of data
# a   b   m   n      rhoa      x      z
     1      4      2      3   1237.044      1.500     -0.330
     2      5      3      4   1391.576      2.500     -0.330
     3      6      4      5   1654.174      3.500     -0.330
     4      7      5      6   1792.715      4.500     -0.330
     5      8      6      7   1465.806      5.500     -0.330
     6      9      7      8   2158.039      6.500     -0.330
     7     10      8      9   2479.376      7.500     -0.330
     8     11      9     10   3749.711      8.500     -0.330
     9     12     10     11   3292.007      9.500     -0.330
    10     13     11     12   4241.617     10.500     -0.330
    11     14     12     13   3644.886     11.500     -0.330
    12     15     13     14   3505.271     12.500     -0.330
    13     16     14     15   3794.974     13.500     -0.330
    14     17     15     16   4003.432     14.500     -0.330
    15     18     16     17   4024.356     15.500     -0.330
    16     19     17     18   3540.764     16.500     -0.330
    17     20     18     19   3410.814     17.500     -0.330
    18     21     19     20   3144.482     18.500     -0.330
    19     22     20     21   2223.298     19.500     -0.330
    20     23     21     22   2362.343     20.500     -0.330
    21     24     22     23   1523.023     21.500     -0.330
    22     25     23     24   1833.319     22.500     -0.330
    23     26     24     25   1816.818     23.500     -0.330
    24     27     25     26   1936.764     24.500     -0.330
    25     28     26     27   2439.263     25.500     -0.330
    26     29     27     28   2676.589     26.500     -0.330
    27     30     28     29   2237.146     27.500     -0.330
    28     31     29     30   2777.191     28.500     -0.330
    29     32     30     31   2440.056     29.500     -0.330
    30     33     31     32   2417.155     30.500     -0.330
    31     34     32     33   2544.377     31.500     -0.330
    32     35     33     34   2025.060     32.500     -0.330
    33     36     34     35   1669.451     33.500     -0.330
    34     37     35     36   1460.986     34.500     -0.330
    35     38     36     37   1217.799     35.500     -0.330
    36     39     37     38   1229.539     36.500     -0.330
    37     40     38     39   1012.576     37.500     -0.330
    38     41     39     40   1326.945     38.500     -0.330
    39     42     40     41   1205.661     39.500     -0.330
    40     43     41     42   1390.255     40.500     -0.330
    41     44     42     43   1518.025     41.500     -0.330
    42     45     43     44   1830.393     42.500     -0.330
    43     46     44     45   1954.435     43.500     -0.330
    44     47     45     46   2619.263     44.500     -0.330
    45     48     46     47   3129.913     45.500     -0.330
     1      7      3      5    989.161      3.000     -0.660
     2      8      4      6   1243.163      4.000     -0.660
     3      9      5      7   1197.068      5.000     -0.660
     4     10      6      8   1329.370      6.000     -0.660
     5     11      7      9   1957.836      7.000     -0.660
     6     12      8     10   2469.857      8.000     -0.660
     7     13      9     11   2356.127      9.000     -0.660
     8     14     10     12   2651.485     10.000     -0.660
     9     15     11     13   3188.815     11.000     -0.660
    10     16     12     14   3107.133     12.000     -0.660
    11     17     13     15   2934.457     13.000     -0.660
    12     18     14     16   3434.236     14.000     -0.660
    13     19     15     17   3564.652     15.000     -0.660
    14     20     16     18   3004.509     16.000     -0.660
    15     21     17     19   2890.644     17.000     -0.660
    16     22     18     20   2909.698     18.000     -0.660
    17     23     19     21   2591.906     19.000     -0.660
    18     24     20     22   2154.700     20.000     -0.660
    19     25     21     23   1961.648     21.000     -0.660
    20     26     22     24   1800.212     22.000     -0.660
    21     27     23     25   1788.198     23.000     -0.660
    22     28     24     26   1720.629     24.000     -0.660
    23     29     25     27   1974.027     25.000     -0.660
    24     30     26     28   2008.091     26.000     -0.660
    25     31     27     29   1949.940     27.000     -0.660
    26     32     28     30   1803.965     28.000     -0.660
    27     33     29     31   1953.851     29.000     -0.660
    28     34     30     32   1828.278     30.000     -0.660
    29     35     31     33   1823.223     31.000     -0.660
    30     36     32     34   1582.731     32.000     -0.660
    31     37     33     35   1348.757     33.000     -0.660
    32     38     34     36   1205.537     34.000     -0.660
    33     39     35     37   1122.815     35.000     -0.660
    34     40     36     38    977.061     36.000     -0.660
    35     41     37     39    823.861     37.000     -0.660
    36     42     38     40    959.178     38.000     -0.660
    37     43     39     41   1090.394     39.000     -0.660
    38     44     40     42   1053.675     40.000     -0.660
    39     45     41     43   1060.559     41.000     -0.660
    40     46     42     44   1469.356     42.000     -0.660
    41     47     43     45   1700.081     43.000     -0.660
    42     48     44     46   1957.469     44.000     -0.660
     1     10      4      7    840.766      4.500     -0.990
     2     11      5      8    961.184      5.500     -0.990
     3     12      6      9   1134.629      6.500     -0.990
     4     13      7     10   1583.640      7.500     -0.990
     5     14      8     11   1958.007      8.500     -0.990
     6     15      9     12   2316.271      9.500     -0.990
     7     16     10     13   2142.199     10.500     -0.990
     8     17     11     14   1948.068     11.500     -0.990
     9     18     12     15   2036.786     12.500     -0.990
    10     19     13     16   2294.700     13.500     -0.990
    11     20     14     17   2377.452     14.500     -0.990
    12     21     15     18   2547.655     15.500     -0.990
    13     22     16     19   2394.707     16.500     -0.990
    14     23     17     20   2278.333     17.500     -0.990
    15     24     18     21   2145.771     18.500     -0.990
    16     25     19     22   2066.590     19.500     -0.990
    17     26     20     23   1748.162     20.500     -0.990
    18     27     21     24   1603.148     21.500     -0.990
    19     28     22     25   1433.998     22.500     -0.990
    20     29     23     26   1635.998     23.500     -0.990
    21     30     24     27   1587.736     24.500     -0.990
    22     31     25     28   1737.289     25.500     -0.990
    23     32     26     29   1536.932     26.500     -0.990
    24     33     27     30   1308.472     27.500     -0.990
    25     34     28     31   1170.436     28.500     -0.990
    26     35     29     32   1182.690     29.500     -0.990
    27     36     30     33   1203.453     30.500     -0.990
    28     37     31     34   1294.877     31.500     -0.990
    29     38     32     35   1134.819     32.500     -0.990
    30     39     33     36    960.751     33.500     -0.990
    31     40     34     37    880.961     34.500     -0.990
    32     41     35     38    801.032     35.500     -0.990
    33     42     36     39    749.678     36.500     -0.990
    34     43     37     40    777.984     37.500     -0.990
    35     44     38     41    780.443     38.500     -0.990
    36     45     39     42    824.169     39.500     -0.990
    37     46     40     43    901.673     40.500     -0.990
    38     47     41     44   1083.956     41.500     -0.990
    39     48     42     45   1160.247     42.500     -0.990
     1     13      5      9    755.481      6.000     -1.320
     2     14      6     10   1142.673      7.000     -1.320
     3     15      7     11   1414.521      8.000     -1.320
     4     16      8     12   1546.070      9.000     -1.320
     5     17      9     13   1548.997     10.000     -1.320
     6     18     10     14   1482.759     11.000     -1.320
     7     19     11     15   1362.578     12.000     -1.320
     8     20     12     16   1299.923     13.000     -1.320
     9     21     13     17   1374.965     14.000     -1.320
    10     22     14     18   1598.002     15.000     -1.320
    11     23     15     19   1869.069     16.000     -1.320
    12     24     16     20   1888.071     17.000     -1.320
    13     25     17     21   1728.666     18.000     -1.320
    14     26     18     22   1600.432     19.000     -1.320
    15     27     19     23   1384.487     20.000     -1.320
    16     28     20     24   1262.454     21.000     -1.320
    17     29     21     25   1221.817     22.000     -1.320
    18     30     22     26   1127.431     23.000     -1.320
    19     31     23     27   1340.196     24.000     -1.320
    20     32     24     28   1350.573     25.000     -1.320
    21     33     25     29   1190.352     26.000     -1.320
    22     34     26     30   1104.735     27.000     -1.320
    23     35     27     31    937.449     28.000     -1.320
    24     36     28     32    845.887     29.000     -1.320
    25     37     29     33    832.406     30.000     -1.320
    26     38     30     34    801.356     31.000     -1.320
    27     39     31     35    892.183     32.000     -1.320
    28     40     32     36    856.790     33.000     -1.320
    29     41     33     37    709.939     34.000     -1.320
    30     42     34     38    653.087     35.000     -1.320
    31     43     35     39    603.339     36.000     -1.320
    32     44     36     40    620.352     37.000     -1.320
    33     45     37     41    642.274     38.000     -1.320
    34     46     38     42    682.912     39.000     -1.320
    35     47     39     43    747.613     40.000     -1.320
    36     48     40     44    820.931     41.000     -1.320
     1     16      6     11    915.501      7.500     -1.650
     2     17      7     12    987.420      8.500     -1.650
     3     18      8     13   1019.894      9.500     -1.650
     4     19      9     14    970.100     10.500     -1.650
     5     20     10     15    957.240     11.500     -1.650
     6     21     11     16   1007.931     12.500     -1.650
     7     22     12     17    911.223     13.500     -1.650
     8     23     13     18    948.373     14.500     -1.650
     9     24     14     19   1078.969     15.500     -1.650
    10     25     15     20   1337.259     16.500     -1.650
    11     26     16     21   1311.081     17.500     -1.650
    12     27     17     22   1217.505     18.500     -1.650
    13     28     18     23   1085.873     19.500     -1.650
    14     29     19     24    964.050     20.500     -1.650
    15     30     20     25    860.534     21.500     -1.650
    16     31     21     26    912.077     22.500     -1.650
    17     32     22     27    912.669     23.500     -1.650
    18     33     23     28    927.703     24.500     -1.650
    19     34     24     29    890.598     25.500     -1.650
    20     35     25     30    907.323     26.500     -1.650
    21     36     26     31    842.127     27.500     -1.650
    22     37     27     32    763.239     28.500     -1.650
    23     38     28     33    673.070     29.500     -1.650
    24     39     29     34    660.094     30.500     -1.650
    25     40     30     35    593.075     31.500     -1.650
    26     41     31     36    603.394     32.500     -1.650
    27     42     32     37    612.760     33.500     -1.650
    28     43     33     38    558.027     34.500     -1.650
    29     44     34     39    489.958     35.500     -1.650
    30     45     35     40    493.512     36.500     -1.650
    31     46     36     41    524.354     37.500     -1.650
    32     47     37     42    550.393     38.500     -1.650
    33     48     38     43    586.341     39.500     -1.650
     1     19      7     13    637.337      9.000     -1.980
     2     20      8     14    628.265     10.000     -1.980
     3     21      9     15    651.140     11.000     -1.980
     4     22     10     16    684.634     12.000     -1.980
     5     23     11     17    760.273     13.000     -1.980
     6     24     12     18    740.898     14.000     -1.980
     7     25     13     19    745.457     15.000     -1.980
     8     26     14     20    782.904     16.000     -1.980
     9     27     15     21    790.460     17.000     -1.980
    10     28     16     22    820.135     18.000     -1.980
    11     29     17     23    773.493     19.000     -1.980
    12     30     18     24    753.841     20.000     -1.980
    13     31     19     25    700.981     21.000     -1.980
    14     32     20     26    626.395     22.000     -1.980
    15     33     21     27    615.525     23.000     -1.980
    16     34     22     28    621.048     24.000     -1.980
    17     35     23     29    652.134     25.000     -1.980
    18     36     24     30    646.141     26.000     -1.980
    19     37     25     31    677.565     27.000     -1.980
    20     38     26     32    701.766     28.000     -1.980
    21     39     27     33    643.056     29.000     -1.980
    22     40     28     34    569.803     30.000     -1.980
    23     41     29     35    514.504     31.000     -1.980
    24     42     30     36    472.974     32.000     -1.980
    25     43     31     37    465.687     33.000     -1.980
    26     44     32     38    436.368     34.000     -1.980
    27     45     33     39    411.404     35.000     -1.980
    28     46     34     40    420.004     36.000     -1.980
    29     47     35     41    419.641     37.000     -1.980
    30     48     36     42    426.025     38.000     -1.980
     1     22      8     15    439.091     10.500     -2.310
     2     23      9     16    527.089     11.500     -2.310
     3     24     10     17    549.188     12.500     -2.310
     4     25     11     18    571.645     13.500     -2.310
     5     26     12     19    585.460     14.500     -2.310
     6     27     13     20    567.581     15.500     -2.310
     7     28     14     21    505.480     16.500     -2.310
     8     29     15     22    493.226     17.500     -2.310
     9     30     16     23    468.547     18.500     -2.310
    10     31     17     24    507.703     19.500     -2.310
    11     32     18     25    505.475     20.500     -2.310
    12     33     19     26    475.040     21.500     -2.310
    13     34     20     27    455.139     22.500     -2.310
    14     35     21     28    435.431     23.500     -2.310
    15     36     22     29    423.867     24.500     -2.310
    16     37     23     30    484.417     25.500     -2.310
    17     38     24     31    507.313     26.500     -2.310
    18     39     25     32    534.330     27.500     -2.310
    19     40     26     33    559.002     28.500     -2.310
    20     41     27     34    534.671     29.500     -2.310
    21     42     28     35    470.728     30.500     -2.310
    22     43     29     36    438.834     31.500     -2.310
    23     44     30     37    382.222     32.500     -2.310
    24     45     31     38    371.875     33.500     -2.310
    25     46     32     39    355.200     34.500     -2.310
    26     47     33     40    338.698     35.500     -2.310
    27     48     34     41    337.993     36.500     -2.310
     1     25      9     17    418.484     12.000     -2.640
     2     26     10     18    439.417     13.000     -2.640
     3     27     11     19    428.273     14.000     -2.640
     4     28     12     20    398.369     15.000     -2.640
     5     29     13     21    382.999     16.000     -2.640
     6     30     14     22    366.085     17.000     -2.640
     7     31     15     23    337.322     18.000     -2.640
     8     32     16     24    306.034     19.000     -2.640
     9     33     17     25    293.461     20.000     -2.640
    10     34     18     26    329.806     21.000     -2.640
    11     35     19     27    340.599     22.000     -2.640
    12     36     20     28    341.191     23.000     -2.640
    13     37     21     29    332.983     24.000     -2.640
    14     38     22     30    336.575     25.000     -2.640
    15     39     23     31    367.574     26.000     -2.640
    16     40     24     32    402.263     27.000     -2.640
    17     41     25     33    438.500     28.000     -2.640
    18     42     26     34    445.116     29.000     -2.640
    19     43     27     35    423.692     30.000     -2.640
    20     44     28     36    392.632     31.000     -2.640
    21     45     29     37    366.311     32.000     -2.640
    22     46     30     38    339.470     33.000     -2.640
    23     47     31     39    318.193     34.000     -2.640
    24     48     32     40    293.551     35.000     -2.640
     1     28     10     19    309.578     13.500     -2.970
     2     29     11     20    315.037     14.500     -2.970
     3     30     12     21    279.863     15.500     -2.970
     4     31     13     22    267.399     16.500     -2.970
     5     32     14     23    254.326     17.500     -2.970
     6     33     15     24    243.413     18.500     -2.970
     7     34     16     25    215.414     19.500     -2.970
     8     35     17     26    203.848     20.500     -2.970
     9     36     18     27    229.463     21.500     -2.970
    10     37     19     28    254.190     22.500     -2.970
    11     38     20     29    263.619     23.500     -2.970
    12     39     21     30    271.538     24.500     -2.970
    13     40     22     31    275.348     25.500     -2.970
    14     41     23     32    297.635     26.500     -2.970
    15     42     24     33    328.285     27.500     -2.970
    16     43     25     34    354.305     28.500     -2.970
    17     44     26     35    357.740     29.500     -2.970
    18     45     27     36    338.099     30.500     -2.970
    19     46     28     37    322.908     31.500     -2.970
    20     47     29     38    311.220     32.500     -2.970
    21     48     30     39    282.720     33.500     -2.970
     1     31     11     21    232.801     15.000     -3.300
     2     32     12     22    206.743     16.000     -3.300
     3     33     13     23    183.088     17.000     -3.300
     4     34     14     24    180.658     18.000     -3.300
     5     35     15     25    184.560     19.000     -3.300
     6     36     16     26    182.740     20.000     -3.300
     7     37     17     27    179.365     21.000     -3.300
     8     38     18     28    183.082     22.000     -3.300
     9     39     19     29    197.203     23.000     -3.300
    10     40     20     30    213.793     24.000     -3.300
    11     41     21     31    222.557     25.000     -3.300
    12     42     22     32    238.302     26.000     -3.300
    13     43     23     33    265.639     27.000     -3.300
    14     44     24     34    272.957     28.000     -3.300
    15     45     25     35    281.036     29.000     -3.300
    16     46     26     36    287.699     30.000     -3.300
    17     47     27     37    272.680     31.000     -3.300
    18     48     28     38    245.557     32.000     -3.300
     1     34     12     23    148.809     16.500     -3.630
     2     35     13     24    147.309     17.500     -3.630
     3     36     14     25    149.430     18.500     -3.630
     4     37     15     26    158.079     19.500     -3.630
     5     38     16     27    168.300     20.500     -3.630
     6     39     17     28    168.497     21.500     -3.630
     7     40     18     29    164.958     22.500     -3.630
     8     41     19     30    164.039     23.500     -3.630
     9     42     20     31    175.555     24.500     -3.630
    10     43     21     32    183.549     25.500     -3.630
    11     44     22     33    211.404     26.500     -3.630
    12     45     23     34    232.915     27.500     -3.630
    13     46     24     35    238.269     28.500     -3.630
    14     47     25     36    230.430     29.500     -3.630
    15     48     26     37    215.416     30.500     -3.630
     1     37     13     25    129.648     18.000     -3.960
     2     38     14     26    139.599     19.000     -3.960
     3     39     15     27    153.587     20.000     -3.960
     4     40     16     28    154.928     21.000     -3.960
     5     41     17     29    154.013     22.000     -3.960
     6     42     18     30    155.526     23.000     -3.960
     7     43     19     31    149.968     24.000     -3.960
     8     44     20     32    153.943     25.000     -3.960
     9     45     21     33    172.688     26.000     -3.960
    10     46     22     34    191.354     27.000     -3.960
    11     47     23     35    202.526     28.000     -3.960
    12     48     24     36    197.575     29.000     -3.960
     1     40     14     27    138.966     19.500     -4.290
     2     41     15     28    143.345     20.500     -4.290
     3     42     16     29    141.822     21.500     -4.290
     4     43     17     30    141.555     22.500     -4.290
     5     44     18     31    144.145     23.500     -4.290
     6     45     19     32    146.462     24.500     -4.290
     7     46     20     33    150.204     25.500     -4.290
     8     47     21     34    160.243     26.500     -4.290
     9     48     22     35    154.471     27.500     -4.290
     1     43     15     29    137.355     21.000     -4.620
     2     44     16     30    137.618     22.000     -4.620
     3     45     17     31    137.266     23.000     -4.620
     4     46     18     32    131.878     24.000     -4.620
     5     47     19     33    140.855     25.000     -4.620
     6     48     20     34    146.582     26.000     -4.620
     1     46     16     31    124.783     22.500     -4.950
     2     47     17     32    120.219     23.500     -4.950
     3     48     18     33    128.324     24.500     -4.950
     1      2      4      3   1670.938      1.500     -0.585
     2      3      5      4   1934.475      2.500     -0.585
     3      4      6      5   1673.380      3.500     -0.585
     4      5      7      6   1705.225      4.500     -0.585
     5      6      8      7   2291.973      5.500     -0.585
     6      7      9      8   1490.320      6.500     -0.585
     7      8     10      9   2500.213      7.500     -0.585
     8      9     11     10   3607.531      8.500     -0.585
     9     10     12     11   5988.549      9.500     -0.585
    10     11     13     12   3740.272     10.500     -0.585
    11     12     14     13   3492.758     11.500     -0.585
    12     13     15     14   3569.503     12.500     -0.585
    13     14     16     15   4032.290     13.500     -0.585
    14     15     17     16   4522.286     14.500     -0.585
    15     16     18     17   3989.629     15.500     -0.585
    16     17     19     18   4045.050     16.500     -0.585
    17     18     20     19   3640.522     17.500     -0.585
    18     19     21     20   2934.644     18.500     -0.585
    19     20     22     21   2911.205     19.500     -0.585
    20     21     23     22   1470.891     20.500     -0.585
    21     22     24     23   1952.109     21.500     -0.585
    22     23     25     24   1413.329     22.500     -0.585
    23     24     26     25   1651.609     23.500     -0.585
    24     25     27     26   2309.510     24.500     -0.585
    25     26     28     27   2388.763     25.500     -0.585
    26     27     29     28   2783.215     26.500     -0.585
    27     28     30     29   3511.597     27.500     -0.585
    28     29     31     30   1939.929     28.500     -0.585
    29     30     32     31   2587.351     29.500     -0.585
    30     31     33     32   3364.986     30.500     -0.585
    31     32     34     33   2605.850     31.500     -0.585
    32     33     35     34   2395.062     32.500     -0.585
    33     34     36     35   1895.898     33.500     -0.585
    34     35     37     36   1276.451     34.500     -0.585
    35     36     38     37   1308.357     35.500     -0.585
    36     37     39     38   1276.753     36.500     -0.585
    37     38     40     39   1447.570     37.500     -0.585
    38     39     41     40    937.073     38.500     -0.585
    39     40     42     41   1388.752     39.500     -0.585
    40     41     43     42   1544.584     40.500     -0.585
    41     42     44     43   1705.514     41.500     -0.585
    42     43     45     44   1712.748     42.500     -0.585
    43     44     46     45   2064.358     43.500     -0.585
    44     45     47     46   2317.449     44.500     -0.585
    45     46     48     47   3598.871     45.500     -0.585
     1      2      5      4   1227.467      2.000     -0.780
     2      3      6      5   1361.531      3.000     -0.780
     3      4      7      6   1245.672      4.000     -0.780
     4      5      8      7   1866.567      5.000     -0.780
     5      6      9      8   1970.155      6.000     -0.780
     6      7     10      9   1619.354      7.000     -0.780
     7      8     11     10   2259.035      8.000     -0.780
     8      9     12     11   3887.659      9.000     -0.780
     9     10     13     12   4708.885     10.000     -0.780
    10     11     14     13   3263.139     11.000     -0.780
    11     12     15     14   3671.894     12.000     -0.780
    12     13     16     15   4624.647     13.000     -0.780
    13     14     17     16   3944.448     14.000     -0.780
    14     15     18     17   4011.417     15.000     -0.780
    15     16     19     18   4744.047     16.000     -0.780
    16     17     20     19   4054.588     17.000     -0.780
    17     18     21     20   3008.761     18.000     -0.780
    18     19     22     21   3092.359     19.000     -0.780
    19     20     23     22   2095.951     20.000     -0.780
    20     21     24     23   1947.766     21.000     -0.780
    21     22     25     24   1746.161     22.000     -0.780
    22     23     26     25   1545.134     23.000     -0.780
    23     24     27     26   1956.925     24.000     -0.780
    24     25     28     27   2053.083     25.000     -0.780
    25     26     29     28   2104.475     26.000     -0.780
    26     27     30     29   3217.852     27.000     -0.780
    27     28     31     30   2596.583     28.000     -0.780
    28     29     32     31   2780.833     29.000     -0.780
    29     30     33     32   2628.537     30.000     -0.780
    30     31     34     33   2543.162     31.000     -0.780
    31     32     35     34   2179.702     32.000     -0.780
    32     33     36     35   1790.385     33.000     -0.780
    33     34     37     36   1408.449     34.000     -0.780
    34     35     38     37   1047.223     35.000     -0.780
    35     36     39     38   1003.524     36.000     -0.780
    36     37     40     39   1247.477     37.000     -0.780
    37     38     41     40   1088.132     38.000     -0.780
    38     39     42     41    873.805     39.000     -0.780
    39     40     43     42   1471.448     40.000     -0.780
    40     41     44     43   1614.691     41.000     -0.780
    41     42     45     44   1613.721     42.000     -0.780
    42     43     46     45   1581.615     43.000     -0.780
    43     44     47     46   2355.322     44.000     -0.780
    44     45     48     47   2744.247     45.000     -0.780
     1      2      6      5    967.448      2.500     -0.975
     2      3      7      6    929.025      3.500     -0.975
     3      4      8      7   1294.410      4.500     -0.975
     4      5      9      8   1788.133      5.500     -0.975
     5      6     10      9   2047.908      6.500     -0.975
     6      7     11     10   1564.669      7.500     -0.975
     7      8     12     11   2335.281      8.500     -0.975
     8      9     13     12   2925.619      9.500     -0.975
     9     10     14     13   3577.048     10.500     -0.975
    10     11     15     14   3444.725     11.500     -0.975
    11     12     16     15   4769.017     12.500     -0.975
    12     13     17     16   4459.645     13.500     -0.975
    13     14     18     17   3346.802     14.500     -0.975
    14     15     19     18   4125.431     15.500     -0.975
    15     16     20     19   4345.986     16.500     -0.975
    16     17     21     20   3178.888     17.500     -0.975
    17     18     22     21   2897.809     18.500     -0.975
    18     19     23     22   2152.858     19.500     -0.975
    19     20     24     23   2737.362     20.500     -0.975
    20     21     25     24   1777.006     21.500     -0.975
    21     22     26     25   1921.670     22.500     -0.975
    22     23     27     26   1746.023     23.500     -0.975
    23     24     28     27   1915.713     24.500     -0.975
    24     25     29     28   1627.718     25.500     -0.975
    25     26     30     29   2257.087     26.500     -0.975
    26     27     31     30   2299.661     27.500     -0.975
    27     28     32     31   3044.593     28.500     -0.975
    28     29     33     32   2556.074     29.500     -0.975
    29     30     34     33   1950.745     30.500     -0.975
    30     31     35     34   1935.617     31.500     -0.975
    31     32     36     35   1541.083     32.500     -0.975
    32     33     37     36   1343.055     33.500     -0.975
    33     34     38     37   1065.809     34.500     -0.975
    34     35     39     38    816.952     35.500     -0.975
    35     36     40     39    996.451     36.500     -0.975
    36     37     41     40    926.077     37.500     -0.975
    37     38     42     41    886.582     38.500     -0.975
    38     39     43     42    864.726     39.500     -0.975
    39     40     44     43   1366.693     40.500     -0.975
    40     41     45     44   1355.738     41.500     -0.975
    41     42     46     45   1263.869     42.500     -0.975
    42     43     47     46   1633.495     43.500     -0.975
    43     44     48     47   2507.885     44.500     -0.975
     1      2      7      6    764.097      3.000     -1.170
     2      3      8      7    947.242      4.000     -1.170
     3      4      9      8   1272.538      5.000     -1.170
     4      5     10      9   1838.902      6.000     -1.170
     5      6     11     10   1909.365      7.000     -1.170
     6      7     12     11   1617.045      8.000     -1.170
     7      8     13     12   1733.206      9.000     -1.170
     8      9     14     13   2118.211     10.000     -1.170
     9     10     15     14   3648.283     11.000     -1.170
    10     11     16     15   4264.071     12.000     -1.170
    11     12     17     16   4510.760     13.000     -1.170
    12     13     18     17   3621.758     14.000     -1.170
    13     14     19     18   3327.297     15.000     -1.170
    14     15     20     19   3506.711     16.000     -1.170
    15     16     21     20   3197.153     17.000     -1.170
    16     17     22     21   2902.150     18.000     -1.170
    17     18     23     22   1942.013     19.000     -1.170
    18     19     24     23   2606.072     20.000     -1.170
    19     20     25     24   2294.379     21.000     -1.170
    20     21     26     25   1870.455     22.000     -1.170
    21     22     27     26   2070.024     23.000     -1.170
    22     23     28     27   1613.872     24.000     -1.170
    23     24     29     28   1492.577     25.000     -1.170
    24     25     30     29   1652.266     26.000     -1.170
    25     26     31     30   1661.487     27.000     -1.170
    26     27     32     31   2537.052     28.000     -1.170
    27     28     33     32   2624.101     29.000     -1.170
    28     29     34     33   1704.875     30.000     -1.170
    29     30     35     34   1496.444     31.000     -1.170
    30     31     36     35   1360.821     32.000     -1.170
    31     32     37     36   1203.869     33.000     -1.170
    32     33     38     37   1019.271     34.000     -1.170
    33     34     39     38    814.820     35.000     -1.170
    34     35     40     39    844.578     36.000     -1.170
    35     36     41     40    777.723     37.000     -1.170
    36     37     42     41    740.713     38.000     -1.170
    37     38     43     42    848.940     39.000     -1.170
    38     39     44     43    790.075     40.000     -1.170
    39     40     45     44   1092.248     41.000     -1.170
    40     41     46     45   1004.713     42.000     -1.170
    41     42     47     46   1226.385     43.000     -1.170
    42     43     48     47   1735.382     44.000     -1.170
     1      2      8      7    828.371      3.500     -1.365
     2      3      9      8    965.329      4.500     -1.365
     3      4     10      9   1348.405      5.500     -1.365
     4      5     11     10   1703.297      6.500     -1.365
     5      6     12     11   1928.296      7.500     -1.365
     6      7     13     12   1222.158      8.500     -1.365
     7      8     14     13   1228.290      9.500     -1.365
     8      9     15     14   2030.485     10.500     -1.365
     9     10     16     15   4216.080     11.500     -1.365
    10     11     17     16   3794.806     12.500     -1.365
    11     12     18     17   3477.791     13.500     -1.365
    12     13     19     18   3278.148     14.500     -1.365
    13     14     20     19   2717.730     15.500     -1.365
    14     15     21     20   2454.786     16.500     -1.365
    15     16     22     21   2822.912     17.500     -1.365
    16     17     23     22   1866.349     18.500     -1.365
    17     18     24     23   2193.512     19.500     -1.365
    18     19     25     24   2107.680     20.500     -1.365
    19     20     26     25   2284.410     21.500     -1.365
    20     21     27     26   1940.022     22.500     -1.365
    21     22     28     27   1854.581     23.500     -1.365
    22     23     29     28   1193.543     24.500     -1.365
    23     24     30     29   1521.546     25.500     -1.365
    24     25     31     30   1139.204     26.500     -1.365
    25     26     32     31   1762.617     27.500     -1.365
    26     27     33     32   2188.625     28.500     -1.365
    27     28     34     33   1735.131     29.500     -1.365
    28     29     35     34   1264.364     30.500     -1.365
    29     30     36     35   1110.016     31.500     -1.365
    30     31     37     36    989.767     32.500     -1.365
    31     32     38     37    902.398     33.500     -1.365
    32     33     39     38    812.173     34.500     -1.365
    33     34     40     39    854.565     35.500     -1.365
    34     35     41     40    678.001     36.500     -1.365
    35     36     42     41    631.991     37.500     -1.365
    36     37     43     42    690.925     38.500     -1.365
    37     38     44     43    740.947     39.500     -1.365
    38     39     45     44    624.474     40.500     -1.365
    39     40     46     45    904.075     41.500     -1.365
    40     41     47     46   1129.568     42.500     -1.365
    41     42     48     47   1366.728     43.500     -1.365
     1      3      9      7    915.380      4.000     -1.560
     2      4     10      8   1189.010      5.000     -1.560
     3      5     11      9   1610.229      6.000     -1.560
     4      6     12     10   1838.009      7.000     -1.560
     5      7     13     11   1569.877      8.000     -1.560
     6      8     14     12   1381.821      9.000     -1.560
     7      9     15     13   1773.980     10.000     -1.560
     8     10     16     14   3214.973     11.000     -1.560
     9     11     17     15   4037.524     12.000     -1.560
    10     12     18     16   3879.071     13.000     -1.560
    11     13     19     17   3447.416     14.000     -1.560
    12     14     20     18   3090.815     15.000     -1.560
    13     15     21     19   2852.357     16.000     -1.560
    14     16     22     20   2790.195     17.000     -1.560
    15     17     23     21   2497.865     18.000     -1.560
    16     18     24     22   2004.452     19.000     -1.560
    17     19     25     23   2273.167     20.000     -1.560
    18     20     26     24   2219.800     21.000     -1.560
    19     21     27     25   2044.215     22.000     -1.560
    20     22     28     26   1938.584     23.000     -1.560
    21     23     29     27   1531.780     24.000     -1.560
    22     24     30     28   1388.491     25.000     -1.560
    23     25     31     29   1429.249     26.000     -1.560
    24     26     32     30   1495.111     27.000     -1.560
    25     27     33     31   2114.744     28.000     -1.560
    26     28     34     32   2163.868     29.000     -1.560
    27     29     35     33   1545.699     30.000     -1.560
    28     30     36     34   1266.339     31.000     -1.560
    29     31     37     35   1147.297     32.000     -1.560
    30     32     38     36   1022.922     33.000     -1.560
    31     33     39     37    910.131     34.000     -1.560
    32     34     40     38    830.542     35.000     -1.560
    33     35     41     39    790.428     36.000     -1.560
    34     36     42     40    690.187     37.000     -1.560
    35     37     43     41    686.039     38.000     -1.560
    36     38     44     42    757.517     39.000     -1.560
    37     39     45     43    712.413     40.000     -1.560
    38     40     46     44    863.172     41.000     -1.560
    39     41     47     45    981.979     42.000     -1.560
    40     42     48     46   1185.901     43.000     -1.560
     1      3     11      9    996.350      5.000     -1.950
     2      4     12     10   1112.430      6.000     -1.950
     3      5     13     11   1343.554      7.000     -1.950
     4      6     14     12   1175.574      8.000     -1.950
     5      7     15     13    913.926      9.000     -1.950
     6      8     16     14   1100.120     10.000     -1.950
     7      9     17     15   1812.279     11.000     -1.950
     8     10     18     16   2613.294     12.000     -1.950
     9     11     19     17   2611.948     13.000     -1.950
    10     12     20     18   2595.070     14.000     -1.950
    11     13     21     19   2192.384     15.000     -1.950
    12     14     22     20   1686.560     16.000     -1.950
    13     15     23     21   1593.710     17.000     -1.950
    14     16     24     22   1603.663     18.000     -1.950
    15     17     25     23   1840.915     19.000     -1.950
    16     18     26     24   1664.687     20.000     -1.950
    17     19     27     25   1917.516     21.000     -1.950
    18     20     28     26   2094.339     22.000     -1.950
    19     21     29     27   1592.014     23.000     -1.950
    20     22     30     28   1245.856     24.000     -1.950
    21     23     31     29   1069.394     25.000     -1.950
    22     24     32     30    974.815     26.000     -1.950
    23     25     33     31   1113.293     27.000     -1.950
    24     26     34     32   1129.512     28.000     -1.950
    25     27     35     33   1122.623     29.000     -1.950
    26     28     36     34   1029.886     30.000     -1.950
    27     29     37     35    800.542     31.000     -1.950
    28     30     38     36    696.091     32.000     -1.950
    29     31     39     37    673.555     33.000     -1.950
    30     32     40     38    693.829     34.000     -1.950
    31     33     41     39    757.416     35.000     -1.950
    32     34     42     40    664.428     36.000     -1.950
    33     35     43     41    544.152     37.000     -1.950
    34     36     44     42    571.303     38.000     -1.950
    35     37     45     43    557.699     39.000     -1.950
    36     38     46     44    506.054     40.000     -1.950
    37     39     47     45    530.241     41.000     -1.950
    38     40     48     46    721.628     42.000     -1.950
     1      3     13     11    813.760      6.000     -2.340
     2      4     14     12    719.451      7.000     -2.340
     3      5     15     13    747.500      8.000     -2.340
     4      6     16     14    957.449      9.000     -2.340
     5      7     17     15    904.818     10.000     -2.340
     6      8     18     16    845.415     11.000     -2.340
     7      9     19     17   1075.043     12.000     -2.340
     8     10     20     18   1535.183     13.000     -2.340
     9     11     21     19   1510.430     14.000     -2.340
    10     12     22     20   1310.798     15.000     -2.340
    11     13     23     21   1142.713     16.000     -2.340
    12     14     24     22    989.157     17.000     -2.340
    13     15     25     23   1051.104     18.000     -2.340
    14     16     26     24   1241.839     19.000     -2.340
    15     17     27     25   1473.380     20.000     -2.340
    16     18     28     26   1504.677     21.000     -2.340
    17     19     29     27   1386.091     22.000     -2.340
    18     20     30     28   1255.184     23.000     -2.340
    19     21     31     29   1041.182     24.000     -2.340
    20     22     32     30    834.054     25.000     -2.340
    21     23     33     31    742.909     26.000     -2.340
    22     24     34     32    658.536     27.000     -2.340
    23     25     35     33    575.323     28.000     -2.340
    24     26     36     34    524.743     29.000     -2.340
    25     27     37     35    542.694     30.000     -2.340
    26     28     38     36    554.284     31.000     -2.340
    27     29     39     37    459.882     32.000     -2.340
    28     30     40     38    529.145     33.000     -2.340
    29     31     41     39    520.316     34.000     -2.340
    30     32     42     40    531.165     35.000     -2.340
    31     33     43     41    553.265     36.000     -2.340
    32     34     44     42    530.268     37.000     -2.340
    33     35     45     43    496.473     38.000     -2.340
    34     36     46     44    470.817     39.000     -2.340
    35     37     47     45    416.240     40.000     -2.340
    36     38     48     46    576.284     41.000     -2.340
     1      3     15     13    467.269      7.000     -2.730
     2      4     16     14    574.283      8.000     -2.730
     3      5     17     15    721.625      9.000     -2.730
     4      6     18     16    680.155     10.000     -2.730
     5      7     19     17    524.019     11.000     -2.730
     6      8     20     18    469.623     12.000     -2.730
     7      9     21     19    615.453     13.000     -2.730
     8     10     22     20    794.017     14.000     -2.730
     9     11     23     21    755.594     15.000     -2.730
    10     12     24     22    708.753     16.000     -2.730
    11     13     25     23    695.703     17.000     -2.730
    12     14     26     24    661.450     18.000     -2.730
    13     15     27     25    865.743     19.000     -2.730
    14     16     28     26   1105.082     20.000     -2.730
    15     17     29     27   1052.633     21.000     -2.730
    16     18     30     28    868.475     22.000     -2.730
    17     19     31     29    869.372     23.000     -2.730
    18     20     32     30    864.780     24.000     -2.730
    19     21     33     31    665.461     25.000     -2.730
    20     22     34     32    507.291     26.000     -2.730
    21     23     35     33    368.908     27.000     -2.730
    22     24     36     34    310.619     28.000     -2.730
    23     25     37     35    267.501     29.000     -2.730
    24     26     38     36    271.196     30.000     -2.730
    25     27     39     37    323.916     31.000     -2.730
    26     28     40     38    393.637     32.000     -2.730
    27     29     41     39    366.227     33.000     -2.730
    28     30     42     40    316.963     34.000     -2.730
    29     31     43     41    488.547     35.000     -2.730
    30     32     44     42    481.778     36.000     -2.730
    31     33     45     43    520.504     37.000     -2.730
    32     34     46     44    281.086     38.000     -2.730
    33     35     47     45    239.315     39.000     -2.730
    34     36     48     46    435.380     40.000     -2.730
     1      4     16     13    538.118      7.500     -2.925
     2      5     17     14    649.815      8.500     -2.925
     3      6     18     15    749.918      9.500     -2.925
     4      7     19     16    612.802     10.500     -2.925
     5      8     20     17    560.282     11.500     -2.925
     6      9     21     18    643.893     12.500     -2.925
     7     10     22     19    833.369     13.500     -2.925
     8     11     23     20    828.619     14.500     -2.925
     9     12     24     21    802.629     15.500     -2.925
    10     13     25     22    713.271     16.500     -2.925
    11     14     26     23    728.975     17.500     -2.925
    12     15     27     24    798.609     18.500     -2.925
    13     16     28     25   1033.676     19.500     -2.925
    14     17     29     26   1120.857     20.500     -2.925
    15     18     30     27   1034.433     21.500     -2.925
    16     19     31     28    917.745     22.500     -2.925
    17     20     32     29    916.446     23.500     -2.925
    18     21     33     30    727.764     24.500     -2.925
    19     22     34     31    635.845     25.500     -2.925
    20     23     35     32    467.151     26.500     -2.925
    21     24     36     33    380.769     27.500     -2.925
    22     25     37     34    316.573     28.500     -2.925
    23     26     38     35    307.116     29.500     -2.925
    24     27     39     36    329.783     30.500     -2.925
    25     28     40     37    376.190     31.500     -2.925
    26     29     41     38    380.885     32.500     -2.925
    27     30     42     39    350.291     33.500     -2.925
    28     31     43     40    413.014     34.500     -2.925
    29     32     44     41    474.913     35.500     -2.925
    30     33     45     42    478.775     36.500     -2.925
    31     34     46     43    421.610     37.500     -2.925
    32     35     47     44    327.490     38.500     -2.925
    33     36     48     45    393.459     39.500     -2.925
     1      4     19     16    355.703      9.000     -3.510
     2      5     20     17    339.650     10.000     -3.510
     3      6     21     18    291.233     11.000     -3.510
     4      7     22     19    256.030     12.000     -3.510
     5      8     23     20    209.303     13.000     -3.510
     6      9     24     21    222.560     14.000     -3.510
     7     10     25     22    299.957     15.000     -3.510
     8     11     26     23    475.405     16.000     -3.510
     9     12     27     24    486.624     17.000     -3.510
    10     13     28     25    530.823     18.000     -3.510
    11     14     29     26    507.706     19.000     -3.510
    12     15     30     27    500.332     20.000     -3.510
    13     16     31     28    539.746     21.000     -3.510
    14     17     32     29    646.080     22.000     -3.510
    15     18     33     30    503.725     23.000     -3.510
    16     19     34     31    461.573     24.000     -3.510
    17     20     35     32    374.237     25.000     -3.510
    18     21     36     33    298.747     26.000     -3.510
    19     22     37     34    223.820     27.000     -3.510
    20     23     38     35    165.466     28.000     -3.510
    21     24     39     36    151.514     29.000     -3.510
    22     25     40     37    148.664     30.000     -3.510
    23     26     41     38    193.229     31.000     -3.510
    24     27     42     39    283.237     32.000     -3.510
    25     28     43     40    271.106     33.000     -3.510
    26     29     44     41    275.799     34.000     -3.510
    27     30     45     42    396.961     35.000     -3.510
    28     31     46     43    389.259     36.000     -3.510
    29     32     47     44    605.682     37.000     -3.510
    30     33     48     45    611.970     38.000     -3.510
     1      4     22     19    154.845     10.500     -4.095
     2      5     23     20    159.223     11.500     -4.095
     3      6     24     21    233.526     12.500     -4.095
     4      7     25     22    106.196     13.500     -4.095
     5      8     26     23     90.513     14.500     -4.095
     6      9     27     24    297.731     15.500     -4.095
     7     10     28     25    365.341     16.500     -4.095
     8     11     29     26    351.546     17.500     -4.095
     9     12     30     27    320.076     18.500     -4.095
    10     13     31     28    340.878     19.500     -4.095
    11     14     32     29    485.003     20.500     -4.095
    12     15     33     30    278.058     21.500     -4.095
    13     16     34     31    253.100     22.500     -4.095
    14     17     35     32    113.309     23.500     -4.095
    15     18     36     33    222.462     24.500     -4.095
    16     19     37     34    178.207     25.500     -4.095
    17     20     38     35    159.880     26.500     -4.095
    18     21     39     36    133.002     27.500     -4.095
    19     22     40     37    145.748     28.500     -4.095
    20     23     41     38    115.482     29.500     -4.095
    21     24     42     39    134.503     30.500     -4.095
    22     25     43     40    121.266     31.500     -4.095
    23     26     44     41    108.021     32.500     -4.095
    24     27     45     42    110.768     33.500     -4.095
    25     28     46     43    196.119     34.500     -4.095
    26     29     47     44    262.300     35.500     -4.095
    27     30     48     45    953.441     36.500     -4.095
     1      5     25     21     60.928     12.000     -4.680
     2      6     26     22     84.977     13.000     -4.680
     3      7     27     23     67.883     14.000     -4.680
     4      8     28     24    125.562     15.000     -4.680
     5      9     29     25    209.140     16.000     -4.680
     6     10     30     26    210.388     17.000     -4.680
     7     11     31     27    220.495     18.000     -4.680
     8     12     32     28    276.817     19.000     -4.680
     9     13     33     29    238.801     20.000     -4.680
    10     14     34     30    227.326     21.000     -4.680
    11     15     35     31    137.873     22.000     -4.680
    12     16     36     32     80.314     23.000     -4.680
    13     17     37     33    167.520     24.000     -4.680
    14     18     38     34    143.588     25.000     -4.680
    15     19     39     35    135.596     26.000     -4.680
    16     20     40     36    149.907     27.000     -4.680
    17     21     41     37    123.246     28.000     -4.680
    18     22     42     38    124.528     29.000     -4.680
    19     23     43     39    114.485     30.000     -4.680
    20     24     44     40    107.789     31.000     -4.680
    21     25     45     41     86.316     32.000     -4.680
    22     26     46     42     33.806     33.000     -4.680
    23     27     47     43    -57.393     34.000     -4.680
    24     28     48     44     53.195     35.000     -4.680
     1      5     29     25    164.026     14.000     -5.460
     2      6     30     26     96.495     15.000     -5.460
     3      7     31     27    143.627     16.000     -5.460
     4      8     32     28    153.338     17.000     -5.460
     5      9     33     29    102.760     18.000     -5.460
     6     10     34     30    149.137     19.000     -5.460
     7     11     35     31    166.491     20.000     -5.460
     8     12     36     32     63.625     21.000     -5.460
     9     13     37     33    118.172     22.000     -5.460
    10     14     38     34     89.302     23.000     -5.460
    11     15     39     35     89.909     24.000     -5.460
    12     16     40     36    134.401     25.000     -5.460
    13     17     41     37    105.953     26.000     -5.460
    14     18     42     38    122.183     27.000     -5.460
    15     19     43     39    124.690     28.000     -5.460
    16     20     44     40     92.996     29.000     -5.460
    17     21     45     41    108.487     30.000     -5.460
    18     22     46     42     91.360     31.000     -5.460
    19     23     47     43     96.374     32.000     -5.460
    20     24     48     44    120.916     33.000     -5.460
     1      6     31     26    118.614     15.000     -5.850
     2      7     32     27    144.493     16.000     -5.850
     3      8     33     28     89.245     17.000     -5.850
     4      9     34     29    106.368     18.000     -5.850
     5     10     35     30    125.293     19.000     -5.850
     6     11     36     31    151.136     20.000     -5.850
     7     12     37     32     84.389     21.000     -5.850
     8     13     38     33    108.818     22.000     -5.850
     9     14     39     34    114.643     23.000     -5.850
    10     15     40     35    115.793     24.000     -5.850
    11     16     41     36     98.395     25.000     -5.850
    12     17     42     37    105.765     26.000     -5.850
    13     18     43     38    110.194     27.000     -5.850
    14     19     44     39    126.707     28.000     -5.850
    15     20     45     40     91.571     29.000     -5.850
    16     21     46     41    103.804     30.000     -5.850
    17     22     47     42    100.619     31.000     -5.850
    18     23     48     43    230.511     32.000     -5.850
     1      6     36     31     49.656     17.500     -6.825
     2      7     37     32    -18.934     18.500     -6.825
     3      8     38     33     56.341     19.500     -6.825
     4      9     39     34     50.140     20.500     -6.825
     5     10     40     35     85.271     21.500     -6.825
     6     11     41     36     67.524     22.500     -6.825
     7     12     42     37     86.491     23.500     -6.825
     8     13     43     38     95.728     24.500     -6.825
     9     14     44     39    112.485     25.500     -6.825
    10     15     45     40     50.338     26.500     -6.825
    11     16     46     41     85.766     27.500     -6.825
    12     17     47     42    119.214     28.500     -6.825
    13     18     48     43    379.612     29.500     -6.825
     1      7     37     31     58.290     18.000     -7.020
     2      8     38     32      4.651     19.000     -7.020
     3      9     39     33     63.945     20.000     -7.020
     4     10     40     34     72.247     21.000     -7.020
     5     11     41     35     67.429     22.000     -7.020
     6     12     42     36     77.268     23.000     -7.020
     7     13     43     37     85.886     24.000     -7.020
     8     14     44     38     96.291     25.000     -7.020
     9     15     45     39     96.676     26.000     -7.020
    10     16     46     40     63.606     27.000     -7.020
    11     17     47     41    128.976     28.000     -7.020
    12     18     48     42    318.799     29.000     -7.020
     1      7     43     37     61.783     21.000     -8.190
     2      8     44     38     67.538     22.000     -8.190
     3      9     45     39     64.918     23.000     -8.190
     4     10     46     40     39.980     24.000     -8.190
     5     11     47     41     57.753     25.000     -8.190
     6     12     48     42    125.758     26.000     -8.190
     1     10     46     37     61.836     22.500     -8.775
     2     11     47     38     66.366     23.500     -8.775
     3     12     48     39    166.609     24.500     -8.775
